time,sample_idx,total_occupancy,arrival_rate_est,q0_len,q1_len,q2_len,server_busy,q0_EN,q0_EW,q0_lambda,q1_EN,q1_EW,q1_lambda,q2_EN,q2_EW,q2_lambda,system_EN,system_EW,system_lambda,little_error,system_state_id,active_policy
10.0000,1,22,2.7000,2,6,14,1,2.5245,0.0000,0.8000,3.3118,0.0000,0.9000,7.9857,0.0000,1.7000,13.8219,0.0000,3.4000,13.8219,12,0
20.0000,2,38,2.7000,0,15,23,1,6.7790,0.0000,0.7500,9.9328,0.0000,1.0000,14.9699,0.0000,1.3000,31.6817,0.0000,3.0500,31.6817,21,0
30.0000,3,62,2.7000,0,31,31,1,11.2329,0.0000,0.8000,15.3382,0.0000,1.3333,18.7421,0.0000,1.1333,45.3132,0.0000,3.2667,45.3132,24,0
40.0000,4,86,2.7000,2,41,43,1,14.1283,0.0000,0.8250,23.1109,0.0000,1.2500,22.2458,0.0000,1.1500,59.4850,0.0000,3.2250,59.4850,24,0
50.0000,5,101,2.7000,3,46,52,1,20.7657,0.0000,0.9000,29.5192,0.0000,1.1400,28.2748,0.0000,1.1000,78.5597,0.0000,3.1400,78.5597,24,0
60.0000,6,109,2.7000,0,44,65,1,24.4151,0.0000,0.8500,32.9089,0.0000,1.0500,34.9577,0.0000,1.1333,92.2817,0.0000,3.0333,92.2817,24,0
70.0000,7,127,2.7000,2,49,76,1,29.5584,0.0000,0.8429,38.0178,0.0000,1.0714,39.5652,0.0000,1.1286,107.1414,0.0000,3.0429,107.1414,24,0
80.0000,8,147,2.7000,1,55,91,1,33.4123,0.0000,0.8500,43.9469,0.0000,1.0625,44.9796,0.0000,1.1750,122.3387,0.0000,3.0875,122.3387,24,0
90.0000,9,160,2.7000,0,58,102,1,36.0374,0.0000,0.8111,49.2652,0.0000,1.0556,52.4436,0.0000,1.1667,137.7461,0.0000,3.0333,137.7461,24,0
100.0000,10,182,2.7000,3,66,113,1,41.0466,0.0000,0.8400,53.8746,0.0000,1.0600,57.0891,0.0000,1.1600,152.0103,0.0000,3.0600,152.0103,24,0
110.0000,11,206,2.7000,7,74,125,1,44.3243,0.0000,0.8636,58.4591,0.0000,1.0364,63.2281,0.0000,1.1636,166.0115,0.0000,3.0636,166.0115,25,0
120.0000,12,210,2.7000,2,76,132,1,50.4373,0.0000,0.8417,62.6273,0.0000,1.0167,69.4397,0.0000,1.1250,182.5043,0.0000,2.9833,182.5043,24,0
130.0000,13,226,2.7000,1,81,144,1,53.8178,0.0000,0.8385,68.8606,0.0000,1.0000,72.6435,0.0000,1.1308,195.3220,0.0000,2.9692,195.3220,24,0
140.0000,14,243,2.7000,1,86,156,1,59.0480,0.0000,0.8500,73.0450,0.0000,0.9929,80.7096,0.0000,1.1357,212.8027,0.0000,2.9786,212.8027,24,0
150.0000,15,266,2.7000,3,97,166,1,63.2415,0.0000,0.8667,77.9183,0.0000,1.0067,84.5346,0.0000,1.1267,225.6945,0.0000,3.0000,225.6945,24,0
160.0000,16,279,2.7000,1,102,176,1,66.1674,0.0000,0.8562,81.7912,0.0000,0.9938,91.4776,0.0000,1.1187,239.4362,0.0000,2.9688,239.4362,24,0
170.0000,17,294,2.7000,0,105,189,1,68.6996,0.0000,0.8588,87.5719,0.0000,0.9882,95.1493,0.0000,1.1294,251.4207,0.0000,2.9765,251.4207,24,0
180.0000,18,311,2.7000,3,109,199,1,75.6697,0.0000,0.8556,91.6980,0.0000,0.9722,101.6472,0.0000,1.1222,269.0149,0.0000,2.9500,269.0149,24,0
190.0000,19,325,2.7000,5,116,204,1,80.5001,0.0000,0.8632,97.0729,0.0000,0.9579,104.1185,0.0000,1.0895,281.6915,0.0000,2.9105,281.6915,24,0
200.0000,20,340,2.7000,4,122,214,1,84.3739,0.0000,0.8800,97.6814,0.0000,0.9400,112.7842,0.0000,1.0850,294.8394,0.0000,2.9050,294.8394,24,0
210.0000,21,355,2.7000,0,132,223,1,89.0621,0.0000,0.8762,105.7063,0.0000,0.9619,116.1726,0.0000,1.0762,310.9410,0.0000,2.9143,310.9410,24,0
220.0000,22,370,2.7000,4,137,229,1,93.8186,0.0000,0.8727,109.9043,0.0000,0.9409,122.8867,0.0000,1.0545,326.6096,0.0000,2.8682,326.6096,24,0
230.0000,23,385,2.7000,4,146,235,1,97.8787,0.0000,0.8739,114.6600,0.0000,0.9435,128.2093,0.0000,1.0348,340.7480,0.0000,2.8522,340.7480,24,0
240.0000,24,401,2.7000,2,153,246,1,102.1392,0.0000,0.8708,116.5414,0.0000,0.9375,132.9519,0.0000,1.0375,351.6325,0.0000,2.8458,351.6325,24,0
250.0000,25,417,2.7000,1,164,252,1,107.4123,0.0000,0.8720,122.3322,0.0000,0.9520,136.3099,0.0000,1.0200,366.0544,0.0000,2.8440,366.0544,24,0
260.0000,26,437,2.7000,2,175,260,1,111.3336,0.0000,0.8654,127.1997,0.0000,0.9577,142.0675,0.0000,1.0115,380.6009,0.0000,2.8346,380.6009,24,0
270.0000,27,458,2.7000,0,185,273,1,115.1416,0.0000,0.8519,132.9188,0.0000,0.9630,147.2436,0.0000,1.0222,395.3040,0.0000,2.8370,395.3040,24,0
280.0000,28,470,2.7000,0,192,278,1,119.4989,0.0000,0.8429,137.5381,0.0000,0.9714,151.7381,0.0000,1.0036,408.7752,0.0000,2.8179,408.7751,24,0
290.0000,29,487,2.7000,4,192,291,1,123.5841,0.0000,0.8517,141.8904,0.0000,0.9621,156.6155,0.0000,1.0138,422.0900,0.0000,2.8276,422.0900,24,0
300.0000,30,500,2.7000,1,196,303,1,127.9696,0.0000,0.8467,146.8857,0.0000,0.9500,161.3867,0.0000,1.0200,436.2419,0.0000,2.8167,436.2419,24,0
310.0000,31,526,2.7000,8,206,312,1,132.0452,0.0000,0.8645,151.5206,0.0000,0.9516,165.4290,0.0000,1.0161,448.9948,0.0000,2.8323,448.9948,25,0
320.0000,32,545,2.7000,10,215,320,1,136.5194,0.0000,0.8625,155.6202,0.0000,0.9500,168.4645,0.0000,1.0094,460.6041,0.0000,2.8219,460.6041,25,0
330.0000,33,563,2.7000,7,221,335,1,137.6841,0.0000,0.8576,160.7496,0.0000,0.9394,175.4798,0.0000,1.0242,473.9134,0.0000,2.8212,473.9134,25,0
340.0000,34,580,2.7000,7,228,345,1,145.8726,0.0000,0.8559,163.4046,0.0000,0.9324,180.8873,0.0000,1.0235,490.1645,0.0000,2.8118,490.1646,25,0
350.0000,35,602,2.7000,2,240,360,1,150.0136,0.0000,0.8514,169.2943,0.0000,0.9400,184.3960,0.0000,1.0371,503.7038,0.0000,2.8286,503.7039,24,0
360.0000,36,622,2.7000,2,246,374,1,152.2879,0.0000,0.8444,173.1496,0.0000,0.9417,190.9157,0.0000,1.0472,516.3532,0.0000,2.8333,516.3532,24,0
370.0000,37,639,2.7000,1,256,382,1,157.6352,0.0000,0.8297,179.0077,0.0000,0.9595,195.9848,0.0000,1.0405,532.6277,0.0000,2.8297,532.6277,24,0
380.0000,38,656,2.7000,6,265,385,1,162.3939,0.0000,0.8342,183.5400,0.0000,0.9579,200.6618,0.0000,1.0211,546.5957,0.0000,2.8132,546.5957,25,0
390.0000,39,679,2.7000,5,275,399,1,164.7572,0.0000,0.8359,188.1195,0.0000,0.9590,205.6673,0.0000,1.0308,558.5439,0.0000,2.8256,558.5439,24,0
400.0000,40,692,2.7000,3,283,406,1,170.4118,0.0000,0.8350,192.8160,0.0000,0.9550,210.0615,0.0000,1.0225,573.2892,0.0000,2.8125,573.2892,24,0
410.0000,41,712,2.7000,1,293,418,1,174.1346,0.0000,0.8366,197.9142,0.0000,0.9561,215.8838,0.0000,1.0268,587.9326,0.0000,2.8195,587.9326,24,0
420.0000,42,730,2.7000,2,301,427,1,177.8814,0.0000,0.8405,202.5373,0.0000,0.9571,219.4775,0.0000,1.0238,599.8962,0.0000,2.8214,599.8962,24,0
430.0000,43,745,2.7000,1,311,433,1,182.4099,0.0000,0.8395,205.9079,0.0000,0.9605,222.6808,0.0000,1.0140,610.9986,0.0000,2.8140,610.9986,24,0
440.0000,44,762,2.7000,1,319,442,1,186.5140,0.0000,0.8409,210.7502,0.0000,0.9568,229.1048,0.0000,1.0114,626.3690,0.0000,2.8091,626.3690,24,0
450.0000,45,773,2.7000,1,323,449,1,187.0944,0.0000,0.8378,214.9666,0.0000,0.9444,235.3510,0.0000,1.0044,637.4121,0.0000,2.7867,637.4120,24,0
460.0000,46,789,2.7000,3,327,459,1,194.0843,0.0000,0.8435,220.9788,0.0000,0.9391,240.0151,0.0000,1.0043,655.0781,0.0000,2.7870,655.0781,24,0
470.0000,47,802,2.7000,0,333,469,1,199.2146,0.0000,0.8426,226.0523,0.0000,0.9383,244.9786,0.0000,1.0043,670.2455,0.0000,2.7851,670.2455,24,0
480.0000,48,808,2.7000,0,336,472,1,203.2927,0.0000,0.8417,230.4592,0.0000,0.9417,249.4423,0.0000,0.9896,683.1943,0.0000,2.7729,683.1943,24,0
490.0000,49,837,2.7000,7,346,484,1,207.3351,0.0000,0.8592,234.8448,0.0000,0.9429,254.1482,0.0000,0.9939,696.3281,0.0000,2.7959,696.3281,25,0
500.0000,50,846,2.7000,4,352,490,1,211.7711,0.0000,0.8680,239.0494,0.0000,0.9360,257.0509,0.0000,0.9860,707.8713,0.0000,2.7900,707.8713,24,0
510.0000,51,871,2.7000,1,365,505,1,216.6795,0.0000,0.8667,244.4403,0.0000,0.9431,263.2012,0.0000,0.9961,724.3209,0.0000,2.8059,724.3209,24,0
520.0000,52,876,2.7000,0,363,513,1,220.2888,0.0000,0.8558,248.3825,0.0000,0.9385,268.6089,0.0000,0.9923,737.2802,0.0000,2.7865,737.2802,24,0
530.0000,53,895,2.7000,2,374,519,1,223.3312,0.0000,0.8623,252.0540,0.0000,0.9415,271.5437,0.0000,0.9849,746.9289,0.0000,2.7887,746.9289,24,0
540.0000,54,925,2.7000,10,385,530,1,229.4687,0.0000,0.8741,257.2294,0.0000,0.9444,276.7284,0.0000,0.9870,763.4265,0.0000,2.8056,763.4265,25,0
550.0000,55,944,2.7000,8,395,541,1,233.7318,0.0000,0.8727,262.5541,0.0000,0.9455,283.0787,0.0000,0.9891,779.3646,0.0000,2.8073,779.3646,25,0
560.0000,56,972,2.7000,15,404,553,1,238.7064,0.0000,0.8875,264.8317,0.0000,0.9446,285.7826,0.0000,0.9929,789.3207,0.0000,2.8250,789.3207,25,0
570.0000,57,993,2.7000,13,417,563,1,242.8689,0.0000,0.8912,271.5791,0.0000,0.9509,290.8328,0.0000,0.9930,805.2808,0.0000,2.8351,805.2808,25,0
580.0000,58,1008,2.7000,12,423,573,1,247.5317,0.0000,0.8862,276.7545,0.0000,0.9448,295.7232,0.0000,0.9931,820.0093,0.0000,2.8241,820.0093,25,0
590.0000,59,1030,2.7000,15,430,585,1,252.2002,0.0000,0.8898,280.7252,0.0000,0.9407,302.2385,0.0000,0.9966,835.1638,0.0000,2.8271,835.1638,25,0
600.0000,60,1039,2.7000,4,440,595,1,255.6024,0.0000,0.8800,286.0907,0.0000,0.9417,307.0455,0.0000,0.9967,848.7386,0.0000,2.8183,848.7386,24,0
610.0000,61,1056,2.7000,3,450,603,1,261.6483,0.0000,0.8803,290.0280,0.0000,0.9426,311.7614,0.0000,0.9934,863.4378,0.0000,2.8164,863.4378,24,0
620.0000,62,1072,2.7000,8,454,610,1,266.0193,0.0000,0.8887,294.9090,0.0000,0.9339,316.1474,0.0000,0.9887,877.0757,0.0000,2.8113,877.0757,25,0
630.0000,63,1099,2.7000,8,469,622,1,269.2642,0.0000,0.8873,299.9382,0.0000,0.9429,321.0085,0.0000,0.9921,890.2109,0.0000,2.8222,890.2109,25,0
640.0000,64,1113,2.7000,7,476,630,1,275.6101,0.0000,0.8859,303.8729,0.0000,0.9391,325.6795,0.0000,0.9891,905.1625,0.0000,2.8141,905.1625,25,0
650.0000,65,1139,2.7000,10,485,644,1,279.6470,0.0000,0.8846,307.9611,0.0000,0.9385,330.8685,0.0000,0.9954,918.4766,0.0000,2.8185,918.4766,25,0
660.0000,66,1158,2.7000,13,493,652,1,281.9438,0.0000,0.8833,312.2274,0.0000,0.9364,332.8562,0.0000,0.9924,927.0274,0.0000,2.8121,927.0273,25,0
670.0000,67,1165,2.7000,5,503,657,1,286.2098,0.0000,0.8791,317.8585,0.0000,0.9373,339.4450,0.0000,0.9851,943.5133,0.0000,2.8015,943.5133,24,0
680.0000,68,1183,2.7000,4,514,665,1,292.4480,0.0000,0.8735,322.6007,0.0000,0.9397,345.2094,0.0000,0.9824,960.2580,0.0000,2.7956,960.2581,24,0
690.0000,69,1200,2.7000,4,522,674,1,297.1208,0.0000,0.8710,327.7977,0.0000,0.9377,349.8623,0.0000,0.9812,974.7809,0.0000,2.7899,974.7809,24,0
700.0000,70,1218,2.7000,4,529,685,1,301.3159,0.0000,0.8686,331.2650,0.0000,0.9357,354.2625,0.0000,0.9829,986.8435,0.0000,2.7871,986.8434,24,0
710.0000,71,1237,2.7000,2,535,700,1,305.1356,0.0000,0.8648,334.0200,0.0000,0.9310,359.0227,0.0000,0.9901,998.1783,0.0000,2.7859,998.1783,24,0
720.0000,72,1262,2.7000,2,552,708,1,309.9000,0.0000,0.8639,340.9151,0.0000,0.9417,364.2805,0.0000,0.9875,1015.0957,0.0000,2.7931,1015.0956,24,0
730.0000,73,1278,2.7000,3,559,716,1,314.7639,0.0000,0.8630,345.9061,0.0000,0.9425,369.0025,0.0000,0.9849,1029.6725,0.0000,2.7904,1029.6725,24,0
740.0000,74,1293,2.7000,0,568,725,1,317.6441,0.0000,0.8608,348.7382,0.0000,0.9432,374.0872,0.0000,0.9838,1040.4695,0.0000,2.7878,1040.4695,24,0
750.0000,75,1304,2.7000,0,574,730,1,320.5506,0.0000,0.8587,355.8536,0.0000,0.9453,378.8440,0.0000,0.9773,1055.2482,0.0000,2.7813,1055.2482,24,0
760.0000,76,1329,2.7000,5,583,741,1,328.0098,0.0000,0.8592,359.3563,0.0000,0.9461,383.4642,0.0000,0.9789,1070.8303,0.0000,2.7842,1070.8303,24,0
770.0000,77,1348,2.7000,5,588,755,1,331.8538,0.0000,0.8597,363.9317,0.0000,0.9429,388.0553,0.0000,0.9844,1083.8408,0.0000,2.7870,1083.8408,24,0
780.0000,78,1371,2.7000,4,603,764,1,333.7327,0.0000,0.8603,368.4018,0.0000,0.9500,391.8685,0.0000,0.9833,1094.0029,0.0000,2.7936,1094.0029,24,0
790.0000,79,1392,2.7000,2,616,774,1,340.6742,0.0000,0.8582,374.4371,0.0000,0.9544,398.0332,0.0000,0.9835,1113.1445,0.0000,2.7962,1113.1445,24,0
800.0000,80,1408,2.7000,1,621,786,1,345.2790,0.0000,0.8650,379.0573,0.0000,0.9525,402.2561,0.0000,0.9862,1126.5925,0.0000,2.8037,1126.5924,24,0
810.0000,81,1424,2.7000,4,627,793,1,349.7683,0.0000,0.8667,382.3642,0.0000,0.9481,403.2144,0.0000,0.9827,1135.3469,0.0000,2.7975,1135.3469,24,0
820.0000,82,1431,2.7000,2,634,795,1,353.2050,0.0000,0.8646,388.9153,0.0000,0.9524,411.3099,0.0000,0.9732,1153.4302,0.0000,2.7902,1153.4302,24,0
830.0000,83,1452,2.7000,0,644,808,1,357.5391,0.0000,0.8651,391.8396,0.0000,0.9554,415.8557,0.0000,0.9771,1165.2344,0.0000,2.7976,1165.2345,24,0
840.0000,84,1471,2.7000,3,649,819,1,361.9137,0.0000,0.8667,396.6359,0.0000,0.9548,421.2715,0.0000,0.9786,1179.8210,0.0000,2.8000,1179.8210,24,0
850.0000,85,1489,2.7000,3,657,829,1,364.4208,0.0000,0.8671,402.7626,0.0000,0.9529,425.6213,0.0000,0.9788,1192.8046,0.0000,2.7988,1192.8046,24,0
860.0000,86,1508,2.7000,1,669,838,1,371.1787,0.0000,0.8651,408.0406,0.0000,0.9570,431.4895,0.0000,0.9779,1210.7088,0.0000,2.8000,1210.7089,24,0
870.0000,87,1522,2.7000,0,675,847,1,375.1024,0.0000,0.8644,412.8953,0.0000,0.9563,433.9052,0.0000,0.9770,1221.9029,0.0000,2.7977,1221.9030,24,0
880.0000,88,1538,2.7000,2,677,859,1,379.0531,0.0000,0.8659,417.0387,0.0000,0.9545,440.6469,0.0000,0.9795,1236.7387,0.0000,2.8000,1236.7386,24,0
890.0000,89,1549,2.7000,3,681,865,1,384.0262,0.0000,0.8640,420.8452,0.0000,0.9528,445.1092,0.0000,0.9753,1249.9805,0.0000,2.7921,1249.9806,24,0
900.0000,90,1563,2.7000,2,687,874,1,388.6307,0.0000,0.8622,427.4287,0.0000,0.9567,449.7115,0.0000,0.9744,1265.7709,0.0000,2.7933,1265.7709,24,0
910.0000,91,1573,2.7000,1,694,878,1,392.5887,0.0000,0.8593,430.2675,0.0000,0.9571,449.8291,0.0000,0.9681,1272.6854,0.0000,2.7846,1272.6854,24,0
920.0000,92,1584,2.7000,0,700,884,1,393.7124,0.0000,0.8598,436.3422,0.0000,0.9554,458.8712,0.0000,0.9641,1288.9258,0.0000,2.7793,1288.9258,24,0
930.0000,93,1601,2.7000,1,704,896,1,400.6912,0.0000,0.8591,441.5436,0.0000,0.9527,464.4133,0.0000,0.9667,1306.6480,0.0000,2.7785,1306.6479,24,0
940.0000,94,1609,2.7000,0,707,902,1,405.1592,0.0000,0.8596,446.5330,0.0000,0.9489,468.2004,0.0000,0.9628,1319.8925,0.0000,2.7713,1319.8925,24,0
950.0000,95,1629,2.7000,1,716,912,1,409.4209,0.0000,0.8589,450.3076,0.0000,0.9484,473.2140,0.0000,0.9632,1332.9425,0.0000,2.7705,1332.9425,24,0
960.0000,96,1647,2.7000,1,726,920,1,413.8295,0.0000,0.8583,454.5089,0.0000,0.9500,477.3212,0.0000,0.9615,1345.6596,0.0000,2.7698,1345.6597,24,0
970.0000,97,1656,2.7000,1,729,926,1,418.4869,0.0000,0.8567,460.7414,0.0000,0.9495,480.2431,0.0000,0.9577,1359.4713,0.0000,2.7639,1359.4713,24,0
980.0000,98,1672,2.7000,0,739,933,1,421.3263,0.0000,0.8531,465.0680,0.0000,0.9500,487.4549,0.0000,0.9551,1373.8492,0.0000,2.7582,1373.8492,24,0
990.0000,99,1690,2.7000,3,746,941,1,426.7637,0.0000,0.8556,468.7345,0.0000,0.9505,490.4887,0.0000,0.9535,1385.9869,0.0000,2.7596,1385.9868,24,0
1000.0000,100,1714,2.7000,7,754,953,1,430.8603,0.0000,0.8590,475.0046,0.0000,0.9510,495.9415,0.0000,0.9560,1401.8064,0.0000,2.7660,1401.8064,25,0
1010.0000,101,1734,2.7000,10,764,960,1,435.3028,0.0000,0.8604,476.4348,0.0000,0.9515,499.8905,0.0000,0.9535,1411.6281,0.0000,2.7653,1411.6282,25,0
1020.0000,102,1744,2.7000,3,772,969,1,439.7896,0.0000,0.8627,484.3811,0.0000,0.9500,505.5345,0.0000,0.9529,1429.7051,0.0000,2.7657,1429.7051,24,0
1030.0000,103,1752,2.7000,1,776,975,1,442.8015,0.0000,0.8660,489.1247,0.0000,0.9456,507.8518,0.0000,0.9495,1439.7781,0.0000,2.7612,1439.7781,24,0
1040.0000,104,1780,2.7000,11,784,985,1,447.6818,0.0000,0.8740,492.8942,0.0000,0.9442,515.0556,0.0000,0.9500,1455.6316,0.0000,2.7683,1455.6316,25,0
1050.0000,105,1797,2.7000,15,790,992,1,452.2742,0.0000,0.8752,498.4530,0.0000,0.9410,518.6313,0.0000,0.9476,1469.3585,0.0000,2.7638,1469.3585,25,0
1060.0000,106,1809,2.7000,11,798,1000,1,455.8435,0.0000,0.8745,503.0229,0.0000,0.9396,521.3342,0.0000,0.9462,1480.2006,0.0000,2.7604,1480.2006,25,0
1070.0000,107,1822,2.7000,14,808,1000,1,461.8495,0.0000,0.8738,504.7973,0.0000,0.9402,516.4619,0.0000,0.9374,1483.1086,0.0000,2.7514,1483.1086,25,0
1080.0000,108,1828,2.7000,9,819,1000,1,464.1144,0.0000,0.8731,512.7944,0.0000,0.9417,511.6799,0.0000,0.9287,1488.5886,0.0000,2.7435,1488.5886,25,0
1090.0000,109,1828,2.7000,3,825,1000,1,468.0361,0.0000,0.8706,516.2873,0.0000,0.9385,506.9856,0.0000,0.9202,1491.3090,0.0000,2.7294,1491.3090,24,0
1100.0000,110,1833,2.7000,2,831,1000,1,474.6661,0.0000,0.8700,521.1543,0.0000,0.9391,502.3766,0.0000,0.9118,1498.1970,0.0000,2.7209,1498.1970,24,0
1110.0000,111,1835,2.7000,0,835,1000,1,479.4327,0.0000,0.8685,526.6287,0.0000,0.9378,497.8507,0.0000,0.9036,1503.9121,0.0000,2.7099,1503.9121,24,0
1120.0000,112,1832,2.7000,0,832,1000,1,475.1520,0.0000,0.8607,531.3518,0.0000,0.9375,493.4056,0.0000,0.8955,1499.9094,0.0000,2.6938,1499.9094,24,0
1130.0000,113,1832,2.7000,1,831,1000,1,487.6904,0.0000,0.8575,534.7000,0.0000,0.9363,489.0392,0.0000,0.8876,1511.4296,0.0000,2.6814,1511.4296,24,0
1140.0000,114,1840,2.7000,3,837,1000,1,491.9009,0.0000,0.8570,540.3317,0.0000,0.9351,484.7493,0.0000,0.8798,1516.9820,0.0000,2.6719,1516.9821,24,0
1150.0000,115,1856,2.7000,8,848,1000,1,495.9736,0.0000,0.8583,545.1628,0.0000,0.9365,480.5341,0.0000,0.8722,1521.6706,0.0000,2.6670,1521.6705,25,0
1160.0000,116,1857,2.7000,0,857,1000,1,497.9714,0.0000,0.8534,549.6836,0.0000,0.9388,476.3916,0.0000,0.8647,1524.0466,0.0000,2.6569,1524.0465,24,0
1170.0000,117,1871,2.7000,10,861,1000,1,504.4403,0.0000,0.8590,554.1510,0.0000,0.9368,472.3199,0.0000,0.8573,1530.9112,0.0000,2.6530,1530.9111,25,0
1180.0000,118,1884,2.7000,12,872,1000,1,509.0210,0.0000,0.8576,557.0913,0.0000,0.9381,468.3172,0.0000,0.8500,1534.4295,0.0000,2.6458,1534.4296,25,0
1190.0000,119,1897,2.7000,16,881,1000,1,512.8452,0.0000,0.8605,563.3189,0.0000,0.9378,464.3817,0.0000,0.8429,1540.5459,0.0000,2.6412,1540.5459,25,0
1200.0000,120,1901,2.7000,12,889,1000,1,517.7727,0.0000,0.8575,565.3734,0.0000,0.9367,460.5119,0.0000,0.8358,1543.6580,0.0000,2.6300,1543.6580,25,0
1210.0000,121,1912,2.7000,9,903,1000,1,520.2501,0.0000,0.8562,572.8905,0.0000,0.9405,456.7060,0.0000,0.8289,1549.8466,0.0000,2.6256,1549.8467,25,0
1220.0000,122,1925,2.7000,10,915,1000,1,526.3753,0.0000,0.8574,576.8976,0.0000,0.9426,452.9625,0.0000,0.8221,1556.2354,0.0000,2.6221,1556.2355,25,0
1230.0000,123,1941,2.7000,16,925,1000,1,529.8953,0.0000,0.8618,581.6224,0.0000,0.9431,449.2799,0.0000,0.8154,1560.7975,0.0000,2.6203,1560.7975,25,0
1240.0000,124,1942,2.7000,8,934,1000,1,532.9933,0.0000,0.8597,585.6787,0.0000,0.9427,445.6567,0.0000,0.8089,1564.3286,0.0000,2.6113,1564.3286,25,0
1250.0000,125,1948,2.7000,6,942,1000,1,534.9819,0.0000,0.8584,590.5025,0.0000,0.9416,442.0914,0.0000,0.8024,1567.5757,0.0000,2.6024,1567.5757,25,0
1260.0000,126,1967,2.7000,16,951,1000,1,543.4991,0.0000,0.8651,596.3170,0.0000,0.9413,438.5827,0.0000,0.7960,1578.3988,0.0000,2.6024,1578.3988,25,0
1270.0000,127,1982,2.7000,15,967,1000,1,547.4122,0.0000,0.8622,600.0269,0.0000,0.9465,435.1293,0.0000,0.7898,1582.5685,0.0000,2.5984,1582.5685,25,0
1280.0000,128,1995,2.7000,19,976,1000,1,551.6081,0.0000,0.8633,604.4900,0.0000,0.9461,431.7299,0.0000,0.7836,1587.8280,0.0000,2.5930,1587.8280,25,0
1290.0000,129,2003,2.7000,19,984,1000,1,556.4354,0.0000,0.8636,610.4905,0.0000,0.9450,428.3831,0.0000,0.7775,1595.3091,0.0000,2.5860,1595.3091,25,0
1300.0000,130,2003,2.7000,12,991,1000,1,558.6381,0.0000,0.8631,614.1317,0.0000,0.9431,425.0879,0.0000,0.7715,1597.8577,0.0000,2.5777,1597.8577,25,0
1310.0000,131,2012,2.7000,12,1000,1000,1,564.4033,0.0000,0.8634,615.5089,0.0000,0.9427,421.8429,0.0000,0.7656,1601.7551,0.0000,2.5718,1601.7551,25,0
1320.0000,132,2008,2.7000,8,1000,1000,1,568.6275,0.0000,0.8652,610.8459,0.0000,0.9356,418.6472,0.0000,0.7598,1598.1206,0.0000,2.5606,1598.1206,25,0
1330.0000,133,2005,2.7000,5,1000,1000,1,573.8432,0.0000,0.8639,606.2531,0.0000,0.9286,415.4994,0.0000,0.7541,1595.5957,0.0000,2.5466,1595.5957,24,0
1340.0000,134,2000,2.7000,1,999,1000,1,577.8409,0.0000,0.8642,633.2378,0.0000,0.9246,412.3987,0.0000,0.7485,1623.4774,0.0000,2.5373,1623.4774,24,0
1350.0000,135,2003,2.7000,3,1000,1000,1,580.7652,0.0000,0.8615,632.2862,0.0000,0.9207,409.3439,0.0000,0.7430,1622.3953,0.0000,2.5252,1622.3953,24,0
1360.0000,136,2004,2.7000,4,1000,1000,1,586.7355,0.0000,0.8610,627.6371,0.0000,0.9140,406.3340,0.0000,0.7375,1620.7065,0.0000,2.5125,1620.7065,24,0
1370.0000,137,2004,2.7000,4,1000,1000,1,591.0580,0.0000,0.8650,623.0558,0.0000,0.9073,403.3681,0.0000,0.7321,1617.4818,0.0000,2.5044,1617.4818,24,0
1380.0000,138,2004,2.7000,4,1000,1000,1,595.0227,0.0000,0.8645,618.5409,0.0000,0.9007,400.4451,0.0000,0.7268,1614.0087,0.0000,2.4920,1614.0088,24,0
1390.0000,139,2007,2.7000,7,1000,1000,1,599.6092,0.0000,0.8669,614.0909,0.0000,0.8942,397.5642,0.0000,0.7216,1611.2643,0.0000,2.4827,1611.2643,25,0
1400.0000,140,2008,2.7000,8,1000,1000,1,603.8300,0.0000,0.8657,609.7046,0.0000,0.8879,394.7245,0.0000,0.7164,1608.2591,0.0000,2.4700,1608.2590,25,0
1410.0000,141,2015,2.7000,15,1000,1000,1,606.8037,0.0000,0.8674,605.3804,0.0000,0.8816,391.9250,0.0000,0.7113,1604.1092,0.0000,2.4603,1604.1091,25,0
1420.0000,142,2020,2.7000,20,1000,1000,1,610.5119,0.0000,0.8662,601.1172,0.0000,0.8754,389.1650,0.0000,0.7063,1600.7940,0.0000,2.4479,1600.7941,25,0
1430.0000,143,2013,2.7000,13,1000,1000,1,616.9838,0.0000,0.8685,596.9136,0.0000,0.8692,386.4435,0.0000,0.7014,1600.3409,0.0000,2.4392,1600.3409,25,0
1440.0000,144,2015,2.7000,15,1000,1000,1,620.0409,0.0000,0.8701,592.7683,0.0000,0.8632,383.7599,0.0000,0.6965,1596.5692,0.0000,2.4299,1596.5692,25,0
1450.0000,145,2015,2.7000,15,1000,1000,1,625.9093,0.0000,0.8724,588.6803,0.0000,0.8572,381.1133,0.0000,0.6917,1595.7029,0.0000,2.4214,1595.7029,25,0
1460.0000,146,2016,2.7000,16,1000,1000,1,629.9091,0.0000,0.8733,584.6482,0.0000,0.8514,378.5029,0.0000,0.6870,1593.0603,0.0000,2.4116,1593.0603,25,0
1470.0000,147,2012,2.7000,12,1000,1000,1,632.3369,0.0000,0.8714,580.6710,0.0000,0.8456,375.9281,0.0000,0.6823,1588.9360,0.0000,2.3993,1588.9360,25,0
1480.0000,148,2006,2.7000,6,1000,1000,1,639.1069,0.0000,0.8696,576.7476,0.0000,0.8399,373.3880,0.0000,0.6777,1589.2425,0.0000,2.3872,1589.2424,25,0
1490.0000,149,2008,2.7000,8,1000,1000,1,642.4582,0.0000,0.8705,572.8768,0.0000,0.8342,370.8821,0.0000,0.6732,1586.2170,0.0000,2.3779,1586.2170,25,0
1500.0000,150,2010,2.7000,10,1000,1000,1,647.4558,0.0000,0.8693,569.0576,0.0000,0.8287,368.4095,0.0000,0.6687,1584.9229,0.0000,2.3667,1584.9229,25,0
1510.0000,151,2011,2.7000,11,1000,1000,1,651.5793,0.0000,0.8722,565.2890,0.0000,0.8232,365.9697,0.0000,0.6642,1582.8380,0.0000,2.3596,1582.8380,25,0
1520.0000,152,2013,2.7000,13,1000,1000,1,656.5572,0.0000,0.8717,561.5700,0.0000,0.8178,363.5620,0.0000,0.6599,1581.6892,0.0000,2.3493,1581.6892,25,0
1530.0000,153,2010,2.7000,10,1000,1000,1,656.8170,0.0000,0.8706,557.8996,0.0000,0.8124,361.1858,0.0000,0.6556,1575.9024,0.0000,2.3386,1575.9023,25,0
1540.0000,154,2005,2.7000,5,1000,1000,1,664.7528,0.0000,0.8708,554.2769,0.0000,0.8071,358.8404,0.0000,0.6513,1577.8701,0.0000,2.3292,1577.8701,24,0
1550.0000,155,2010,2.7000,10,1000,1000,1,668.7872,0.0000,0.8729,550.7009,0.0000,0.8019,356.5253,0.0000,0.6471,1576.0135,0.0000,2.3219,1576.0134,25,0
1560.0000,156,2010,2.7000,10,1000,1000,1,673.5937,0.0000,0.8737,547.1708,0.0000,0.7968,354.2399,0.0000,0.6429,1575.0044,0.0000,2.3135,1575.0044,25,0
1570.0000,157,2015,2.7000,15,1000,1000,1,677.8567,0.0000,0.8764,543.6856,0.0000,0.7917,351.9836,0.0000,0.6389,1573.5259,0.0000,2.3070,1573.5259,25,0
1580.0000,158,2019,2.7000,19,1000,1000,1,682.5925,0.0000,0.8766,540.2446,0.0000,0.7867,349.7559,0.0000,0.6348,1572.5929,0.0000,2.2981,1572.5929,25,0
1590.0000,159,2019,2.7000,19,1000,1000,1,686.3133,0.0000,0.8780,536.8468,0.0000,0.7818,347.5561,0.0000,0.6308,1570.7162,0.0000,2.2906,1570.7162,25,0
1600.0000,160,2020,2.7000,20,1000,1000,1,691.9762,0.0000,0.8775,533.4915,0.0000,0.7769,345.3839,0.0000,0.6269,1570.8516,0.0000,2.2812,1570.8517,25,0
1610.0000,161,2011,2.7000,11,1000,1000,1,694.2284,0.0000,0.8752,530.1779,0.0000,0.7720,343.2387,0.0000,0.6230,1567.6450,0.0000,2.2702,1567.6450,25,0
1620.0000,162,2011,2.7000,11,1000,1000,1,699.8784,0.0000,0.8728,526.9052,0.0000,0.7673,341.1199,0.0000,0.6191,1567.9035,0.0000,2.2593,1567.9036,25,0
1630.0000,163,2016,2.7000,16,1000,1000,1,705.2965,0.0000,0.8736,523.6726,0.0000,0.7626,339.0272,0.0000,0.6153,1567.9963,0.0000,2.2515,1567.9963,25,0
1640.0000,164,2019,2.7000,19,1000,1000,1,709.0370,0.0000,0.8750,520.4795,0.0000,0.7579,336.9599,0.0000,0.6116,1566.4764,0.0000,2.2445,1566.4764,25,0
1650.0000,165,2021,2.7000,21,1000,1000,1,712.5454,0.0000,0.8758,517.3251,0.0000,0.7533,334.9177,0.0000,0.6079,1564.7882,0.0000,2.2370,1564.7882,26,0
1660.0000,166,2027,2.7000,27,1000,1000,1,718.3670,0.0000,0.8783,514.2087,0.0000,0.7488,332.9002,0.0000,0.6042,1565.4758,0.0000,2.2313,1565.4758,26,0
1670.0000,167,2026,2.7000,26,1000,1000,1,721.0734,0.0000,0.8772,511.1296,0.0000,0.7443,330.9067,0.0000,0.6006,1563.1098,0.0000,2.2222,1563.1097,26,0
1680.0000,168,2032,2.7000,32,1000,1000,1,727.4097,0.0000,0.8798,508.0872,0.0000,0.7399,328.9371,0.0000,0.5970,1564.4339,0.0000,2.2167,1564.4338,26,0
1690.0000,169,2028,2.7000,28,1000,1000,1,731.8919,0.0000,0.8799,505.0807,0.0000,0.7355,326.9907,0.0000,0.5935,1563.9633,0.0000,2.2089,1563.9633,26,0
1700.0000,170,2026,2.7000,26,1000,1000,1,733.9800,0.0000,0.8800,502.1097,0.0000,0.7312,325.0672,0.0000,0.5900,1561.1568,0.0000,2.2012,1561.1569,26,0
1710.0000,171,2022,2.7000,22,1000,1000,1,739.2997,0.0000,0.8778,499.1733,0.0000,0.7269,323.1662,0.0000,0.5865,1561.6393,0.0000,2.1912,1561.6393,26,0
1720.0000,172,2014,2.7000,14,1000,1000,1,743.2500,0.0000,0.8767,496.2712,0.0000,0.7227,321.2874,0.0000,0.5831,1560.8086,0.0000,2.1826,1560.8086,25,0
1730.0000,173,2008,2.7000,8,1000,1000,1,749.7440,0.0000,0.8775,493.4026,0.0000,0.7185,319.4302,0.0000,0.5798,1562.5768,0.0000,2.1757,1562.5768,25,0
1740.0000,174,2016,2.7000,16,1000,1000,1,753.3631,0.0000,0.8799,490.5669,0.0000,0.7144,317.5944,0.0000,0.5764,1561.5244,0.0000,2.1707,1561.5244,25,0
1750.0000,175,2027,2.7000,27,1000,1000,1,758.1623,0.0000,0.8851,487.7637,0.0000,0.7103,315.7796,0.0000,0.5731,1561.7055,0.0000,2.1686,1561.7056,26,0
1760.0000,176,2025,2.7000,25,1000,1000,1,763.1292,0.0000,0.8830,484.9923,0.0000,0.7063,313.9854,0.0000,0.5699,1562.1069,0.0000,2.1591,1562.1069,26,0
1770.0000,177,2019,2.7000,19,1000,1000,1,767.4548,0.0000,0.8831,482.2522,0.0000,0.7023,312.2114,0.0000,0.5667,1561.9185,0.0000,2.1520,1561.9185,25,0
1780.0000,178,2023,2.7000,23,1000,1000,1,772.1124,0.0000,0.8860,479.5429,0.0000,0.6983,310.4574,0.0000,0.5635,1562.1127,0.0000,2.1478,1562.1128,26,0
1790.0000,179,2018,2.7000,18,1000,1000,1,776.6809,0.0000,0.8872,476.8639,0.0000,0.6944,308.7230,0.0000,0.5603,1562.2679,0.0000,2.1419,1562.2679,25,0
1800.0000,180,2020,2.7000,20,1000,1000,1,779.1470,0.0000,0.8867,474.2147,0.0000,0.6906,307.0079,0.0000,0.5572,1560.3696,0.0000,2.1344,1560.3695,25,0
1810.0000,181,2017,2.7000,17,1000,1000,1,784.5021,0.0000,0.8851,471.5947,0.0000,0.6867,305.3117,0.0000,0.5541,1561.4085,0.0000,2.1260,1561.4084,25,0
1820.0000,182,2015,2.7000,15,1000,1000,1,790.0468,0.0000,0.8868,469.0035,0.0000,0.6830,303.6342,0.0000,0.5511,1562.6846,0.0000,2.1209,1562.6846,25,0
1830.0000,183,2009,2.7000,9,1000,1000,1,794.4283,0.0000,0.8842,466.4407,0.0000,0.6792,301.9750,0.0000,0.5481,1562.8439,0.0000,2.1115,1562.8439,25,0
1840.0000,184,2013,2.7000,13,1000,1000,1,797.9971,0.0000,0.8870,463.9057,0.0000,0.6755,300.3338,0.0000,0.5451,1562.2366,0.0000,2.1076,1562.2366,25,0
1850.0000,185,2013,2.7000,13,1000,1000,1,803.7438,0.0000,0.8881,461.3981,0.0000,0.6719,298.7104,0.0000,0.5422,1563.8523,0.0000,2.1022,1563.8523,25,0
1860.0000,186,2004,2.7000,4,1000,1000,1,807.2645,0.0000,0.8887,458.9174,0.0000,0.6683,297.1044,0.0000,0.5392,1563.2864,0.0000,2.0962,1563.2864,24,0
1870.0000,187,2000,2.7000,0,1000,1000,1,812.4375,0.0000,0.8898,456.4633,0.0000,0.6647,295.5156,0.0000,0.5364,1564.4164,0.0000,2.0909,1564.4164,24,0
1880.0000,188,2007,2.7000,7,1000,1000,1,814.0560,0.0000,0.8931,803.9848,0.0000,0.6617,293.9438,0.0000,0.5335,1911.9846,0.0000,2.0883,1911.9846,25,0
1890.0000,189,2006,2.7000,6,1000,1000,1,815.8894,0.0000,0.8905,799.7309,0.0000,0.6582,292.3885,0.0000,0.5307,1908.0088,0.0000,2.0794,1908.0088,25,0
1900.0000,190,2006,2.7000,6,1000,1000,1,825.2688,0.0000,0.8900,795.5218,0.0000,0.6547,290.8496,0.0000,0.5279,1911.6403,0.0000,2.0726,1911.6403,25,0
1910.0000,191,2000,2.7000,0,1000,1000,1,829.2734,0.0000,0.8895,791.3568,0.0000,0.6513,289.3268,0.0000,0.5251,1909.9570,0.0000,2.0660,1909.9570,24,0
1920.0000,192,2002,2.7000,2,1000,1000,1,835.1743,0.0000,0.8901,813.8050,0.0000,0.6500,287.8199,0.0000,0.5224,1936.7993,0.0000,2.0625,1936.7993,24,0
1930.0000,193,2000,2.7000,0,1000,1000,1,839.6762,0.0000,0.8891,819.9603,0.0000,0.6482,286.3286,0.0000,0.5197,1945.9651,0.0000,2.0570,1945.9651,24,0
1940.0000,194,2001,2.7000,2,999,1000,1,844.3716,0.0000,0.8887,821.4310,0.0000,0.6454,284.8527,0.0000,0.5170,1950.6552,0.0000,2.0510,1950.6553,24,0
1950.0000,195,2002,2.7000,2,1000,1000,1,848.9533,0.0000,0.8903,823.0900,0.0000,0.6441,283.3919,0.0000,0.5144,1955.4353,0.0000,2.0487,1955.4353,24,0
1960.0000,196,2007,2.7000,7,1000,1000,1,853.3882,0.0000,0.8903,821.7207,0.0000,0.6413,281.9460,0.0000,0.5117,1957.0550,0.0000,2.0434,1957.0549,25,0
1970.0000,197,2002,2.7000,2,1000,1000,1,856.2717,0.0000,0.8909,817.5496,0.0000,0.6381,280.5149,0.0000,0.5091,1954.3361,0.0000,2.0381,1954.3362,24,0
1980.0000,198,2008,2.7000,8,1000,1000,1,862.8458,0.0000,0.8934,813.4205,0.0000,0.6348,279.0981,0.0000,0.5066,1955.3644,0.0000,2.0348,1955.3645,25,0
1990.0000,199,2011,2.7000,11,1000,1000,1,865.1140,0.0000,0.8935,809.3330,0.0000,0.6317,277.6956,0.0000,0.5040,1952.1425,0.0000,2.0291,1952.1426,25,0
2000.0000,200,2008,2.7000,8,1000,1000,1,872.1679,0.0000,0.8925,805.2863,0.0000,0.6285,276.3071,0.0000,0.5015,1953.7613,0.0000,2.0225,1953.7614,25,0
2010.0000,201,2010,2.7000,10,1000,1000,1,876.4755,0.0000,0.8935,801.2799,0.0000,0.6254,274.9325,0.0000,0.4990,1952.6879,0.0000,2.0179,1952.6879,25,0
2020.0000,202,2012,2.7000,12,1000,1000,1,879.7216,0.0000,0.8955,797.3132,0.0000,0.6223,273.5714,0.0000,0.4965,1950.6062,0.0000,2.0144,1950.6062,25,0
2030.0000,203,2015,2.7000,15,1000,1000,1,885.0375,0.0000,0.8956,793.3855,0.0000,0.6192,272.2238,0.0000,0.4941,1950.6468,0.0000,2.0089,1950.6469,25,0
2040.0000,204,2014,2.7000,14,1000,1000,1,890.1691,0.0000,0.8966,789.4964,0.0000,0.6162,270.8893,0.0000,0.4917,1950.5548,0.0000,2.0044,1950.5548,25,0
2050.0000,205,2008,2.7000,8,1000,1000,1,895.0007,0.0000,0.8946,785.6452,0.0000,0.6132,269.5679,0.0000,0.4893,1950.2138,0.0000,1.9971,1950.2139,25,0
2060.0000,206,2003,2.7000,3,1000,1000,1,899.2164,0.0000,0.8947,781.8314,0.0000,0.6102,268.2593,0.0000,0.4869,1949.3071,0.0000,1.9917,1949.3071,24,0
2070.0000,207,2009,2.7000,9,1000,1000,1,904.0993,0.0000,0.8957,778.0544,0.0000,0.6072,266.9634,0.0000,0.4845,1949.1171,0.0000,1.9874,1949.1171,25,0
2080.0000,208,2012,2.7000,12,1000,1000,1,908.7813,0.0000,0.8957,774.3138,0.0000,0.6043,265.6799,0.0000,0.4822,1948.7750,0.0000,1.9822,1948.7749,25,0
2090.0000,209,2010,2.7000,10,1000,1000,1,913.0973,0.0000,0.8943,770.6089,0.0000,0.6014,264.4087,0.0000,0.4799,1948.1150,0.0000,1.9756,1948.1150,25,0
2100.0000,210,2012,2.7000,12,1000,1000,1,917.9411,0.0000,0.8948,766.9394,0.0000,0.5986,263.1496,0.0000,0.4776,1948.0301,0.0000,1.9710,1948.0302,25,0
2110.0000,211,2010,2.7000,10,1000,1000,1,922.1428,0.0000,0.8938,763.3046,0.0000,0.5957,261.9025,0.0000,0.4754,1947.3499,0.0000,1.9649,1947.3499,25,0
2120.0000,212,2011,2.7000,11,1000,1000,1,926.7473,0.0000,0.8934,759.7041,0.0000,0.5929,260.6671,0.0000,0.4731,1947.1184,0.0000,1.9594,1947.1184,25,0
2130.0000,213,2010,2.7000,10,1000,1000,1,929.8448,0.0000,0.8958,756.1374,0.0000,0.5901,259.4433,0.0000,0.4709,1945.4255,0.0000,1.9568,1945.4254,25,0
2140.0000,214,2008,2.7000,8,1000,1000,1,936.2181,0.0000,0.8925,752.6040,0.0000,0.5874,258.2310,0.0000,0.4687,1947.0531,0.0000,1.9486,1947.0531,25,0
2150.0000,215,2005,2.7000,5,1000,1000,1,940.5839,0.0000,0.8935,749.1036,0.0000,0.5847,257.0299,0.0000,0.4665,1946.7173,0.0000,1.9447,1946.7173,24,0
2160.0000,216,2000,2.7000,0,1000,1000,1,941.8183,0.0000,0.8917,866.4793,0.0000,0.5824,255.8399,0.0000,0.4644,2064.1376,0.0000,1.9384,2064.1375,24,0
2170.0000,217,2004,2.7000,4,1000,1000,1,946.1629,0.0000,0.8917,864.0043,0.0000,0.5802,254.6609,0.0000,0.4622,2064.8281,0.0000,1.9341,2064.8281,24,0
2180.0000,218,2000,2.7000,0,1000,1000,1,952.0058,0.0000,0.8917,860.0409,0.0000,0.5775,253.4928,0.0000,0.4601,2065.5395,0.0000,1.9294,2065.5396,24,0
2190.0000,219,2007,2.7000,7,1000,1000,1,958.4522,0.0000,0.8927,869.1720,0.0000,0.5763,252.3353,0.0000,0.4580,2079.9595,0.0000,1.9269,2079.9595,25,0
2200.0000,220,2001,2.7000,1,1000,1000,1,960.5909,0.0000,0.8918,865.2212,0.0000,0.5736,251.1883,0.0000,0.4559,2077.0005,0.0000,1.9214,2077.0005,24,0
2210.0000,221,2001,2.7000,1,1000,1000,1,965.5999,0.0000,0.8910,873.6191,0.0000,0.5742,250.0517,0.0000,0.4538,2089.2707,0.0000,1.9190,2089.2708,24,0
2220.0000,222,2002,2.7000,4,998,1000,1,971.8622,0.0000,0.8892,876.7779,0.0000,0.5734,248.9253,0.0000,0.4518,2097.5655,0.0000,1.9144,2097.5654,24,0
2230.0000,223,2000,2.7000,1,999,1000,1,976.1190,0.0000,0.8892,874.5417,0.0000,0.5717,247.8091,0.0000,0.4498,2098.4698,0.0000,1.9108,2098.4697,24,0
2240.0000,224,2007,2.7000,7,1000,1000,1,981.1149,0.0000,0.8902,875.3406,0.0000,0.5696,246.7028,0.0000,0.4478,2103.1583,0.0000,1.9076,2103.1584,25,0
2250.0000,225,2005,2.7000,5,1000,1000,1,986.0019,0.0000,0.8898,871.4502,0.0000,0.5671,245.6063,0.0000,0.4458,2103.0585,0.0000,1.9027,2103.0586,24,0
2260.0000,226,2010,2.7000,10,1000,1000,1,990.5828,0.0000,0.8894,867.5942,0.0000,0.5646,244.5196,0.0000,0.4438,2102.6966,0.0000,1.8978,2102.6965,25,0
2270.0000,227,2013,2.7000,13,1000,1000,1,992.4268,0.0000,0.8912,863.7722,0.0000,0.5621,243.4424,0.0000,0.4419,2099.6414,0.0000,1.8952,2099.6414,25,0
2280.0000,228,2015,2.7000,15,1000,1000,1,999.0876,0.0000,0.8925,859.9838,0.0000,0.5596,242.3747,0.0000,0.4399,2101.4460,0.0000,1.8921,2101.4460,25,0
2290.0000,229,2021,2.7000,21,1000,1000,1,1003.0154,0.0000,0.8939,856.2284,0.0000,0.5572,241.3163,0.0000,0.4380,2100.5601,0.0000,1.8891,2100.5601,26,0
2300.0000,230,2018,2.7000,18,1000,1000,1,1008.7456,0.0000,0.8930,852.5056,0.0000,0.5548,240.2671,0.0000,0.4361,2101.5183,0.0000,1.8839,2101.5183,25,0
2310.0000,231,2013,2.7000,13,1000,1000,1,1012.3290,0.0000,0.8913,848.8151,0.0000,0.5524,239.2270,0.0000,0.4342,2100.3711,0.0000,1.8779,2100.3711,25,0
2320.0000,232,2014,2.7000,14,1000,1000,1,1016.8260,0.0000,0.8927,845.1564,0.0000,0.5500,238.1958,0.0000,0.4323,2100.1783,0.0000,1.8750,2100.1782,25,0
2330.0000,233,2012,2.7000,12,1000,1000,1,1021.4970,0.0000,0.8931,841.5292,0.0000,0.5476,237.1735,0.0000,0.4305,2100.1997,0.0000,1.8712,2100.1997,25,0
2340.0000,234,2015,2.7000,15,1000,1000,1,1023.5709,0.0000,0.8932,837.9329,0.0000,0.5453,236.1599,0.0000,0.4286,2097.6637,0.0000,1.8671,2097.6638,25,0
2350.0000,235,2012,2.7000,12,1000,1000,1,1031.4388,0.0000,0.8928,834.3672,0.0000,0.5430,235.1550,0.0000,0.4268,2100.9610,0.0000,1.8626,2100.9609,25,0
2360.0000,236,2012,2.7000,12,1000,1000,1,1035.8707,0.0000,0.8928,830.8318,0.0000,0.5407,234.1586,0.0000,0.4250,2100.8610,0.0000,1.8585,2100.8611,25,0
2370.0000,237,2010,2.7000,10,1000,1000,1,1039.7184,0.0000,0.8907,827.3261,0.0000,0.5384,233.1706,0.0000,0.4232,2100.2151,0.0000,1.8523,2100.2151,25,0
2380.0000,238,2013,2.7000,13,1000,1000,1,1042.8717,0.0000,0.8895,823.8500,0.0000,0.5361,232.1909,0.0000,0.4214,2098.9125,0.0000,1.8471,2098.9126,25,0
2390.0000,239,2013,2.7000,13,1000,1000,1,1049.2005,0.0000,0.8891,820.4029,0.0000,0.5339,231.2194,0.0000,0.4197,2100.8227,0.0000,1.8427,2100.8228,25,0
2400.0000,240,2010,2.7000,10,1000,1000,1,1053.7133,0.0000,0.8883,816.9846,0.0000,0.5317,230.2559,0.0000,0.4179,2100.9538,0.0000,1.8379,2100.9539,25,0
2410.0000,241,2006,2.7000,6,1000,1000,1,1057.0277,0.0000,0.8867,813.5946,0.0000,0.5295,229.3005,0.0000,0.4162,2099.9228,0.0000,1.8324,2099.9229,25,0
2420.0000,242,2011,2.7000,11,1000,1000,1,1063.0503,0.0000,0.8880,810.2326,0.0000,0.5273,228.3530,0.0000,0.4145,2101.6359,0.0000,1.8298,2101.6360,25,0
2430.0000,243,2010,2.7000,10,1000,1000,1,1065.3495,0.0000,0.8881,806.8983,0.0000,0.5251,227.4133,0.0000,0.4128,2099.6611,0.0000,1.8259,2099.6611,25,0
2440.0000,244,2015,2.7000,15,1000,1000,1,1070.5436,0.0000,0.8889,803.5914,0.0000,0.5230,226.4813,0.0000,0.4111,2100.6162,0.0000,1.8230,2100.6162,25,0
2450.0000,245,2013,2.7000,13,1000,1000,1,1076.2518,0.0000,0.8894,800.3114,0.0000,0.5208,225.5568,0.0000,0.4094,2102.1200,0.0000,1.8196,2102.1201,25,0
2460.0000,246,2012,2.7000,12,1000,1000,1,1080.5787,0.0000,0.8898,797.0581,0.0000,0.5187,224.6399,0.0000,0.4077,2102.2767,0.0000,1.8163,2102.2766,25,0
2470.0000,247,2015,2.7000,15,1000,1000,1,1083.5100,0.0000,0.8899,793.8312,0.0000,0.5166,223.7305,0.0000,0.4061,2101.0716,0.0000,1.8126,2101.0715,25,0
2480.0000,248,2017,2.7000,17,1000,1000,1,1089.9677,0.0000,0.8915,790.6302,0.0000,0.5145,222.8283,0.0000,0.4044,2103.4262,0.0000,1.8105,2103.4263,25,0
2490.0000,249,2019,2.7000,19,1000,1000,1,1094.3877,0.0000,0.8932,787.4550,0.0000,0.5124,221.9334,0.0000,0.4028,2103.7761,0.0000,1.8084,2103.7761,25,0
2500.0000,250,2023,2.7000,23,1000,1000,1,1098.9384,0.0000,0.8940,784.3052,0.0000,0.5104,221.0457,0.0000,0.4012,2104.2893,0.0000,1.8056,2104.2893,26,0
2510.0000,251,2021,2.7000,21,1000,1000,1,1100.1232,0.0000,0.8936,781.1805,0.0000,0.5084,220.1650,0.0000,0.3996,2101.4687,0.0000,1.8016,2101.4688,26,0
2520.0000,252,2024,2.7000,24,1000,1000,1,1107.7953,0.0000,0.8937,778.0805,0.0000,0.5063,219.2914,0.0000,0.3980,2105.1672,0.0000,1.7980,2105.1672,26,0
2530.0000,253,2025,2.7000,25,1000,1000,1,1112.1756,0.0000,0.8933,775.0051,0.0000,0.5043,218.4246,0.0000,0.3964,2105.6053,0.0000,1.7941,2105.6052,26,0
2540.0000,254,2024,2.7000,24,1000,1000,1,1116.4007,0.0000,0.8917,771.9539,0.0000,0.5024,217.5647,0.0000,0.3949,2105.9193,0.0000,1.7890,2105.9192,26,0
2550.0000,255,2033,2.7000,33,1000,1000,1,1121.7095,0.0000,0.8941,768.9267,0.0000,0.5004,216.7115,0.0000,0.3933,2107.3476,0.0000,1.7878,2107.3477,26,0
2560.0000,256,2031,2.7000,31,1000,1000,1,1125.6212,0.0000,0.8941,765.9230,0.0000,0.4984,215.8649,0.0000,0.3918,2107.4092,0.0000,1.7844,2107.4092,26,0
2570.0000,257,2033,2.7000,33,1000,1000,1,1130.4799,0.0000,0.8946,762.9428,0.0000,0.4965,215.0250,0.0000,0.3903,2108.4477,0.0000,1.7813,2108.4478,26,0
2580.0000,258,2027,2.7000,27,1000,1000,1,1134.5584,0.0000,0.8938,759.9856,0.0000,0.4946,214.1916,0.0000,0.3888,2108.7356,0.0000,1.7771,2108.7356,26,0
2590.0000,259,2023,2.7000,23,1000,1000,1,1137.8741,0.0000,0.8938,757.0513,0.0000,0.4927,213.3646,0.0000,0.3873,2108.2900,0.0000,1.7737,2108.2900,26,0
2600.0000,260,2015,2.7000,15,1000,1000,1,1143.0213,0.0000,0.8923,754.1396,0.0000,0.4908,212.5439,0.0000,0.3858,2109.7048,0.0000,1.7688,2109.7048,25,0
2610.0000,261,2017,2.7000,17,1000,1000,1,1148.8271,0.0000,0.8927,751.2502,0.0000,0.4889,211.7296,0.0000,0.3843,2111.8069,0.0000,1.7659,2111.8069,25,0
2620.0000,262,2016,2.7000,16,1000,1000,1,1152.9567,0.0000,0.8924,748.3828,0.0000,0.4870,210.9215,0.0000,0.3828,2112.2609,0.0000,1.7622,2112.2610,25,0
2630.0000,263,2021,2.7000,21,1000,1000,1,1158.0147,0.0000,0.8935,745.5372,0.0000,0.4852,210.1195,0.0000,0.3814,2113.6714,0.0000,1.7601,2113.6714,26,0
2640.0000,264,2017,2.7000,17,1000,1000,1,1162.0586,0.0000,0.8924,742.7132,0.0000,0.4833,209.3236,0.0000,0.3799,2114.0954,0.0000,1.7557,2114.0955,25,0
2650.0000,265,2009,2.7000,9,1000,1000,1,1166.5365,0.0000,0.8917,739.9106,0.0000,0.4815,208.5337,0.0000,0.3785,2114.9807,0.0000,1.7517,2114.9807,25,0
2660.0000,266,2002,2.7000,2,1000,1000,1,1171.3914,0.0000,0.8914,942.0820,0.0000,0.4801,207.7497,0.0000,0.3771,2321.2231,0.0000,1.7485,2321.2231,24,0
2670.0000,267,1999,2.7000,1,998,1000,1,1176.0122,0.0000,0.8914,943.8565,0.0000,0.4787,206.9716,0.0000,0.3757,2326.8403,0.0000,1.7457,2326.8403,24,0
2680.0000,268,2000,2.7000,0,1000,1000,1,1176.4834,0.0000,0.8910,945.5955,0.0000,0.4784,206.1993,0.0000,0.3743,2328.2783,0.0000,1.7437,2328.2783,24,0
2690.0000,269,2003,2.7000,3,1000,1000,1,1185.0841,0.0000,0.8914,943.6128,0.0000,0.4773,205.4328,0.0000,0.3729,2334.1297,0.0000,1.7416,2334.1296,24,0
2700.0000,270,1999,2.7000,0,999,1000,1,1188.8973,0.0000,0.8900,940.1180,0.0000,0.4756,204.6719,0.0000,0.3715,2333.6872,0.0000,1.7370,2333.6873,24,0
2710.0000,271,2006,2.7000,6,1000,1000,1,1194.0009,0.0000,0.8908,948.2178,0.0000,0.4756,203.9167,0.0000,0.3701,2346.1353,0.0000,1.7365,2346.1353,25,0
2720.0000,272,2008,2.7000,8,1000,1000,1,1197.3366,0.0000,0.8912,944.7317,0.0000,0.4739,203.1670,0.0000,0.3688,2345.2353,0.0000,1.7338,2345.2354,25,0
2730.0000,273,2002,2.7000,2,1000,1000,1,1201.8084,0.0000,0.8912,941.2711,0.0000,0.4722,202.4228,0.0000,0.3674,2345.5023,0.0000,1.7308,2345.5022,24,0
2740.0000,274,2009,2.7000,9,1000,1000,1,1206.9793,0.0000,0.8923,937.8358,0.0000,0.4704,201.6840,0.0000,0.3661,2346.4991,0.0000,1.7288,2346.4990,25,0
2750.0000,275,2004,2.7000,4,1000,1000,1,1211.5544,0.0000,0.8924,934.4255,0.0000,0.4687,200.9506,0.0000,0.3647,2346.9305,0.0000,1.7258,2346.9304,24,0
2760.0000,276,2001,2.7000,1,1000,1000,1,1214.2731,0.0000,0.8920,931.0399,0.0000,0.4670,200.2226,0.0000,0.3634,2345.5355,0.0000,1.7225,2345.5356,24,0
2770.0000,277,1998,2.7000,0,998,1000,1,1217.5702,0.0000,0.8906,955.6379,0.0000,0.4661,199.4997,0.0000,0.3621,2372.7078,0.0000,1.7188,2372.7078,24,0
2780.0000,278,2004,2.7000,4,1000,1000,1,1224.8358,0.0000,0.8917,953.8923,0.0000,0.4651,198.7821,0.0000,0.3608,2377.5101,0.0000,1.7176,2377.5100,24,0
2790.0000,279,2001,2.7000,1,1000,1000,1,1229.8422,0.0000,0.8914,950.4733,0.0000,0.4634,198.0696,0.0000,0.3595,2378.3851,0.0000,1.7143,2378.3853,24,0
2800.0000,280,2002,2.7000,2,1000,1000,1,1233.7162,0.0000,0.8904,959.6832,0.0000,0.4646,197.3622,0.0000,0.3582,2390.7616,0.0000,1.7132,2390.7617,24,0
2810.0000,281,2004,2.7000,4,1000,1000,1,1237.8302,0.0000,0.8911,958.8964,0.0000,0.4633,196.6599,0.0000,0.3569,2393.3865,0.0000,1.7114,2393.3865,24,0
2820.0000,282,2002,2.7000,2,1000,1000,1,1242.2090,0.0000,0.8908,955.4960,0.0000,0.4617,195.9625,0.0000,0.3557,2393.6676,0.0000,1.7082,2393.6675,24,0
2830.0000,283,2001,2.7000,2,999,1000,1,1247.7065,0.0000,0.8905,963.8092,0.0000,0.4611,195.2701,0.0000,0.3544,2406.7858,0.0000,1.7060,2406.7856,24,0
2840.0000,284,2003,2.7000,3,1000,1000,1,1252.1989,0.0000,0.8898,960.8103,0.0000,0.4599,194.5825,0.0000,0.3532,2407.5917,0.0000,1.7028,2407.5918,24,0
2850.0000,285,2006,2.7000,6,1000,1000,1,1255.1733,0.0000,0.8895,957.4391,0.0000,0.4582,193.8997,0.0000,0.3519,2406.5121,0.0000,1.6996,2406.5122,25,0
2860.0000,286,2009,2.7000,9,1000,1000,1,1261.3775,0.0000,0.8916,954.0914,0.0000,0.4566,193.2218,0.0000,0.3507,2408.6907,0.0000,1.6990,2408.6907,25,0
2870.0000,287,2014,2.7000,14,1000,1000,1,1264.8155,0.0000,0.8927,950.7670,0.0000,0.4551,192.5485,0.0000,0.3495,2408.1310,0.0000,1.6972,2408.1311,25,0
2880.0000,288,2012,2.7000,12,1000,1000,1,1268.2026,0.0000,0.8920,947.4657,0.0000,0.4535,191.8799,0.0000,0.3483,2407.5483,0.0000,1.6938,2407.5483,25,0
2890.0000,289,2014,2.7000,14,1000,1000,1,1273.4169,0.0000,0.8913,944.1873,0.0000,0.4519,191.2160,0.0000,0.3471,2408.8202,0.0000,1.6903,2408.8203,25,0
2900.0000,290,2014,2.7000,14,1000,1000,1,1279.3765,0.0000,0.8910,940.9315,0.0000,0.4503,190.5566,0.0000,0.3459,2410.8646,0.0000,1.6872,2410.8647,25,0
2910.0000,291,2014,2.7000,14,1000,1000,1,1283.3259,0.0000,0.8921,937.6981,0.0000,0.4488,189.9018,0.0000,0.3447,2410.9258,0.0000,1.6856,2410.9258,25,0
2920.0000,292,2021,2.7000,21,1000,1000,1,1286.6633,0.0000,0.8932,934.4868,0.0000,0.4473,189.2515,0.0000,0.3435,2410.4015,0.0000,1.6839,2410.4014,26,0
2930.0000,293,2025,2.7000,25,1000,1000,1,1293.2444,0.0000,0.8939,931.2974,0.0000,0.4457,188.6055,0.0000,0.3423,2413.1474,0.0000,1.6819,2413.1475,26,0
2940.0000,294,2025,2.7000,25,1000,1000,1,1297.5487,0.0000,0.8935,928.1297,0.0000,0.4442,187.9640,0.0000,0.3412,2413.6424,0.0000,1.6789,2413.6423,26,0
2950.0000,295,2019,2.7000,19,1000,1000,1,1301.9917,0.0000,0.8929,924.9835,0.0000,0.4427,187.3269,0.0000,0.3400,2414.3021,0.0000,1.6756,2414.3020,25,0
2960.0000,296,2016,2.7000,16,1000,1000,1,1305.8811,0.0000,0.8932,921.8586,0.0000,0.4412,186.6940,0.0000,0.3389,2414.4337,0.0000,1.6733,2414.4336,25,0
2970.0000,297,2008,2.7000,8,1000,1000,1,1310.4069,0.0000,0.8936,918.7547,0.0000,0.4397,186.0654,0.0000,0.3377,2415.2269,0.0000,1.6710,2415.2271,25,0
2980.0000,298,2000,2.7000,0,1000,1000,1,1312.2893,0.0000,0.8923,915.6716,0.0000,0.4383,185.4410,0.0000,0.3366,2413.4019,0.0000,1.6671,2413.4019,24,0
2990.0000,299,2005,2.7000,5,1000,1000,1,1320.0397,0.0000,0.8930,982.2453,0.0000,0.4378,184.8208,0.0000,0.3355,2487.1059,0.0000,1.6662,2487.1060,24,0
3000.0000,300,2006,2.7000,6,1000,1000,1,1324.8059,0.0000,0.8933,978.9712,0.0000,0.4363,184.2048,0.0000,0.3343,2487.9818,0.0000,1.6640,2487.9817,25,0
3010.0000,301,2002,2.7000,2,1000,1000,1,1328.7518,0.0000,0.8924,983.6340,0.0000,0.4355,183.5928,0.0000,0.3332,2495.9785,0.0000,1.6611,2495.9785,24,0
3020.0000,302,2004,2.7000,4,1000,1000,1,1332.5894,0.0000,0.8917,980.3769,0.0000,0.4341,182.9849,0.0000,0.3321,2495.9512,0.0000,1.6579,2495.9512,24,0
3030.0000,303,2000,2.7000,0,1000,1000,1,1336.7127,0.0000,0.8904,977.1414,0.0000,0.4327,182.3809,0.0000,0.3310,2496.2350,0.0000,1.6541,2496.2351,24,0
3040.0000,304,1999,2.7000,0,999,1000,1,1342.5449,0.0000,0.8895,986.9893,0.0000,0.4336,181.7810,0.0000,0.3299,2511.3152,0.0000,1.6530,2511.3152,24,0
3050.0000,305,2007,2.7000,7,1000,1000,1,1346.6387,0.0000,0.8902,984.7416,0.0000,0.4328,181.1850,0.0000,0.3289,2512.5653,0.0000,1.6518,2512.5652,25,0
3060.0000,306,2004,2.7000,4,1000,1000,1,1351.4757,0.0000,0.8905,988.8090,0.0000,0.4320,180.5929,0.0000,0.3278,2520.8776,0.0000,1.6503,2520.8777,24,0
3070.0000,307,2005,2.7000,5,1000,1000,1,1356.1490,0.0000,0.8902,985.5882,0.0000,0.4306,180.0046,0.0000,0.3267,2521.7418,0.0000,1.6476,2521.7417,24,0
3080.0000,308,2003,2.7000,3,1000,1000,1,1359.8922,0.0000,0.8899,982.3882,0.0000,0.4292,179.4202,0.0000,0.3256,2521.7006,0.0000,1.6448,2521.7007,24,0
3090.0000,309,2011,2.7000,11,1000,1000,1,1364.5348,0.0000,0.8916,979.2090,0.0000,0.4278,178.8396,0.0000,0.3246,2522.5833,0.0000,1.6440,2522.5833,25,0
3100.0000,310,2005,2.7000,5,1000,1000,1,1367.7862,0.0000,0.8910,976.0502,0.0000,0.4265,178.2627,0.0000,0.3235,2522.0991,0.0000,1.6410,2522.0991,24,0
3110.0000,311,2011,2.7000,11,1000,1000,1,1373.9916,0.0000,0.8929,972.9118,0.0000,0.4251,177.6895,0.0000,0.3225,2524.5929,0.0000,1.6405,2524.5928,25,0
3120.0000,312,2007,2.7000,7,1000,1000,1,1376.7781,0.0000,0.8933,969.7935,0.0000,0.4237,177.1200,0.0000,0.3215,2523.6915,0.0000,1.6385,2523.6914,25,0
3130.0000,313,2002,2.7000,2,1000,1000,1,1382.5364,0.0000,0.8930,966.6951,0.0000,0.4224,176.5541,0.0000,0.3204,2525.7855,0.0000,1.6358,2525.7856,24,0
3140.0000,314,1998,2.7000,1,997,1000,1,1387.5620,0.0000,0.8924,996.2918,0.0000,0.4213,175.9918,0.0000,0.3194,2559.8456,0.0000,1.6331,2559.8455,24,0
3150.0000,315,2004,2.7000,5,999,1000,1,1391.6674,0.0000,0.8933,999.3725,0.0000,0.4216,175.4331,0.0000,0.3184,2566.4730,0.0000,1.6333,2566.4729,24,0
3160.0000,316,2001,2.7000,1,1000,1000,1,1396.3437,0.0000,0.8930,996.5016,0.0000,0.4206,174.8779,0.0000,0.3174,2567.7233,0.0000,1.6310,2567.7231,24,0
3170.0000,317,2001,2.7000,1,1000,1000,1,1400.3654,0.0000,0.8924,1001.3414,0.0000,0.4202,174.3263,0.0000,0.3164,2576.0331,0.0000,1.6290,2576.0330,24,0
3180.0000,318,2006,2.7000,6,1000,1000,1,1405.6311,0.0000,0.8943,1000.3149,0.0000,0.4201,173.7781,0.0000,0.3154,2579.7240,0.0000,1.6299,2579.7241,25,0
3190.0000,319,2008,2.7000,8,1000,1000,1,1409.3173,0.0000,0.8940,997.1791,0.0000,0.4188,173.2333,0.0000,0.3144,2579.7297,0.0000,1.6273,2579.7297,25,0
3200.0000,320,2006,2.7000,6,1000,1000,1,1413.5807,0.0000,0.8941,994.0629,0.0000,0.4175,172.6920,0.0000,0.3134,2580.3356,0.0000,1.6250,2580.3357,25,0
3210.0000,321,2005,2.7000,5,1000,1000,1,1418.9991,0.0000,0.8941,990.9661,0.0000,0.4162,172.1540,0.0000,0.3125,2582.1192,0.0000,1.6227,2582.1191,24,0
3220.0000,322,2005,2.7000,5,1000,1000,1,1423.7976,0.0000,0.8938,987.8886,0.0000,0.4149,171.6193,0.0000,0.3115,2583.3056,0.0000,1.6202,2583.3057,24,0
3230.0000,323,2002,2.7000,2,1000,1000,1,1428.0543,0.0000,0.8932,1007.6931,0.0000,0.4139,171.0880,0.0000,0.3105,2606.8354,0.0000,1.6176,2606.8354,24,0
3240.0000,324,2006,2.7000,6,1000,1000,1,1432.0973,0.0000,0.8938,1006.7627,0.0000,0.4130,170.5600,0.0000,0.3096,2609.4199,0.0000,1.6164,2609.4199,25,0
3250.0000,325,2001,2.7000,2,999,1000,1,1436.8093,0.0000,0.8935,1003.6649,0.0000,0.4117,170.0352,0.0000,0.3086,2610.5093,0.0000,1.6138,2610.5093,24,0
3260.0000,326,2005,2.7000,5,1000,1000,1,1440.8634,0.0000,0.8929,1007.3176,0.0000,0.4107,169.5136,0.0000,0.3077,2617.6946,0.0000,1.6113,2617.6946,24,0
3270.0000,327,2011,2.7000,11,1000,1000,1,1444.8695,0.0000,0.8936,1004.2371,0.0000,0.4095,168.9952,0.0000,0.3067,2618.1018,0.0000,1.6098,2618.1018,25,0
3280.0000,328,2013,2.7000,13,1000,1000,1,1450.4450,0.0000,0.8945,1001.1755,0.0000,0.4082,168.4800,0.0000,0.3058,2620.1004,0.0000,1.6085,2620.1003,25,0
3290.0000,329,2018,2.7000,18,1000,1000,1,1455.4527,0.0000,0.8960,998.1324,0.0000,0.4070,167.9679,0.0000,0.3049,2621.5529,0.0000,1.6079,2621.5530,25,0
3300.0000,330,2027,2.7000,27,1000,1000,1,1458.7659,0.0000,0.8982,995.1077,0.0000,0.4058,167.4589,0.0000,0.3039,2621.3324,0.0000,1.6079,2621.3325,26,0
3310.0000,331,2020,2.7000,20,1000,1000,1,1464.5990,0.0000,0.8979,992.1014,0.0000,0.4045,166.9529,0.0000,0.3030,2623.6533,0.0000,1.6054,2623.6533,25,0
3320.0000,332,2020,2.7000,20,1000,1000,1,1467.6627,0.0000,0.8976,989.1131,0.0000,0.4033,166.4501,0.0000,0.3021,2623.2259,0.0000,1.6030,2623.2258,25,0
3330.0000,333,2018,2.7000,18,1000,1000,1,1472.4016,0.0000,0.8973,986.1428,0.0000,0.4021,165.9502,0.0000,0.3012,2624.4946,0.0000,1.6006,2624.4946,25,0
3340.0000,334,2025,2.7000,25,1000,1000,1,1477.7817,0.0000,0.8985,983.1903,0.0000,0.4009,165.4534,0.0000,0.3003,2626.4253,0.0000,1.5997,2626.4253,26,0
3350.0000,335,2024,2.7000,24,1000,1000,1,1482.5216,0.0000,0.8970,980.2554,0.0000,0.3997,164.9595,0.0000,0.2994,2627.7364,0.0000,1.5961,2627.7363,26,0
3360.0000,336,2026,2.7000,26,1000,1000,1,1487.2333,0.0000,0.8967,977.3379,0.0000,0.3985,164.4685,0.0000,0.2985,2629.0398,0.0000,1.5938,2629.0398,26,0
3370.0000,337,2038,2.7000,38,1000,1000,1,1490.3840,0.0000,0.8982,974.4378,0.0000,0.3973,163.9805,0.0000,0.2976,2628.8024,0.0000,1.5932,2628.8022,26,0
3380.0000,338,2039,2.7000,39,1000,1000,1,1494.6045,0.0000,0.8973,971.5549,0.0000,0.3962,163.4953,0.0000,0.2967,2629.6547,0.0000,1.5902,2629.6548,26,0
3390.0000,339,2039,2.7000,39,1000,1000,1,1500.6791,0.0000,0.8982,968.6889,0.0000,0.3950,163.0131,0.0000,0.2959,2632.3811,0.0000,1.5891,2632.3811,26,0
3400.0000,340,2036,2.7000,36,1000,1000,1,1502.6703,0.0000,0.8976,965.8398,0.0000,0.3938,162.5336,0.0000,0.2950,2631.0438,0.0000,1.5865,2631.0437,26,0
3410.0000,341,2039,2.7000,39,1000,1000,1,1509.4303,0.0000,0.8979,963.0075,0.0000,0.3927,162.0570,0.0000,0.2941,2634.4947,0.0000,1.5848,2634.4946,26,0
3420.0000,342,2040,2.7000,40,1000,1000,1,1513.8269,0.0000,0.8985,960.1917,0.0000,0.3915,161.5831,0.0000,0.2933,2635.6017,0.0000,1.5833,2635.6018,26,0
3430.0000,343,2043,2.7000,43,1000,1000,1,1518.4481,0.0000,0.8997,957.3923,0.0000,0.3904,161.1120,0.0000,0.2924,2636.9524,0.0000,1.5825,2636.9524,26,0
3440.0000,344,2042,2.7000,42,1000,1000,1,1522.6194,0.0000,0.8997,954.6092,0.0000,0.3892,160.6437,0.0000,0.2916,2637.8722,0.0000,1.5805,2637.8721,26,0
3450.0000,345,2035,2.7000,35,1000,1000,1,1528.0233,0.0000,0.9000,951.8422,0.0000,0.3881,160.1780,0.0000,0.2907,2640.0435,0.0000,1.5788,2640.0435,26,0
3460.0000,346,2028,2.7000,28,1000,1000,1,1531.1125,0.0000,0.9000,949.0912,0.0000,0.3870,159.7151,0.0000,0.2899,2639.9188,0.0000,1.5769,2639.9187,26,0
3470.0000,347,2027,2.7000,27,1000,1000,1,1536.8858,0.0000,0.9003,946.3560,0.0000,0.3859,159.2548,0.0000,0.2890,2642.4967,0.0000,1.5752,2642.4966,26,0
3480.0000,348,2024,2.7000,24,1000,1000,1,1541.7541,0.0000,0.8994,943.6366,0.0000,0.3848,158.7972,0.0000,0.2882,2644.1879,0.0000,1.5724,2644.1880,26,0
3490.0000,349,2029,2.7000,29,1000,1000,1,1546.5786,0.0000,0.9009,940.9328,0.0000,0.3837,158.3422,0.0000,0.2874,2645.8536,0.0000,1.5719,2645.8535,26,0
3500.0000,350,2029,2.7000,29,1000,1000,1,1549.1066,0.0000,0.9000,938.2444,0.0000,0.3826,157.8898,0.0000,0.2866,2645.2408,0.0000,1.5691,2645.2407,26,0
3510.0000,351,2024,2.7000,24,1000,1000,1,1553.9918,0.0000,0.8994,935.5714,0.0000,0.3815,157.4400,0.0000,0.2858,2647.0031,0.0000,1.5667,2647.0032,26,0
3520.0000,352,2016,2.7000,16,1000,1000,1,1560.0304,0.0000,0.8991,932.9135,0.0000,0.3804,156.9927,0.0000,0.2849,2649.9365,0.0000,1.5645,2649.9365,25,0
3530.0000,353,2014,2.7000,14,1000,1000,1,1563.3983,0.0000,0.8986,930.2707,0.0000,0.3793,156.5479,0.0000,0.2841,2650.2169,0.0000,1.5620,2650.2168,25,0
3540.0000,354,2011,2.7000,11,1000,1000,1,1568.8304,0.0000,0.8989,927.6428,0.0000,0.3782,156.1057,0.0000,0.2833,2652.5789,0.0000,1.5605,2652.5789,25,0
3550.0000,355,2003,2.7000,3,1000,1000,1,1573.5981,0.0000,0.8980,925.0297,0.0000,0.3772,155.6660,0.0000,0.2825,2654.2938,0.0000,1.5577,2654.2937,24,0
3560.0000,356,2004,2.7000,4,1000,1000,1,1577.2582,0.0000,0.8983,922.4313,0.0000,0.3761,155.2287,0.0000,0.2817,2654.9183,0.0000,1.5562,2654.9182,24,0
3570.0000,357,2003,2.7000,3,1000,1000,1,1580.8439,0.0000,0.8992,1036.3176,0.0000,0.3754,154.7939,0.0000,0.2810,2771.9555,0.0000,1.5555,2771.9556,24,0
3580.0000,358,1999,2.7000,0,999,1000,1,1584.8991,0.0000,0.8980,1038.9704,0.0000,0.3751,154.3615,0.0000,0.2802,2778.2310,0.0000,1.5534,2778.2310,24,0
3590.0000,359,2001,2.7000,1,1000,1000,1,1591.0933,0.0000,0.8978,1040.7964,0.0000,0.3752,153.9315,0.0000,0.2794,2785.8213,0.0000,1.5524,2785.8213,24,0
3600.0000,360,1997,2.7000,0,997,1000,1,1594.6009,0.0000,0.8958,1041.5196,0.0000,0.3758,153.5040,0.0000,0.2786,2789.6245,0.0000,1.5503,2789.6245,24,0
3610.0000,361,1998,2.7000,0,998,1000,1,1600.3102,0.0000,0.8953,1042.6831,0.0000,0.3776,153.0787,0.0000,0.2778,2796.0721,0.0000,1.5507,2796.0720,24,0
3620.0000,362,2008,2.7000,8,1000,1000,1,1604.8110,0.0000,0.8956,1040.7720,0.0000,0.3776,152.6559,0.0000,0.2771,2798.2389,0.0000,1.5503,2798.2388,25,0
3630.0000,363,2002,2.7000,2,1000,1000,1,1607.7146,0.0000,0.8939,1037.9049,0.0000,0.3766,152.2353,0.0000,0.2763,2797.8549,0.0000,1.5468,2797.8550,24,0
3640.0000,364,2009,2.7000,9,1000,1000,1,1612.9647,0.0000,0.8956,1035.0535,0.0000,0.3755,151.8171,0.0000,0.2755,2799.8353,0.0000,1.5467,2799.8352,25,0
3650.0000,365,2011,2.7000,11,1000,1000,1,1616.8474,0.0000,0.8951,1032.2178,0.0000,0.3745,151.4012,0.0000,0.2748,2800.4663,0.0000,1.5444,2800.4663,25,0
3660.0000,366,2007,2.7000,7,1000,1000,1,1622.6660,0.0000,0.8951,1029.3975,0.0000,0.3735,150.9875,0.0000,0.2740,2803.0510,0.0000,1.5426,2803.0510,25,0
3670.0000,367,2012,2.7000,12,1000,1000,1,1627.5573,0.0000,0.8959,1026.5926,0.0000,0.3725,150.5761,0.0000,0.2733,2804.7260,0.0000,1.5417,2804.7261,25,0
3680.0000,368,2010,2.7000,10,1000,1000,1,1630.1524,0.0000,0.8951,1023.8029,0.0000,0.3715,150.1669,0.0000,0.2726,2804.1223,0.0000,1.5391,2804.1223,25,0
3690.0000,369,2009,2.7000,9,1000,1000,1,1633.2727,0.0000,0.8940,1021.0284,0.0000,0.3705,149.7600,0.0000,0.2718,2804.0610,0.0000,1.5363,2804.0610,25,0
3700.0000,370,2011,2.7000,11,1000,1000,1,1641.1453,0.0000,0.8949,1018.2689,0.0000,0.3695,149.3552,0.0000,0.2711,2808.7694,0.0000,1.5354,2808.7695,25,0
3710.0000,371,2013,2.7000,13,1000,1000,1,1645.8120,0.0000,0.8941,1015.5242,0.0000,0.3685,148.9526,0.0000,0.2704,2810.2888,0.0000,1.5329,2810.2888,25,0
3720.0000,372,2016,2.7000,16,1000,1000,1,1649.9904,0.0000,0.8949,1012.7943,0.0000,0.3675,148.5522,0.0000,0.2696,2811.3369,0.0000,1.5320,2811.3369,25,0
3730.0000,373,2021,2.7000,21,1000,1000,1,1654.4415,0.0000,0.8960,1010.0790,0.0000,0.3665,148.1540,0.0000,0.2689,2812.6745,0.0000,1.5314,2812.6746,26,0
3740.0000,374,2019,2.7000,19,1000,1000,1,1657.5963,0.0000,0.8960,1007.3783,0.0000,0.3655,147.7578,0.0000,0.2682,2812.7324,0.0000,1.5297,2812.7324,25,0
3750.0000,375,2019,2.7000,19,1000,1000,1,1663.3284,0.0000,0.8955,1004.6919,0.0000,0.3645,147.3638,0.0000,0.2675,2815.3842,0.0000,1.5275,2815.3843,25,0
3760.0000,376,2025,2.7000,25,1000,1000,1,1668.5733,0.0000,0.8971,1002.0199,0.0000,0.3636,146.9719,0.0000,0.2668,2817.5651,0.0000,1.5274,2817.5652,26,0
3770.0000,377,2032,2.7000,32,1000,1000,1,1672.5070,0.0000,0.8973,999.3620,0.0000,0.3626,146.5820,0.0000,0.2660,2818.4510,0.0000,1.5260,2818.4509,26,0
3780.0000,378,2025,2.7000,25,1000,1000,1,1674.9593,0.0000,0.8963,996.7182,0.0000,0.3616,146.1942,0.0000,0.2653,2817.8717,0.0000,1.5233,2817.8718,26,0
3790.0000,379,2025,2.7000,25,1000,1000,1,1681.9481,0.0000,0.8974,994.0883,0.0000,0.3607,145.8085,0.0000,0.2646,2821.8449,0.0000,1.5227,2821.8450,26,0
3800.0000,380,2029,2.7000,29,1000,1000,1,1685.9871,0.0000,0.8982,991.4723,0.0000,0.3597,145.4248,0.0000,0.2639,2822.8842,0.0000,1.5218,2822.8843,26,0
3810.0000,381,2033,2.7000,33,1000,1000,1,1691.5535,0.0000,0.8984,988.8700,0.0000,0.3588,145.0431,0.0000,0.2633,2825.4667,0.0000,1.5205,2825.4668,26,0
3820.0000,382,2038,2.7000,38,1000,1000,1,1695.8629,0.0000,0.8990,986.2814,0.0000,0.3579,144.6634,0.0000,0.2626,2826.8077,0.0000,1.5194,2826.8076,26,0
3830.0000,383,2040,2.7000,40,1000,1000,1,1700.5342,0.0000,0.9000,983.7062,0.0000,0.3569,144.2857,0.0000,0.2619,2828.5261,0.0000,1.5188,2828.5261,26,0
3840.0000,384,2048,2.7000,48,1000,1000,1,1705.0213,0.0000,0.9016,981.1445,0.0000,0.3560,143.9100,0.0000,0.2612,2830.0758,0.0000,1.5188,2830.0757,26,0
3850.0000,385,2043,2.7000,43,1000,1000,1,1708.2870,0.0000,0.9010,978.5961,0.0000,0.3551,143.5362,0.0000,0.2605,2830.4192,0.0000,1.5166,2830.4192,26,0
3860.0000,386,2046,2.7000,46,1000,1000,1,1714.1534,0.0000,0.9016,976.0608,0.0000,0.3541,143.1643,0.0000,0.2598,2833.3785,0.0000,1.5155,2833.3784,26,0
3870.0000,387,2050,2.7000,50,1000,1000,1,1717.7934,0.0000,0.9016,973.5387,0.0000,0.3532,142.7944,0.0000,0.2592,2834.1265,0.0000,1.5140,2834.1265,26,0
3880.0000,388,2054,2.7000,54,1000,1000,1,1723.5353,0.0000,0.9013,971.0296,0.0000,0.3523,142.4264,0.0000,0.2585,2836.9912,0.0000,1.5121,2836.9912,26,0
3890.0000,389,2057,2.7000,57,1000,1000,1,1727.8090,0.0000,0.9015,968.5334,0.0000,0.3514,142.0602,0.0000,0.2578,2838.4026,0.0000,1.5108,2838.4026,26,0
3900.0000,390,2052,2.7000,52,1000,1000,1,1731.4220,0.0000,0.9018,966.0499,0.0000,0.3505,141.6960,0.0000,0.2572,2839.1679,0.0000,1.5095,2839.1680,26,0
3910.0000,391,2053,2.7000,53,1000,1000,1,1736.9752,0.0000,0.9015,963.5792,0.0000,0.3496,141.3336,0.0000,0.2565,2841.8880,0.0000,1.5077,2841.8879,26,0
3920.0000,392,2047,2.7000,47,1000,1000,1,1741.3427,0.0000,0.9015,961.1211,0.0000,0.3487,140.9730,0.0000,0.2559,2843.4369,0.0000,1.5061,2843.4368,26,0
3930.0000,393,2044,2.7000,44,1000,1000,1,1745.6456,0.0000,0.9005,958.6755,0.0000,0.3478,140.6143,0.0000,0.2552,2844.9354,0.0000,1.5036,2844.9353,26,0
3940.0000,394,2043,2.7000,43,1000,1000,1,1749.4285,0.0000,0.9003,956.2423,0.0000,0.3470,140.2574,0.0000,0.2546,2845.9282,0.0000,1.5018,2845.9282,26,0
3950.0000,395,2051,2.7000,51,1000,1000,1,1755.4588,0.0000,0.9023,953.8215,0.0000,0.3461,139.9023,0.0000,0.2539,2849.1826,0.0000,1.5023,2849.1826,26,0
3960.0000,396,2056,2.7000,56,1000,1000,1,1759.8716,0.0000,0.9038,951.4128,0.0000,0.3452,139.5491,0.0000,0.2533,2850.8334,0.0000,1.5023,2850.8335,26,0
3970.0000,397,2062,2.7000,62,1000,1000,1,1764.6428,0.0000,0.9053,949.0163,0.0000,0.3443,139.1975,0.0000,0.2526,2852.8566,0.0000,1.5023,2852.8567,26,0
3980.0000,398,2064,2.7000,64,1000,1000,1,1768.1275,0.0000,0.9055,946.6319,0.0000,0.3435,138.8478,0.0000,0.2520,2853.6072,0.0000,1.5010,2853.6072,26,0
3990.0000,399,2066,2.7000,66,1000,1000,1,1772.7935,0.0000,0.9068,944.2593,0.0000,0.3426,138.4998,0.0000,0.2514,2855.5527,0.0000,1.5008,2855.5527,26,0
4000.0000,400,2060,2.7000,60,1000,1000,1,1776.6053,0.0000,0.9058,941.8987,0.0000,0.3417,138.1536,0.0000,0.2507,2856.6575,0.0000,1.4983,2856.6575,26,0
4010.0000,401,2059,2.7000,59,1000,1000,1,1781.4561,0.0000,0.9050,939.5498,0.0000,0.3409,137.8090,0.0000,0.2501,2858.8149,0.0000,1.4960,2858.8149,26,0
4020.0000,402,2058,2.7000,58,1000,1000,1,1787.7567,0.0000,0.9047,937.2126,0.0000,0.3400,137.4662,0.0000,0.2495,2862.4356,0.0000,1.4943,2862.4355,26,0
4030.0000,403,2060,2.7000,60,1000,1000,1,1791.7924,0.0000,0.9047,934.8870,0.0000,0.3392,137.1251,0.0000,0.2489,2863.8046,0.0000,1.4928,2863.8044,26,0
4040.0000,404,2060,2.7000,60,1000,1000,1,1796.2526,0.0000,0.9042,932.5730,0.0000,0.3384,136.7857,0.0000,0.2483,2865.6112,0.0000,1.4908,2865.6113,26,0
4050.0000,405,2058,2.7000,58,1000,1000,1,1801.2860,0.0000,0.9037,930.2703,0.0000,0.3375,136.4480,0.0000,0.2477,2868.0042,0.0000,1.4889,2868.0042,26,0
4060.0000,406,2063,2.7000,63,1000,1000,1,1805.3837,0.0000,0.9054,927.9790,0.0000,0.3367,136.1119,0.0000,0.2470,2869.4746,0.0000,1.4892,2869.4746,26,0
4070.0000,407,2061,2.7000,61,1000,1000,1,1809.2569,0.0000,0.9049,925.6990,0.0000,0.3359,135.7775,0.0000,0.2464,2870.7333,0.0000,1.4872,2870.7334,26,0
4080.0000,408,2059,2.7000,59,1000,1000,1,1814.9209,0.0000,0.9049,923.4301,0.0000,0.3350,135.4447,0.0000,0.2458,2873.7957,0.0000,1.4858,2873.7957,26,0
4090.0000,409,2067,2.7000,67,1000,1000,1,1819.6814,0.0000,0.9068,921.1723,0.0000,0.3342,135.1135,0.0000,0.2452,2875.9672,0.0000,1.4863,2875.9673,26,0
4100.0000,410,2070,2.7000,70,1000,1000,1,1823.4451,0.0000,0.9073,918.9256,0.0000,0.3334,134.7840,0.0000,0.2446,2877.1546,0.0000,1.4854,2877.1545,26,0
4110.0000,411,2075,2.7000,75,1000,1000,1,1828.8988,0.0000,0.9078,916.6897,0.0000,0.3326,134.4560,0.0000,0.2440,2880.0446,0.0000,1.4844,2880.0447,26,0
4120.0000,412,2081,2.7000,81,1000,1000,1,1833.4260,0.0000,0.9095,914.4648,0.0000,0.3318,134.1297,0.0000,0.2434,2882.0204,0.0000,1.4847,2882.0203,26,0
4130.0000,413,2076,2.7000,76,1000,1000,1,1837.1058,0.0000,0.9090,912.2506,0.0000,0.3310,133.8049,0.0000,0.2429,2883.1613,0.0000,1.4828,2883.1611,26,0
4140.0000,414,2074,2.7000,74,1000,1000,1,1840.8843,0.0000,0.9089,910.0471,0.0000,0.3302,133.4817,0.0000,0.2423,2884.4131,0.0000,1.4814,2884.4131,26,0
4150.0000,415,2076,2.7000,76,1000,1000,1,1847.3470,0.0000,0.9087,907.8542,0.0000,0.3294,133.1601,0.0000,0.2417,2888.3612,0.0000,1.4798,2888.3611,26,0
4160.0000,416,2070,2.7000,70,1000,1000,1,1852.1203,0.0000,0.9087,905.6718,0.0000,0.3286,132.8400,0.0000,0.2411,2890.6321,0.0000,1.4784,2890.6321,26,0
4170.0000,417,2068,2.7000,68,1000,1000,1,1856.8677,0.0000,0.9094,903.5000,0.0000,0.3278,132.5214,0.0000,0.2405,2892.8891,0.0000,1.4777,2892.8892,26,0
4180.0000,418,2074,2.7000,74,1000,1000,1,1860.6638,0.0000,0.9100,901.3385,0.0000,0.3270,132.2044,0.0000,0.2400,2894.2066,0.0000,1.4770,2894.2065,26,0
4190.0000,419,2066,2.7000,66,1000,1000,1,1866.2072,0.0000,0.9091,899.1873,0.0000,0.3263,131.8888,0.0000,0.2394,2897.2833,0.0000,1.4747,2897.2832,26,0
4200.0000,420,2062,2.7000,62,1000,1000,1,1869.2401,0.0000,0.9090,897.0464,0.0000,0.3255,131.5748,0.0000,0.2388,2897.8613,0.0000,1.4733,2897.8613,26,0
4210.0000,421,2062,2.7000,62,1000,1000,1,1875.1880,0.0000,0.9088,894.9156,0.0000,0.3247,131.2623,0.0000,0.2382,2901.3659,0.0000,1.4717,2901.3660,26,0
4220.0000,422,2052,2.7000,52,1000,1000,1,1877.9831,0.0000,0.9076,892.7950,0.0000,0.3239,130.9512,0.0000,0.2377,2901.7293,0.0000,1.4692,2901.7292,26,0
4230.0000,423,2050,2.7000,50,1000,1000,1,1883.4796,0.0000,0.9076,890.6843,0.0000,0.3232,130.6417,0.0000,0.2371,2904.8057,0.0000,1.4678,2904.8057,26,0
4240.0000,424,2052,2.7000,52,1000,1000,1,1887.7182,0.0000,0.9073,888.5837,0.0000,0.3224,130.3336,0.0000,0.2366,2906.6355,0.0000,1.4663,2906.6355,26,0
4250.0000,425,2054,2.7000,54,1000,1000,1,1893.9385,0.0000,0.9071,886.4929,0.0000,0.3216,130.0269,0.0000,0.2360,2910.4583,0.0000,1.4647,2910.4583,26,0
4260.0000,426,2051,2.7000,51,1000,1000,1,1898.6525,0.0000,0.9068,884.4119,0.0000,0.3209,129.7217,0.0000,0.2354,2912.7861,0.0000,1.4631,2912.7861,26,0
4270.0000,427,2054,2.7000,54,1000,1000,1,1903.2561,0.0000,0.9073,882.3407,0.0000,0.3201,129.4179,0.0000,0.2349,2915.0147,0.0000,1.4623,2915.0146,26,0
4280.0000,428,2052,2.7000,52,1000,1000,1,1907.6137,0.0000,0.9084,880.2792,0.0000,0.3194,129.1155,0.0000,0.2343,2917.0084,0.0000,1.4621,2917.0083,26,0
4290.0000,429,2050,2.7000,50,1000,1000,1,1911.3628,0.0000,0.9084,878.2272,0.0000,0.3186,128.8145,0.0000,0.2338,2918.4045,0.0000,1.4608,2918.4045,26,0
4300.0000,430,2046,2.7000,46,1000,1000,1,1915.9647,0.0000,0.9074,876.1848,0.0000,0.3179,128.5149,0.0000,0.2333,2920.6645,0.0000,1.4586,2920.6646,26,0
4310.0000,431,2039,2.7000,39,1000,1000,1,1920.4028,0.0000,0.9072,874.1519,0.0000,0.3172,128.2168,0.0000,0.2327,2922.7715,0.0000,1.4571,2922.7715,26,0
4320.0000,432,2037,2.7000,37,1000,1000,1,1921.3192,0.0000,0.9065,872.1284,0.0000,0.3164,127.9200,0.0000,0.2322,2921.3676,0.0000,1.4551,2921.3677,26,0
4330.0000,433,2038,2.7000,38,1000,1000,1,1928.6056,0.0000,0.9062,870.1143,0.0000,0.3157,127.6245,0.0000,0.2316,2926.3444,0.0000,1.4536,2926.3445,26,0
4340.0000,434,2044,2.7000,44,1000,1000,1,1935.0693,0.0000,0.9069,868.1094,0.0000,0.3150,127.3305,0.0000,0.2311,2930.5091,0.0000,1.4530,2930.5090,26,0
4350.0000,435,2042,2.7000,42,1000,1000,1,1936.0366,0.0000,0.9064,866.1137,0.0000,0.3143,127.0378,0.0000,0.2306,2929.1881,0.0000,1.4513,2929.1880,26,0
4360.0000,436,2042,2.7000,42,1000,1000,1,1944.3783,0.0000,0.9062,864.1272,0.0000,0.3135,126.7464,0.0000,0.2300,2935.2520,0.0000,1.4498,2935.2520,26,0
4370.0000,437,2041,2.7000,41,1000,1000,1,1948.5495,0.0000,0.9057,862.1498,0.0000,0.3128,126.4564,0.0000,0.2295,2937.1557,0.0000,1.4481,2937.1558,26,0
4380.0000,438,2029,2.7000,29,1000,1000,1,1952.6523,0.0000,0.9053,860.1815,0.0000,0.3121,126.1676,0.0000,0.2290,2939.0014,0.0000,1.4463,2939.0015,26,0
4390.0000,439,2030,2.7000,30,1000,1000,1,1958.2344,0.0000,0.9052,858.2220,0.0000,0.3114,125.8802,0.0000,0.2285,2942.3367,0.0000,1.4451,2942.3367,26,0
4400.0000,440,2028,2.7000,28,1000,1000,1,1962.5397,0.0000,0.9055,856.2715,0.0000,0.3107,125.5941,0.0000,0.2280,2944.4054,0.0000,1.4441,2944.4055,26,0
4410.0000,441,2019,2.7000,19,1000,1000,1,1966.6853,0.0000,0.9050,854.3299,0.0000,0.3100,125.3094,0.0000,0.2274,2946.3246,0.0000,1.4424,2946.3245,25,0
4420.0000,442,2017,2.7000,17,1000,1000,1,1970.2471,0.0000,0.9048,852.3970,0.0000,0.3093,125.0258,0.0000,0.2269,2947.6700,0.0000,1.4410,2947.6699,25,0
4430.0000,443,2021,2.7000,21,1000,1000,1,1975.9421,0.0000,0.9050,850.4729,0.0000,0.3086,124.7436,0.0000,0.2264,2951.1586,0.0000,1.4400,2951.1587,26,0
4440.0000,444,2016,2.7000,16,1000,1000,1,1980.5377,0.0000,0.9047,848.5574,0.0000,0.3079,124.4627,0.0000,0.2259,2953.5577,0.0000,1.4385,2953.5579,25,0
4450.0000,445,2011,2.7000,11,1000,1000,1,1984.7034,0.0000,0.9047,846.6505,0.0000,0.3072,124.1830,0.0000,0.2254,2955.5369,0.0000,1.4373,2955.5369,25,0
4460.0000,446,2008,2.7000,8,1000,1000,1,1989.9375,0.0000,0.9049,844.7522,0.0000,0.3065,123.9045,0.0000,0.2249,2958.5943,0.0000,1.4363,2958.5942,25,0
4470.0000,447,2010,2.7000,10,1000,1000,1,1995.2545,0.0000,0.9051,842.8624,0.0000,0.3058,123.6274,0.0000,0.2244,2961.7442,0.0000,1.4353,2961.7441,25,0
4480.0000,448,2009,2.7000,9,1000,1000,1,1996.1460,0.0000,0.9045,840.9810,0.0000,0.3051,123.3514,0.0000,0.2239,2960.4783,0.0000,1.4335,2960.4783,25,0
4490.0000,449,2006,2.7000,6,1000,1000,1,2001.4252,0.0000,0.9038,839.1080,0.0000,0.3045,123.0767,0.0000,0.2234,2963.6098,0.0000,1.4316,2963.6099,25,0
4500.0000,450,2002,2.7000,2,1000,1000,1,2008.6911,0.0000,0.9042,837.2433,0.0000,0.3038,122.8032,0.0000,0.2229,2968.7376,0.0000,1.4309,2968.7375,24,0
4510.0000,451,2003,2.7000,3,1000,1000,1,2013.4761,0.0000,0.9044,835.3869,0.0000,0.3031,122.5309,0.0000,0.2224,2971.3939,0.0000,1.4299,2971.3938,24,0
4520.0000,452,2001,2.7000,1,1000,1000,1,2016.3676,0.0000,0.9038,833.5387,0.0000,0.3024,122.2598,0.0000,0.2219,2972.1660,0.0000,1.4281,2972.1660,24,0
4530.0000,453,2008,2.7000,8,1000,1000,1,2022.2506,0.0000,0.9040,831.6986,0.0000,0.3018,121.9899,0.0000,0.2214,2975.9392,0.0000,1.4272,2975.9392,25,0
4540.0000,454,2004,2.7000,4,1000,1000,1,2025.5278,0.0000,0.9029,829.8667,0.0000,0.3011,121.7212,0.0000,0.2209,2977.1157,0.0000,1.4249,2977.1157,24,0
4550.0000,455,2008,2.7000,8,1000,1000,1,2031.8748,0.0000,0.9044,828.0428,0.0000,0.3004,121.4537,0.0000,0.2204,2981.3713,0.0000,1.4253,2981.3713,25,0
4560.0000,456,2014,2.7000,14,1000,1000,1,2036.4460,0.0000,0.9044,826.2269,0.0000,0.2998,121.1873,0.0000,0.2200,2983.8602,0.0000,1.4241,2983.8601,25,0
4570.0000,457,2015,2.7000,15,1000,1000,1,2040.4861,0.0000,0.9042,824.4190,0.0000,0.2991,120.9222,0.0000,0.2195,2985.8272,0.0000,1.4228,2985.8271,25,0
4580.0000,458,2012,2.7000,12,1000,1000,1,2045.0055,0.0000,0.9037,822.6190,0.0000,0.2985,120.6581,0.0000,0.2190,2988.2826,0.0000,1.4212,2988.2827,25,0
4590.0000,459,2007,2.7000,7,1000,1000,1,2047.6160,0.0000,0.9033,820.8268,0.0000,0.2978,120.3953,0.0000,0.2185,2988.8380,0.0000,1.4196,2988.8381,25,0
4600.0000,460,2010,2.7000,10,1000,1000,1,2054.1630,0.0000,0.9037,819.0423,0.0000,0.2972,120.1335,0.0000,0.2180,2993.3389,0.0000,1.4189,2993.3389,25,0
4610.0000,461,2009,2.7000,9,1000,1000,1,2058.4745,0.0000,0.9035,817.2657,0.0000,0.2965,119.8729,0.0000,0.2176,2995.6131,0.0000,1.4176,2995.6130,25,0
4620.0000,462,2008,2.7000,8,1000,1000,1,2063.1360,0.0000,0.9037,815.4967,0.0000,0.2959,119.6135,0.0000,0.2171,2998.2462,0.0000,1.4167,2998.2461,25,0
4630.0000,463,2006,2.7000,6,1000,1000,1,2067.7758,0.0000,0.9035,813.7354,0.0000,0.2952,119.3551,0.0000,0.2166,3000.8663,0.0000,1.4153,3000.8662,25,0
4640.0000,464,2000,2.7000,0,1000,1000,1,2071.3372,0.0000,0.9026,1114.4856,0.0000,0.2955,119.0979,0.0000,0.2162,3304.9207,0.0000,1.4142,3304.9207,24,0
4650.0000,465,1995,2.7000,0,995,1000,1,2075.3299,0.0000,0.9019,1115.1465,0.0000,0.2955,118.8418,0.0000,0.2157,3309.3182,0.0000,1.4131,3309.3181,24,0
4660.0000,466,2008,2.7000,8,1000,1000,1,2081.7515,0.0000,0.9034,1115.4076,0.0000,0.2959,118.5867,0.0000,0.2152,3315.7459,0.0000,1.4146,3315.7458,25,0
4670.0000,467,2000,2.7000,0,1000,1000,1,2083.6135,0.0000,0.9026,1113.0192,0.0000,0.2953,118.3328,0.0000,0.2148,3314.9654,0.0000,1.4126,3314.9653,24,0
4680.0000,468,2002,2.7000,2,1000,1000,1,2089.5562,0.0000,0.9032,1116.5937,0.0000,0.2953,118.0800,0.0000,0.2143,3324.2299,0.0000,1.4128,3324.2300,24,0
4690.0000,469,2001,2.7000,1,1000,1000,1,2095.6333,0.0000,0.9030,1117.2837,0.0000,0.2953,117.8282,0.0000,0.2139,3330.7452,0.0000,1.4122,3330.7451,24,0
4700.0000,470,2000,2.7000,0,1000,1000,1,2098.8486,0.0000,0.9023,1114.9065,0.0000,0.2947,117.5775,0.0000,0.2134,3331.3325,0.0000,1.4104,3331.3325,24,0
4710.0000,471,1999,2.7000,1,998,1000,1,2104.3840,0.0000,0.9015,1118.5386,0.0000,0.2947,117.3279,0.0000,0.2130,3340.2505,0.0000,1.4091,3340.2505,24,0
4720.0000,472,1999,2.7000,0,999,1000,1,2108.7392,0.0000,0.9008,1118.9803,0.0000,0.2951,117.0793,0.0000,0.2125,3344.7987,0.0000,1.4085,3344.7988,24,0
4730.0000,473,2002,2.7000,2,1000,1000,1,2113.7193,0.0000,0.9008,1119.2959,0.0000,0.2964,116.8318,0.0000,0.2121,3349.8470,0.0000,1.4093,3349.8469,24,0
4740.0000,474,2000,2.7000,1,999,1000,1,2118.3414,0.0000,0.9004,1119.7399,0.0000,0.2970,116.5853,0.0000,0.2116,3354.6666,0.0000,1.4091,3354.6665,24,0
4750.0000,475,2001,2.7000,1,1000,1000,1,2123.0483,0.0000,0.9004,1120.9095,0.0000,0.2971,116.3398,0.0000,0.2112,3360.2976,0.0000,1.4086,3360.2976,24,0
4760.0000,476,2002,2.7000,2,1000,1000,1,2127.2164,0.0000,0.9000,1121.5165,0.0000,0.2977,116.0954,0.0000,0.2107,3364.8283,0.0000,1.4084,3364.8284,24,0
4770.0000,477,2001,2.7000,1,1000,1000,1,2130.7002,0.0000,0.8992,1121.4573,0.0000,0.2977,115.8520,0.0000,0.2103,3368.0096,0.0000,1.4071,3368.0095,24,0
4780.0000,478,2004,2.7000,4,1000,1000,1,2135.3524,0.0000,0.8987,1122.8300,0.0000,0.2977,115.6097,0.0000,0.2098,3373.7921,0.0000,1.4063,3373.7920,24,0
4790.0000,479,2002,2.7000,2,1000,1000,1,2140.4357,0.0000,0.8983,1123.0792,0.0000,0.2973,115.3683,0.0000,0.2094,3378.8832,0.0000,1.4050,3378.8833,24,0
4800.0000,480,2003,2.7000,3,1000,1000,1,2145.4764,0.0000,0.8988,1120.7395,0.0000,0.2967,115.1280,0.0000,0.2090,3381.3438,0.0000,1.4044,3381.3438,24,0
4810.0000,481,2000,2.7000,1,999,1000,1,2150.1570,0.0000,0.8990,1118.4095,0.0000,0.2960,114.8886,0.0000,0.2085,3383.4551,0.0000,1.4035,3383.4551,24,0
4820.0000,482,2004,2.7000,4,1000,1000,1,2154.2549,0.0000,0.8990,1124.0122,0.0000,0.2965,114.6503,0.0000,0.2081,3392.9174,0.0000,1.4035,3392.9175,24,0
4830.0000,483,2000,2.7000,1,999,1000,1,2159.0310,0.0000,0.8981,1121.6851,0.0000,0.2959,114.4129,0.0000,0.2077,3395.1290,0.0000,1.4017,3395.1289,24,0
4840.0000,484,2002,2.7000,2,1000,1000,1,2163.1520,0.0000,0.8981,1123.8287,0.0000,0.2955,114.1765,0.0000,0.2072,3401.1572,0.0000,1.4008,3401.1572,24,0
4850.0000,485,2007,2.7000,7,1000,1000,1,2166.8362,0.0000,0.8992,1121.5116,0.0000,0.2948,113.9411,0.0000,0.2068,3402.2888,0.0000,1.4008,3402.2888,25,0
4860.0000,486,2007,2.7000,7,1000,1000,1,2172.4327,0.0000,0.8992,1119.2039,0.0000,0.2942,113.7066,0.0000,0.2064,3405.3433,0.0000,1.3998,3405.3433,25,0
4870.0000,487,2008,2.7000,8,1000,1000,1,2177.1909,0.0000,0.8988,1116.9058,0.0000,0.2936,113.4732,0.0000,0.2060,3407.5699,0.0000,1.3984,3407.5698,25,0
4880.0000,488,2013,2.7000,13,1000,1000,1,2180.0739,0.0000,0.8986,1114.6170,0.0000,0.2930,113.2406,0.0000,0.2055,3407.9316,0.0000,1.3971,3407.9316,25,0
4890.0000,489,2010,2.7000,10,1000,1000,1,2186.2556,0.0000,0.8990,1112.3376,0.0000,0.2924,113.0091,0.0000,0.2051,3411.6023,0.0000,1.3965,3411.6023,25,0
4900.0000,490,2002,2.7000,2,1000,1000,1,2188.6824,0.0000,0.8982,1110.0676,0.0000,0.2918,112.7784,0.0000,0.2047,3411.5284,0.0000,1.3947,3411.5283,24,0
4910.0000,491,2007,2.7000,7,1000,1000,1,2194.8250,0.0000,0.8990,1107.8067,0.0000,0.2912,112.5487,0.0000,0.2043,3415.1805,0.0000,1.3945,3415.1804,25,0
4920.0000,492,2010,2.7000,10,1000,1000,1,2199.8620,0.0000,0.9008,1105.5551,0.0000,0.2907,112.3200,0.0000,0.2039,3417.7370,0.0000,1.3953,3417.7371,25,0
4930.0000,493,2006,2.7000,6,1000,1000,1,2203.3951,0.0000,0.9002,1103.3126,0.0000,0.2901,112.0921,0.0000,0.2034,3418.7998,0.0000,1.3937,3418.7998,25,0
4940.0000,494,2002,2.7000,2,1000,1000,1,2208.8904,0.0000,0.9004,1101.0792,0.0000,0.2895,111.8652,0.0000,0.2030,3421.8348,0.0000,1.3929,3421.8347,24,0
4950.0000,495,2001,2.7000,1,1000,1000,1,2212.2189,0.0000,0.8996,1133.1666,0.0000,0.2895,111.6392,0.0000,0.2026,3457.0248,0.0000,1.3917,3457.0249,24,0
4960.0000,496,2001,2.7000,1,1000,1000,1,2215.3838,0.0000,0.8986,1133.4500,0.0000,0.2901,111.4142,0.0000,0.2022,3460.2479,0.0000,1.3909,3460.2480,24,0
4970.0000,497,2001,2.7000,3,998,1000,1,2221.6580,0.0000,0.8982,1133.6695,0.0000,0.2903,111.1900,0.0000,0.2018,3466.5175,0.0000,1.3903,3466.5176,24,0
4980.0000,498,1994,2.7000,1,993,1000,1,2226.6848,0.0000,0.8988,1135.1175,0.0000,0.2910,110.9667,0.0000,0.2014,3472.7690,0.0000,1.3912,3472.7690,24,0
4990.0000,499,2005,2.7000,5,1000,1000,1,2230.6066,0.0000,0.8994,1134.1881,0.0000,0.2922,110.7443,0.0000,0.2010,3475.5391,0.0000,1.3926,3475.5391,24,0
5000.0000,500,2002,2.7000,2,1000,1000,1,2235.2221,0.0000,0.8986,1136.1388,0.0000,0.2924,110.5229,0.0000,0.2006,3481.8838,0.0000,1.3916,3481.8838,24,0
5010.0000,501,2006,2.7000,6,1000,1000,1,2240.5791,0.0000,0.8992,1133.8711,0.0000,0.2918,110.3022,0.0000,0.2002,3484.7524,0.0000,1.3912,3484.7524,25,0
5020.0000,502,2009,2.7000,9,1000,1000,1,2244.8470,0.0000,0.8990,1131.6124,0.0000,0.2912,110.0825,0.0000,0.1998,3486.5419,0.0000,1.3900,3486.5417,25,0
5030.0000,503,2008,2.7000,8,1000,1000,1,2249.2923,0.0000,0.8994,1129.3626,0.0000,0.2907,109.8637,0.0000,0.1994,3488.5186,0.0000,1.3895,3488.5186,25,0
5040.0000,504,2007,2.7000,7,1000,1000,1,2254.1135,0.0000,0.8998,1127.1218,0.0000,0.2901,109.6457,0.0000,0.1990,3490.8811,0.0000,1.3889,3490.8811,25,0
5050.0000,505,2008,2.7000,8,1000,1000,1,2258.5418,0.0000,0.8998,1124.8899,0.0000,0.2895,109.4286,0.0000,0.1986,3492.8602,0.0000,1.3879,3492.8604,25,0
5060.0000,506,2015,2.7000,15,1000,1000,1,2263.0482,0.0000,0.9010,1122.6668,0.0000,0.2889,109.2123,0.0000,0.1982,3494.9274,0.0000,1.3881,3494.9272,25,0
5070.0000,507,2006,2.7000,6,1000,1000,1,2266.5268,0.0000,0.9002,1120.4525,0.0000,0.2884,108.9969,0.0000,0.1978,3495.9762,0.0000,1.3864,3495.9761,25,0
5080.0000,508,2008,2.7000,8,1000,1000,1,2271.6850,0.0000,0.9008,1118.2469,0.0000,0.2878,108.7823,0.0000,0.1974,3498.7142,0.0000,1.3860,3498.7141,25,0
5090.0000,509,2007,2.7000,7,1000,1000,1,2276.6719,0.0000,0.9016,1116.0499,0.0000,0.2872,108.5686,0.0000,0.1971,3501.2904,0.0000,1.3859,3501.2905,25,0
5100.0000,510,2011,2.7000,11,1000,1000,1,2279.2255,0.0000,0.9014,1113.8616,0.0000,0.2867,108.3557,0.0000,0.1967,3501.4428,0.0000,1.3847,3501.4429,25,0
5110.0000,511,2008,2.7000,8,1000,1000,1,2285.0581,0.0000,0.9022,1111.6818,0.0000,0.2861,108.1437,0.0000,0.1963,3504.8836,0.0000,1.3845,3504.8835,25,0
5120.0000,512,2004,2.7000,4,1000,1000,1,2290.1804,0.0000,0.9014,1109.5106,0.0000,0.2855,107.9325,0.0000,0.1959,3507.6234,0.0000,1.3828,3507.6233,24,0
5130.0000,513,2009,2.7000,9,1000,1000,1,2293.4881,0.0000,0.9021,1107.3478,0.0000,0.2850,107.7221,0.0000,0.1955,3508.5580,0.0000,1.3827,3508.5579,25,0
5140.0000,514,2001,2.7000,1,1000,1000,1,2297.0047,0.0000,0.9018,1105.1934,0.0000,0.2844,107.5125,0.0000,0.1951,3509.7106,0.0000,1.3813,3509.7107,24,0
5150.0000,515,1999,2.7000,0,999,1000,1,2301.5971,0.0000,0.9012,1145.7994,0.0000,0.2850,107.3037,0.0000,0.1948,3554.7003,0.0000,1.3810,3554.7002,24,0
5160.0000,516,2004,2.7000,4,1000,1000,1,2308.4823,0.0000,0.9016,1146.0082,0.0000,0.2853,107.0958,0.0000,0.1944,3561.5863,0.0000,1.3812,3561.5862,24,0
5170.0000,517,2002,2.7000,2,1000,1000,1,2312.1995,0.0000,0.9014,1143.7915,0.0000,0.2847,106.8886,0.0000,0.1940,3562.8797,0.0000,1.3801,3562.8796,24,0
5180.0000,518,2003,2.7000,3,1000,1000,1,2315.9151,0.0000,0.9014,1147.3111,0.0000,0.2846,106.6823,0.0000,0.1936,3569.9085,0.0000,1.3795,3569.9084,24,0
5190.0000,519,2000,2.7000,2,998,1000,1,2322.1632,0.0000,0.9019,1148.3656,0.0000,0.2846,106.4767,0.0000,0.1933,3577.0055,0.0000,1.3798,3577.0056,24,0
5200.0000,520,2002,2.7000,2,1000,1000,1,2326.7090,0.0000,0.9015,1148.4681,0.0000,0.2850,106.2720,0.0000,0.1929,3581.4490,0.0000,1.3794,3581.4490,24,0
5210.0000,521,2002,2.7000,2,1000,1000,1,2330.9693,0.0000,0.9012,1148.3399,0.0000,0.2848,106.0680,0.0000,0.1925,3585.3772,0.0000,1.3785,3585.3772,24,0
5220.0000,522,2001,2.7000,1,1000,1000,1,2335.7156,0.0000,0.9011,1149.9273,0.0000,0.2845,105.8648,0.0000,0.1921,3591.5078,0.0000,1.3778,3591.5078,24,0
5230.0000,523,1999,2.7000,0,999,1000,1,2339.6205,0.0000,0.9017,1150.8208,0.0000,0.2843,105.6624,0.0000,0.1918,3596.1037,0.0000,1.3778,3596.1038,24,0
5240.0000,524,1998,2.7000,1,997,1000,1,2344.5296,0.0000,0.9010,1151.4822,0.0000,0.2853,105.4607,0.0000,0.1914,3601.4726,0.0000,1.3777,3601.4727,24,0
5250.0000,525,2000,2.7000,1,999,1000,1,2349.3823,0.0000,0.9011,1149.8855,0.0000,0.2853,105.2599,0.0000,0.1910,3604.5277,0.0000,1.3775,3604.5276,24,0
5260.0000,526,2004,2.7000,4,1000,1000,1,2353.8818,0.0000,0.9004,1150.5194,0.0000,0.2850,105.0597,0.0000,0.1907,3609.4610,0.0000,1.3760,3609.4609,24,0
5270.0000,527,2002,2.7000,2,1000,1000,1,2357.4080,0.0000,0.8996,1148.3362,0.0000,0.2844,104.8604,0.0000,0.1903,3610.6047,0.0000,1.3744,3610.6047,24,0
5280.0000,528,1998,2.7000,0,998,1000,1,2361.2220,0.0000,0.8992,1146.1614,0.0000,0.2839,104.6618,0.0000,0.1900,3612.0452,0.0000,1.3731,3612.0452,24,0
5290.0000,529,2005,2.7000,5,1000,1000,1,2367.3788,0.0000,0.8991,1154.1446,0.0000,0.2843,104.4639,0.0000,0.1896,3625.9874,0.0000,1.3730,3625.9873,24,0
5300.0000,530,2008,2.7000,8,1000,1000,1,2369.6658,0.0000,0.8989,1151.9670,0.0000,0.2838,104.2668,0.0000,0.1892,3625.8997,0.0000,1.3719,3625.8997,25,0
5310.0000,531,2002,2.7000,2,1000,1000,1,2373.6272,0.0000,0.8983,1149.7975,0.0000,0.2832,104.0705,0.0000,0.1889,3627.4952,0.0000,1.3704,3627.4951,24,0
5320.0000,532,2003,2.7000,3,1000,1000,1,2380.8857,0.0000,0.8987,1156.9859,0.0000,0.2835,103.8749,0.0000,0.1885,3641.7465,0.0000,1.3707,3641.7466,24,0
5330.0000,533,2000,2.7000,0,1000,1000,1,2383.9816,0.0000,0.8979,1157.5585,0.0000,0.2833,103.6800,0.0000,0.1882,3645.2201,0.0000,1.3694,3645.2200,24,0
5340.0000,534,1998,2.7000,2,996,1000,1,2389.5562,0.0000,0.8979,1156.1520,0.0000,0.2831,103.4858,0.0000,0.1878,3649.1940,0.0000,1.3689,3649.1941,24,0
5350.0000,535,2003,2.7000,3,1000,1000,1,2392.2065,0.0000,0.8972,1158.2095,0.0000,0.2834,103.2924,0.0000,0.1875,3653.7084,0.0000,1.3680,3653.7083,24,0
5360.0000,536,2009,2.7000,9,1000,1000,1,2397.1084,0.0000,0.8978,1156.0486,0.0000,0.2828,103.0997,0.0000,0.1871,3656.2567,0.0000,1.3677,3656.2566,25,0
5370.0000,537,2008,2.7000,8,1000,1000,1,2399.5608,0.0000,0.8966,1153.8958,0.0000,0.2823,102.9077,0.0000,0.1868,3656.3643,0.0000,1.3657,3656.3643,25,0
5380.0000,538,2013,2.7000,13,1000,1000,1,2407.2062,0.0000,0.8970,1151.7510,0.0000,0.2818,102.7164,0.0000,0.1864,3661.6736,0.0000,1.3652,3661.6736,25,0
5390.0000,539,2016,2.7000,16,1000,1000,1,2410.1766,0.0000,0.8970,1149.6142,0.0000,0.2813,102.5258,0.0000,0.1861,3662.3166,0.0000,1.3644,3662.3167,25,0
5400.0000,540,2015,2.7000,15,1000,1000,1,2417.1012,0.0000,0.8972,1147.4853,0.0000,0.2807,102.3360,0.0000,0.1857,3666.9224,0.0000,1.3637,3666.9224,25,0
5410.0000,541,2015,2.7000,15,1000,1000,1,2420.7021,0.0000,0.8978,1145.3642,0.0000,0.2802,102.1468,0.0000,0.1854,3668.2131,0.0000,1.3634,3668.2131,25,0
5420.0000,542,2011,2.7000,11,1000,1000,1,2422.2628,0.0000,0.8976,1143.2510,0.0000,0.2797,101.9583,0.0000,0.1851,3667.4721,0.0000,1.3624,3667.4722,25,0
5430.0000,543,2017,2.7000,17,1000,1000,1,2429.9653,0.0000,0.8985,1141.1456,0.0000,0.2792,101.7706,0.0000,0.1847,3672.8814,0.0000,1.3624,3672.8813,25,0
5440.0000,544,2017,2.7000,17,1000,1000,1,2434.9535,0.0000,0.8982,1139.0479,0.0000,0.2787,101.5835,0.0000,0.1844,3675.5849,0.0000,1.3612,3675.5850,25,0
5450.0000,545,2016,2.7000,16,1000,1000,1,2439.0009,0.0000,0.8978,1136.9579,0.0000,0.2782,101.3971,0.0000,0.1840,3677.3559,0.0000,1.3600,3677.3560,25,0
5460.0000,546,2019,2.7000,19,1000,1000,1,2443.4691,0.0000,0.8980,1134.8756,0.0000,0.2777,101.2114,0.0000,0.1837,3679.5561,0.0000,1.3593,3679.5562,25,0
5470.0000,547,2015,2.7000,15,1000,1000,1,2448.5110,0.0000,0.8980,1132.8008,0.0000,0.2771,101.0264,0.0000,0.1834,3682.3382,0.0000,1.3585,3682.3381,25,0
5480.0000,548,2009,2.7000,9,1000,1000,1,2449.7696,0.0000,0.8971,1130.7337,0.0000,0.2766,100.8420,0.0000,0.1830,3681.3453,0.0000,1.3568,3681.3455,25,0
5490.0000,549,2006,2.7000,6,1000,1000,1,2457.5205,0.0000,0.8971,1128.6741,0.0000,0.2761,100.6583,0.0000,0.1827,3686.8529,0.0000,1.3559,3686.8530,25,0
5500.0000,550,2005,2.7000,5,1000,1000,1,2459.4116,0.0000,0.8973,1126.6219,0.0000,0.2756,100.4753,0.0000,0.1824,3686.5088,0.0000,1.3553,3686.5088,24,0
5510.0000,551,2000,2.7000,0,1000,1000,1,2465.6627,0.0000,0.8976,1169.3090,0.0000,0.2755,100.2930,0.0000,0.1820,3735.2646,0.0000,1.3552,3735.2646,24,0
5520.0000,552,2007,2.7000,7,1000,1000,1,2469.7086,0.0000,0.8982,1167.1907,0.0000,0.2750,100.1113,0.0000,0.1817,3737.0105,0.0000,1.3549,3737.0105,25,0
5530.0000,553,2003,2.7000,3,1000,1000,1,2474.2357,0.0000,0.8986,1165.0800,0.0000,0.2745,99.9302,0.0000,0.1814,3739.2459,0.0000,1.3544,3739.2458,24,0
5540.0000,554,2009,2.7000,9,1000,1000,1,2479.7853,0.0000,0.9000,1162.9770,0.0000,0.2740,99.7499,0.0000,0.1810,3742.5121,0.0000,1.3551,3742.5122,25,0
5550.0000,555,2014,2.7000,14,1000,1000,1,2484.3137,0.0000,0.9005,1160.8815,0.0000,0.2735,99.5701,0.0000,0.1807,3744.7653,0.0000,1.3548,3744.7654,25,0
5560.0000,556,2018,2.7000,18,1000,1000,1,2488.7750,0.0000,0.9014,1158.7936,0.0000,0.2730,99.3911,0.0000,0.1804,3746.9597,0.0000,1.3549,3746.9597,25,0
5570.0000,557,2019,2.7000,19,1000,1000,1,2493.6448,0.0000,0.9016,1156.7132,0.0000,0.2725,99.2126,0.0000,0.1801,3749.5706,0.0000,1.3542,3749.5706,25,0
5580.0000,558,2015,2.7000,15,1000,1000,1,2498.0843,0.0000,0.9016,1154.6402,0.0000,0.2720,99.0348,0.0000,0.1797,3751.7594,0.0000,1.3534,3751.7593,25,0
5590.0000,559,2009,2.7000,9,1000,1000,1,2498.0271,0.0000,0.9009,1152.5747,0.0000,0.2716,98.8576,0.0000,0.1794,3749.4594,0.0000,1.3519,3749.4595,25,0
5600.0000,560,2009,2.7000,9,1000,1000,1,2506.4720,0.0000,0.9011,1150.5165,0.0000,0.2711,98.6811,0.0000,0.1791,3755.6697,0.0000,1.3513,3755.6697,25,0
5610.0000,561,1999,2.7000,0,999,1000,1,2510.1364,0.0000,0.9004,1148.4657,0.0000,0.2706,98.5052,0.0000,0.1788,3757.1073,0.0000,1.3497,3757.1072,24,0
5620.0000,562,1997,2.7000,0,997,1000,1,2514.1989,0.0000,0.8996,1176.1292,0.0000,0.2710,98.3299,0.0000,0.1785,3788.6580,0.0000,1.3491,3788.6580,24,0
5630.0000,563,2003,2.7000,3,1000,1000,1,2520.5159,0.0000,0.8996,1175.9652,0.0000,0.2721,98.1553,0.0000,0.1782,3794.6364,0.0000,1.3499,3794.6365,24,0
5640.0000,564,2001,2.7000,1,1000,1000,1,2523.5572,0.0000,0.8993,1177.0691,0.0000,0.2723,97.9813,0.0000,0.1778,3798.6075,0.0000,1.3495,3798.6077,24,0
5650.0000,565,2004,2.7000,4,1000,1000,1,2527.9884,0.0000,0.9000,1174.9858,0.0000,0.2719,97.8078,0.0000,0.1775,3800.7821,0.0000,1.3494,3800.7820,24,0
5660.0000,566,2000,2.7000,0,1000,1000,1,2530.7725,0.0000,0.8998,1177.5382,0.0000,0.2719,97.6350,0.0000,0.1772,3805.9457,0.0000,1.3489,3805.9456,24,0
5670.0000,567,2001,2.7000,1,1000,1000,1,2537.9884,0.0000,0.8993,1178.6332,0.0000,0.2720,97.4628,0.0000,0.1769,3814.0845,0.0000,1.3481,3814.0845,24,0
5680.0000,568,2002,2.7000,2,1000,1000,1,2542.3196,0.0000,0.8988,1176.5582,0.0000,0.2715,97.2912,0.0000,0.1766,3816.1691,0.0000,1.3468,3816.1692,24,0
5690.0000,569,2001,2.7000,1,1000,1000,1,2546.7228,0.0000,0.8981,1180.0761,0.0000,0.2712,97.1203,0.0000,0.1763,3823.9192,0.0000,1.3455,3823.9192,24,0
5700.0000,570,2000,2.7000,0,1000,1000,1,2552.0169,0.0000,0.8977,1180.4659,0.0000,0.2716,96.9499,0.0000,0.1760,3829.4327,0.0000,1.3453,3829.4326,24,0
5710.0000,571,2001,2.7000,1,1000,1000,1,2556.1860,0.0000,0.8977,1181.7918,0.0000,0.2720,96.7801,0.0000,0.1757,3834.7579,0.0000,1.3454,3834.7578,24,0
5720.0000,572,2005,2.7000,5,1000,1000,1,2561.0592,0.0000,0.8983,1180.3289,0.0000,0.2717,96.6109,0.0000,0.1753,3837.9990,0.0000,1.3453,3837.9990,24,0
5730.0000,573,2002,2.7000,2,1000,1000,1,2565.1188,0.0000,0.8983,1178.2690,0.0000,0.2712,96.4423,0.0000,0.1750,3839.8301,0.0000,1.3445,3839.8301,24,0
5740.0000,574,2002,2.7000,4,998,1000,1,2570.4924,0.0000,0.8981,1183.6178,0.0000,0.2714,96.2743,0.0000,0.1747,3850.3845,0.0000,1.3443,3850.3845,24,0
5750.0000,575,2006,2.7000,6,1000,1000,1,2574.6331,0.0000,0.8988,1182.4236,0.0000,0.2713,96.1068,0.0000,0.1744,3853.1635,0.0000,1.3445,3853.1636,25,0
5760.0000,576,2001,2.7000,1,1000,1000,1,2578.7766,0.0000,0.8981,1185.0274,0.0000,0.2710,95.9400,0.0000,0.1741,3859.7439,0.0000,1.3432,3859.7439,24,0
5770.0000,577,1999,2.7000,0,999,1000,1,2582.1896,0.0000,0.8977,1185.0088,0.0000,0.2711,95.7737,0.0000,0.1738,3862.9721,0.0000,1.3426,3862.9722,24,0
5780.0000,578,2007,2.7000,7,1000,1000,1,2588.2808,0.0000,0.8981,1185.6736,0.0000,0.2713,95.6080,0.0000,0.1735,3869.5625,0.0000,1.3429,3869.5625,25,0
5790.0000,579,2005,2.7000,5,1000,1000,1,2592.4743,0.0000,0.8981,1183.6258,0.0000,0.2708,95.4429,0.0000,0.1732,3871.5430,0.0000,1.3421,3871.5430,24,0
5800.0000,580,2009,2.7000,9,1000,1000,1,2595.7475,0.0000,0.8981,1181.5851,0.0000,0.2703,95.2783,0.0000,0.1729,3872.6110,0.0000,1.3414,3872.6108,25,0
5810.0000,581,2011,2.7000,11,1000,1000,1,2601.6199,0.0000,0.8985,1179.5514,0.0000,0.2699,95.1143,0.0000,0.1726,3876.2856,0.0000,1.3410,3876.2856,25,0
5820.0000,582,2012,2.7000,12,1000,1000,1,2605.9914,0.0000,0.8988,1177.5247,0.0000,0.2694,94.9509,0.0000,0.1723,3878.4670,0.0000,1.3405,3878.4670,25,0
5830.0000,583,2012,2.7000,12,1000,1000,1,2610.7552,0.0000,0.8988,1175.5049,0.0000,0.2690,94.7880,0.0000,0.1720,3881.0482,0.0000,1.3398,3881.0481,25,0
5840.0000,584,2015,2.7000,15,1000,1000,1,2614.8915,0.0000,0.8993,1173.4921,0.0000,0.2685,94.6257,0.0000,0.1717,3883.0093,0.0000,1.3396,3883.0093,25,0
5850.0000,585,2009,2.7000,9,1000,1000,1,2619.6116,0.0000,0.8991,1171.4861,0.0000,0.2680,94.4640,0.0000,0.1715,3885.5617,0.0000,1.3386,3885.5618,25,0
5860.0000,586,2005,2.7000,5,1000,1000,1,2624.2992,0.0000,0.8986,1169.4870,0.0000,0.2676,94.3028,0.0000,0.1712,3888.0890,0.0000,1.3374,3888.0889,24,0
5870.0000,587,2001,2.7000,1,1000,1000,1,2627.3444,0.0000,0.8980,1191.2080,0.0000,0.2680,94.1421,0.0000,0.1709,3912.6946,0.0000,1.3368,3912.6946,24,0
5880.0000,588,2000,2.7000,0,1000,1000,1,2632.3424,0.0000,0.8978,1192.8652,0.0000,0.2677,93.9820,0.0000,0.1706,3919.1896,0.0000,1.3361,3919.1897,24,0
5890.0000,589,2007,2.7000,7,1000,1000,1,2636.6777,0.0000,0.8983,1190.8399,0.0000,0.2672,93.8225,0.0000,0.1703,3921.3401,0.0000,1.3358,3921.3401,25,0
5900.0000,590,2008,2.7000,8,1000,1000,1,2642.1529,0.0000,0.8983,1188.8215,0.0000,0.2668,93.6634,0.0000,0.1700,3924.6379,0.0000,1.3351,3924.6379,25,0
5910.0000,591,2008,2.7000,8,1000,1000,1,2647.0251,0.0000,0.8983,1186.8100,0.0000,0.2663,93.5050,0.0000,0.1697,3927.3401,0.0000,1.3343,3927.3401,25,0
5920.0000,592,2011,2.7000,11,1000,1000,1,2651.3800,0.0000,0.8990,1184.8053,0.0000,0.2659,93.3470,0.0000,0.1694,3929.5323,0.0000,1.3343,3929.5322,25,0
5930.0000,593,2011,2.7000,11,1000,1000,1,2655.9568,0.0000,0.8990,1182.8073,0.0000,0.2654,93.1896,0.0000,0.1691,3931.9536,0.0000,1.3336,3931.9536,25,0
5940.0000,594,2013,2.7000,13,1000,1000,1,2660.1060,0.0000,0.8995,1180.8160,0.0000,0.2650,93.0327,0.0000,0.1689,3933.9547,0.0000,1.3333,3933.9546,25,0
5950.0000,595,2014,2.7000,14,1000,1000,1,2664.8030,0.0000,0.8998,1178.8314,0.0000,0.2645,92.8763,0.0000,0.1686,3936.5108,0.0000,1.3329,3936.5107,25,0
5960.0000,596,2011,2.7000,11,1000,1000,1,2667.1134,0.0000,0.8995,1176.8535,0.0000,0.2641,92.7205,0.0000,0.1683,3936.6875,0.0000,1.3319,3936.6875,25,0
5970.0000,597,2012,2.7000,12,1000,1000,1,2673.1569,0.0000,0.9000,1174.8823,0.0000,0.2637,92.5652,0.0000,0.1680,3940.6044,0.0000,1.3317,3940.6045,25,0
5980.0000,598,2009,2.7000,9,1000,1000,1,2677.2716,0.0000,0.8993,1172.9176,0.0000,0.2632,92.4104,0.0000,0.1677,3942.5996,0.0000,1.3303,3942.5996,25,0
5990.0000,599,2000,2.7000,0,1000,1000,1,2682.9714,0.0000,0.8987,1170.9595,0.0000,0.2628,92.2561,0.0000,0.1674,3946.1870,0.0000,1.3289,3946.1870,24,0
6000.0000,600,2004,2.7000,4,1000,1000,1,2687.3288,0.0000,0.8993,1199.4180,0.0000,0.2627,92.1024,0.0000,0.1672,3978.8492,0.0000,1.3292,3978.8491,24,0
6010.0000,601,1998,2.7000,0,998,1000,1,2686.7385,0.0000,0.8985,1200.4392,0.0000,0.2624,91.9491,0.0000,0.1669,3979.1268,0.0000,1.3278,3979.1267,24,0
6020.0000,602,2000,2.7000,1,999,1000,1,2696.7274,0.0000,0.8987,1201.6738,0.0000,0.2630,91.7964,0.0000,0.1666,3990.1975,0.0000,1.3282,3990.1975,24,0
6030.0000,603,2002,2.7000,2,1000,1000,1,2700.9967,0.0000,0.8985,1199.9924,0.0000,0.2627,91.6442,0.0000,0.1663,3992.6333,0.0000,1.3275,3992.6333,24,0
6040.0000,604,2002,2.7000,3,999,1000,1,2705.4210,0.0000,0.8985,1203.0171,0.0000,0.2626,91.4924,0.0000,0.1661,3999.9305,0.0000,1.3272,3999.9307,24,0
6050.0000,605,2007,2.7000,7,1000,1000,1,2709.2588,0.0000,0.8983,1201.3423,0.0000,0.2623,91.3412,0.0000,0.1658,4001.9423,0.0000,1.3264,4001.9424,25,0
6060.0000,606,2009,2.7000,9,1000,1000,1,2713.7002,0.0000,0.8990,1199.3599,0.0000,0.2619,91.1905,0.0000,0.1655,4004.2506,0.0000,1.3264,4004.2505,25,0
6070.0000,607,2007,2.7000,7,1000,1000,1,2719.2302,0.0000,0.8990,1197.3840,0.0000,0.2614,91.0402,0.0000,0.1652,4007.6545,0.0000,1.3257,4007.6545,25,0
6080.0000,608,2001,2.7000,1,1000,1000,1,2722.7514,0.0000,0.8984,1195.4146,0.0000,0.2610,90.8905,0.0000,0.1650,4009.0566,0.0000,1.3243,4009.0566,24,0
6090.0000,609,2003,2.7000,3,1000,1000,1,2728.1539,0.0000,0.8982,1204.6829,0.0000,0.2609,90.7413,0.0000,0.1647,4023.5780,0.0000,1.3238,4023.5781,24,0
6100.0000,610,2001,2.7000,1,1000,1000,1,2728.7037,0.0000,0.8977,1202.7080,0.0000,0.2605,90.5925,0.0000,0.1644,4022.0041,0.0000,1.3226,4022.0042,24,0
6110.0000,611,2002,2.7000,2,1000,1000,1,2736.4724,0.0000,0.8980,1206.6931,0.0000,0.2604,90.4442,0.0000,0.1642,4033.6098,0.0000,1.3226,4033.6099,24,0
6120.0000,612,2003,2.7000,3,1000,1000,1,2741.0543,0.0000,0.8977,1204.7214,0.0000,0.2600,90.2964,0.0000,0.1639,4036.0722,0.0000,1.3216,4036.0723,24,0
6130.0000,613,2005,2.7000,5,1000,1000,1,2745.9017,0.0000,0.8982,1202.7561,0.0000,0.2595,90.1491,0.0000,0.1636,4038.8070,0.0000,1.3214,4038.8069,24,0
6140.0000,614,2006,2.7000,6,1000,1000,1,2749.8249,0.0000,0.8980,1200.7972,0.0000,0.2591,90.0023,0.0000,0.1634,4040.6245,0.0000,1.3205,4040.6245,25,0
6150.0000,615,2016,2.7000,16,1000,1000,1,2755.1510,0.0000,0.8989,1198.8447,0.0000,0.2587,89.8560,0.0000,0.1631,4043.8517,0.0000,1.3207,4043.8516,25,0
6160.0000,616,2015,2.7000,15,1000,1000,1,2756.7324,0.0000,0.8984,1196.8985,0.0000,0.2583,89.7101,0.0000,0.1628,4043.3411,0.0000,1.3195,4043.3411,25,0
6170.0000,617,2021,2.7000,21,1000,1000,1,2763.5650,0.0000,0.8992,1194.9587,0.0000,0.2579,89.5647,0.0000,0.1626,4048.0884,0.0000,1.3196,4048.0884,26,0
6180.0000,618,2021,2.7000,21,1000,1000,1,2766.5792,0.0000,0.8992,1193.0251,0.0000,0.2574,89.4198,0.0000,0.1623,4049.0240,0.0000,1.3189,4049.0239,26,0
6190.0000,619,2018,2.7000,18,1000,1000,1,2773.0420,0.0000,0.8994,1191.0977,0.0000,0.2570,89.2753,0.0000,0.1620,4053.4150,0.0000,1.3184,4053.4150,25,0
6200.0000,620,2025,2.7000,25,1000,1000,1,2776.6844,0.0000,0.8997,1189.1766,0.0000,0.2566,89.1313,0.0000,0.1618,4054.9923,0.0000,1.3181,4054.9924,26,0
6210.0000,621,2027,2.7000,27,1000,1000,1,2782.2189,0.0000,0.9000,1187.2617,0.0000,0.2562,88.9878,0.0000,0.1615,4058.4684,0.0000,1.3177,4058.4683,26,0
6220.0000,622,2029,2.7000,29,1000,1000,1,2786.8337,0.0000,0.9003,1185.3529,0.0000,0.2558,88.8447,0.0000,0.1613,4061.0313,0.0000,1.3174,4061.0312,26,0
6230.0000,623,2034,2.7000,34,1000,1000,1,2789.7276,0.0000,0.9006,1183.4502,0.0000,0.2554,88.7021,0.0000,0.1610,4061.8799,0.0000,1.3170,4061.8799,26,0
6240.0000,624,2042,2.7000,42,1000,1000,1,2794.6090,0.0000,0.9022,1181.5537,0.0000,0.2550,88.5600,0.0000,0.1607,4064.7227,0.0000,1.3179,4064.7227,26,0
6250.0000,625,2043,2.7000,43,1000,1000,1,2799.5763,0.0000,0.9022,1179.6632,0.0000,0.2546,88.4183,0.0000,0.1605,4067.6577,0.0000,1.3173,4067.6577,26,0
6260.0000,626,2042,2.7000,42,1000,1000,1,2804.1742,0.0000,0.9026,1177.7787,0.0000,0.2542,88.2770,0.0000,0.1602,4070.2300,0.0000,1.3169,4070.2300,26,0
6270.0000,627,2039,2.7000,39,1000,1000,1,2807.8396,0.0000,0.9027,1175.9003,0.0000,0.2537,88.1362,0.0000,0.1600,4071.8762,0.0000,1.3164,4071.8762,26,0
6280.0000,628,2037,2.7000,37,1000,1000,1,2813.0584,0.0000,0.9022,1174.0279,0.0000,0.2533,87.9959,0.0000,0.1597,4075.0822,0.0000,1.3153,4075.0823,26,0
6290.0000,629,2031,2.7000,31,1000,1000,1,2817.1563,0.0000,0.9019,1172.1614,0.0000,0.2529,87.8560,0.0000,0.1595,4077.1737,0.0000,1.3143,4077.1736,26,0
6300.0000,630,2029,2.7000,29,1000,1000,1,2818.3158,0.0000,0.9014,1170.3008,0.0000,0.2525,87.7165,0.0000,0.1592,4076.3331,0.0000,1.3132,4076.3333,26,0
6310.0000,631,2023,2.7000,23,1000,1000,1,2826.1548,0.0000,0.9005,1168.4461,0.0000,0.2521,87.5775,0.0000,0.1590,4082.1784,0.0000,1.3116,4082.1785,26,0
6320.0000,632,2021,2.7000,21,1000,1000,1,2830.0447,0.0000,0.8997,1166.5973,0.0000,0.2517,87.4390,0.0000,0.1587,4084.0810,0.0000,1.3101,4084.0811,26,0
6330.0000,633,2024,2.7000,24,1000,1000,1,2836.3667,0.0000,0.8997,1164.7543,0.0000,0.2513,87.3008,0.0000,0.1585,4088.4218,0.0000,1.3095,4088.4219,26,0
6340.0000,634,2020,2.7000,20,1000,1000,1,2841.2413,0.0000,0.8991,1162.9172,0.0000,0.2509,87.1631,0.0000,0.1582,4091.3216,0.0000,1.3082,4091.3215,25,0
6350.0000,635,2021,2.7000,21,1000,1000,1,2844.1853,0.0000,0.8991,1161.0858,0.0000,0.2506,87.0259,0.0000,0.1580,4092.2970,0.0000,1.3076,4092.2969,26,0
6360.0000,636,2021,2.7000,21,1000,1000,1,2849.5262,0.0000,0.8987,1159.2602,0.0000,0.2502,86.8890,0.0000,0.1577,4095.6755,0.0000,1.3066,4095.6755,26,0
6370.0000,637,2024,2.7000,24,1000,1000,1,2854.2073,0.0000,0.8987,1157.4403,0.0000,0.2498,86.7526,0.0000,0.1575,4098.4002,0.0000,1.3060,4098.4004,26,0
6380.0000,638,2023,2.7000,23,1000,1000,1,2858.2734,0.0000,0.8986,1155.6262,0.0000,0.2494,86.6167,0.0000,0.1572,4100.5162,0.0000,1.3052,4100.5161,26,0
6390.0000,639,2024,2.7000,24,1000,1000,1,2863.7724,0.0000,0.8991,1153.8177,0.0000,0.2490,86.4811,0.0000,0.1570,4104.0712,0.0000,1.3050,4104.0713,26,0
6400.0000,640,2021,2.7000,21,1000,1000,1,2863.3653,0.0000,0.8983,1152.0148,0.0000,0.2486,86.3460,0.0000,0.1567,4101.7261,0.0000,1.3036,4101.7261,26,0
6410.0000,641,2020,2.7000,20,1000,1000,1,2872.4359,0.0000,0.8984,1150.2176,0.0000,0.2482,86.2113,0.0000,0.1565,4108.8648,0.0000,1.3031,4108.8647,25,0
6420.0000,642,2014,2.7000,14,1000,1000,1,2877.2151,0.0000,0.8981,1148.4260,0.0000,0.2478,86.0770,0.0000,0.1562,4111.7181,0.0000,1.3022,4111.7183,25,0
6430.0000,643,2012,2.7000,12,1000,1000,1,2881.5534,0.0000,0.8980,1146.6400,0.0000,0.2474,85.9431,0.0000,0.1560,4114.1364,0.0000,1.3014,4114.1362,25,0
6440.0000,644,2011,2.7000,11,1000,1000,1,2882.6225,0.0000,0.8977,1144.8595,0.0000,0.2470,85.8097,0.0000,0.1557,4113.2916,0.0000,1.3005,4113.2915,25,0
6450.0000,645,2010,2.7000,10,1000,1000,1,2890.6952,0.0000,0.8977,1143.0845,0.0000,0.2467,85.6766,0.0000,0.1555,4119.4563,0.0000,1.2998,4119.4561,25,0
6460.0000,646,2012,2.7000,12,1000,1000,1,2895.2834,0.0000,0.8977,1141.3150,0.0000,0.2463,85.5440,0.0000,0.1553,4122.1424,0.0000,1.2992,4122.1426,25,0
6470.0000,647,2013,2.7000,13,1000,1000,1,2899.7377,0.0000,0.8981,1139.5510,0.0000,0.2459,85.4118,0.0000,0.1550,4124.7005,0.0000,1.2991,4124.7007,25,0
6480.0000,648,2020,2.7000,20,1000,1000,1,2904.0820,0.0000,0.8985,1137.7924,0.0000,0.2455,85.2800,0.0000,0.1548,4127.1544,0.0000,1.2988,4127.1543,25,0
6490.0000,649,2017,2.7000,17,1000,1000,1,2907.5142,0.0000,0.8982,1136.0393,0.0000,0.2451,85.1486,0.0000,0.1545,4128.7020,0.0000,1.2978,4128.7021,25,0
6500.0000,650,2017,2.7000,17,1000,1000,1,2913.1235,0.0000,0.8983,1134.2915,0.0000,0.2448,85.0176,0.0000,0.1543,4132.4326,0.0000,1.2974,4132.4326,25,0
6510.0000,651,2023,2.7000,23,1000,1000,1,2917.1192,0.0000,0.8986,1132.5491,0.0000,0.2444,84.8870,0.0000,0.1541,4134.5554,0.0000,1.2971,4134.5552,26,0
6520.0000,652,2013,2.7000,13,1000,1000,1,2919.5503,0.0000,0.8982,1130.8121,0.0000,0.2440,84.7568,0.0000,0.1538,4135.1191,0.0000,1.2960,4135.1191,25,0
6530.0000,653,2009,2.7000,9,1000,1000,1,2925.9976,0.0000,0.8983,1129.0804,0.0000,0.2436,84.6270,0.0000,0.1536,4139.7049,0.0000,1.2956,4139.7051,25,0
6540.0000,654,2008,2.7000,8,1000,1000,1,2930.1823,0.0000,0.8988,1127.3540,0.0000,0.2433,84.4976,0.0000,0.1534,4142.0338,0.0000,1.2954,4142.0337,25,0
6550.0000,655,2011,2.7000,11,1000,1000,1,2935.0731,0.0000,0.8991,1125.6328,0.0000,0.2429,84.3686,0.0000,0.1531,4145.0745,0.0000,1.2951,4145.0747,25,0
6560.0000,656,2008,2.7000,8,1000,1000,1,2938.5765,0.0000,0.8991,1123.9169,0.0000,0.2425,84.2400,0.0000,0.1529,4146.7333,0.0000,1.2945,4146.7334,25,0
6570.0000,657,2005,2.7000,5,1000,1000,1,2943.5058,0.0000,0.8991,1122.2062,0.0000,0.2422,84.1118,0.0000,0.1527,4149.8238,0.0000,1.2939,4149.8237,24,0
6580.0000,658,2004,2.7000,4,1000,1000,1,2949.0087,0.0000,0.8988,1120.5007,0.0000,0.2418,83.9839,0.0000,0.1524,4153.4934,0.0000,1.2930,4153.4932,24,0
6590.0000,659,2006,2.7000,6,1000,1000,1,2953.7818,0.0000,0.8988,1118.8004,0.0000,0.2414,83.8565,0.0000,0.1522,4156.4387,0.0000,1.2924,4156.4385,25,0
6600.0000,660,1999,2.7000,1,998,1000,1,2957.3281,0.0000,0.8982,1235.6046,0.0000,0.2412,83.7294,0.0000,0.1520,4276.6622,0.0000,1.2914,4276.6621,24,0
6610.0000,661,2009,2.7000,9,1000,1000,1,2962.7146,0.0000,0.8995,1235.8010,0.0000,0.2415,83.6028,0.0000,0.1517,4282.1183,0.0000,1.2927,4282.1182,25,0
6620.0000,662,2010,2.7000,10,1000,1000,1,2966.0376,0.0000,0.9002,1233.9342,0.0000,0.2411,83.4765,0.0000,0.1515,4283.4483,0.0000,1.2927,4283.4482,25,0
6630.0000,663,2014,2.7000,14,1000,1000,1,2971.8181,0.0000,0.9011,1232.0730,0.0000,0.2407,83.3506,0.0000,0.1513,4287.2417,0.0000,1.2931,4287.2417,25,0
6640.0000,664,2010,2.7000,10,1000,1000,1,2976.2080,0.0000,0.9012,1230.2175,0.0000,0.2404,83.2250,0.0000,0.1511,4289.6506,0.0000,1.2926,4289.6504,25,0
6650.0000,665,2007,2.7000,7,1000,1000,1,2980.7679,0.0000,0.9008,1228.3676,0.0000,0.2400,83.0999,0.0000,0.1508,4292.2353,0.0000,1.2916,4292.2354,25,0
6660.0000,666,2017,2.7000,17,1000,1000,1,2984.8945,0.0000,0.9018,1226.5232,0.0000,0.2396,82.9751,0.0000,0.1506,4294.3928,0.0000,1.2920,4294.3926,25,0
6670.0000,667,2020,2.7000,20,1000,1000,1,2989.4900,0.0000,0.9019,1224.6843,0.0000,0.2393,82.8507,0.0000,0.1504,4297.0251,0.0000,1.2916,4297.0249,25,0
6680.0000,668,2021,2.7000,21,1000,1000,1,2993.5831,0.0000,0.9016,1222.8509,0.0000,0.2389,82.7267,0.0000,0.1501,4299.1607,0.0000,1.2907,4299.1606,26,0
6690.0000,669,2026,2.7000,26,1000,1000,1,2998.8993,0.0000,0.9022,1221.0231,0.0000,0.2386,82.6030,0.0000,0.1499,4302.5254,0.0000,1.2907,4302.5254,26,0
6700.0000,670,2026,2.7000,26,1000,1000,1,3002.8002,0.0000,0.9024,1219.2006,0.0000,0.2382,82.4797,0.0000,0.1497,4304.4806,0.0000,1.2903,4304.4805,26,0
6710.0000,671,2024,2.7000,24,1000,1000,1,3007.9019,0.0000,0.9025,1217.3836,0.0000,0.2379,82.3568,0.0000,0.1495,4307.6424,0.0000,1.2899,4307.6426,26,0
6720.0000,672,2025,2.7000,25,1000,1000,1,3009.6588,0.0000,0.9028,1215.5721,0.0000,0.2375,82.2343,0.0000,0.1493,4307.4651,0.0000,1.2896,4307.4653,26,0
6730.0000,673,2033,2.7000,33,1000,1000,1,3017.1176,0.0000,0.9040,1213.7659,0.0000,0.2371,82.1121,0.0000,0.1490,4312.9956,0.0000,1.2902,4312.9956,26,0
6740.0000,674,2028,2.7000,28,1000,1000,1,3021.4093,0.0000,0.9042,1211.9650,0.0000,0.2368,81.9902,0.0000,0.1488,4315.3646,0.0000,1.2898,4315.3647,26,0
6750.0000,675,2033,2.7000,33,1000,1000,1,3024.9879,0.0000,0.9049,1210.1695,0.0000,0.2364,81.8688,0.0000,0.1486,4317.0262,0.0000,1.2899,4317.0264,26,0
6760.0000,676,2030,2.7000,30,1000,1000,1,3030.1670,0.0000,0.9046,1208.3793,0.0000,0.2361,81.7477,0.0000,0.1484,4320.2940,0.0000,1.2891,4320.2939,26,0
6770.0000,677,2036,2.7000,36,1000,1000,1,3033.6856,0.0000,0.9053,1206.5944,0.0000,0.2357,81.6269,0.0000,0.1482,4321.9069,0.0000,1.2892,4321.9067,26,0
6780.0000,678,2026,2.7000,26,1000,1000,1,3035.4177,0.0000,0.9041,1204.8148,0.0000,0.2354,81.5065,0.0000,0.1479,4321.7390,0.0000,1.2875,4321.7393,26,0
6790.0000,679,2022,2.7000,22,1000,1000,1,3044.1535,0.0000,0.9037,1203.0404,0.0000,0.2351,81.3865,0.0000,0.1477,4328.5804,0.0000,1.2865,4328.5806,26,0
6800.0000,680,2025,2.7000,25,1000,1000,1,3048.9669,0.0000,0.9035,1201.2712,0.0000,0.2347,81.2668,0.0000,0.1475,4331.5049,0.0000,1.2857,4331.5049,26,0
6810.0000,681,2024,2.7000,24,1000,1000,1,3049.6388,0.0000,0.9034,1199.5072,0.0000,0.2344,81.1475,0.0000,0.1473,4330.2935,0.0000,1.2850,4330.2935,26,0
6820.0000,682,2014,2.7000,14,1000,1000,1,3058.0152,0.0000,0.9031,1197.7484,0.0000,0.2340,81.0285,0.0000,0.1471,4336.7922,0.0000,1.2842,4336.7920,25,0
6830.0000,683,2007,2.7000,7,1000,1000,1,3061.5896,0.0000,0.9026,1195.9948,0.0000,0.2337,80.9098,0.0000,0.1469,4338.4943,0.0000,1.2832,4338.4941,25,0
6840.0000,684,2006,2.7000,6,1000,1000,1,3067.2487,0.0000,0.9022,1194.2462,0.0000,0.2333,80.7916,0.0000,0.1466,4342.2865,0.0000,1.2822,4342.2866,25,0
6850.0000,685,2003,2.7000,3,1000,1000,1,3070.3820,0.0000,0.9019,1192.5028,0.0000,0.2330,80.6736,0.0000,0.1464,4343.5584,0.0000,1.2813,4343.5586,24,0
6860.0000,686,2004,2.7000,4,1000,1000,1,3075.4812,0.0000,0.9022,1190.7645,0.0000,0.2327,80.5560,0.0000,0.1462,4346.8016,0.0000,1.2810,4346.8018,24,0
6870.0000,687,2002,2.7000,2,1000,1000,1,3080.5987,0.0000,0.9020,1249.5264,0.0000,0.2326,80.4388,0.0000,0.1460,4410.5639,0.0000,1.2806,4410.5640,24,0
6880.0000,688,2001,2.7000,1,1000,1000,1,3085.3098,0.0000,0.9022,1249.7298,0.0000,0.2327,80.3218,0.0000,0.1458,4415.3615,0.0000,1.2807,4415.3613,24,0
6890.0000,689,2015,2.7000,15,1000,1000,1,3089.7916,0.0000,0.9038,1247.9160,0.0000,0.2324,80.2053,0.0000,0.1456,4417.9129,0.0000,1.2817,4417.9131,25,0
6900.0000,690,2017,2.7000,17,1000,1000,1,3092.4435,0.0000,0.9039,1246.1074,0.0000,0.2320,80.0890,0.0000,0.1454,4418.6399,0.0000,1.2813,4418.6401,25,0
6910.0000,691,2014,2.7000,14,1000,1000,1,3098.9912,0.0000,0.9036,1244.3041,0.0000,0.2317,79.9731,0.0000,0.1452,4423.2684,0.0000,1.2805,4423.2686,25,0
6920.0000,692,2006,2.7000,6,1000,1000,1,3103.0967,0.0000,0.9027,1242.5060,0.0000,0.2314,79.8576,0.0000,0.1449,4425.4603,0.0000,1.2790,4425.4604,25,0
6930.0000,693,2006,2.7000,6,1000,1000,1,3106.6690,0.0000,0.9026,1240.7130,0.0000,0.2310,79.7423,0.0000,0.1447,4427.1243,0.0000,1.2784,4427.1245,25,0
6940.0000,694,2003,2.7000,3,1000,1000,1,3110.4704,0.0000,0.9023,1238.9253,0.0000,0.2307,79.6274,0.0000,0.1445,4429.0231,0.0000,1.2775,4429.0229,24,0
6950.0000,695,2007,2.7000,7,1000,1000,1,3117.1109,0.0000,0.9033,1237.1426,0.0000,0.2304,79.5128,0.0000,0.1443,4433.7664,0.0000,1.2780,4433.7666,25,0
6960.0000,696,2006,2.7000,6,1000,1000,1,3121.1797,0.0000,0.9032,1235.3651,0.0000,0.2300,79.3986,0.0000,0.1441,4435.9435,0.0000,1.2773,4435.9434,25,0
6970.0000,697,2003,2.7000,3,1000,1000,1,3125.5755,0.0000,0.9032,1233.5927,0.0000,0.2297,79.2847,0.0000,0.1439,4438.4529,0.0000,1.2768,4438.4531,24,0
6980.0000,698,2003,2.7000,3,1000,1000,1,3129.8643,0.0000,0.9029,1231.8254,0.0000,0.2294,79.1711,0.0000,0.1437,4440.8608,0.0000,1.2759,4440.8608,24,0
6990.0000,699,2011,2.7000,11,1000,1000,1,3135.1920,0.0000,0.9036,1230.0631,0.0000,0.2290,79.0578,0.0000,0.1435,4444.3129,0.0000,1.2761,4444.3130,25,0
7000.0000,700,2010,2.7000,10,1000,1000,1,3139.3048,0.0000,0.9034,1228.3059,0.0000,0.2287,78.9449,0.0000,0.1433,4446.5556,0.0000,1.2754,4446.5557,25,0
7010.0000,701,2009,2.7000,9,1000,1000,1,3144.0599,0.0000,0.9040,1226.5537,0.0000,0.2284,78.8323,0.0000,0.1431,4449.4458,0.0000,1.2755,4449.4458,25,0
7020.0000,702,2012,2.7000,12,1000,1000,1,3147.7164,0.0000,0.9044,1224.8065,0.0000,0.2281,78.7200,0.0000,0.1429,4451.2428,0.0000,1.2754,4451.2427,25,0
7030.0000,703,2009,2.7000,9,1000,1000,1,3153.4044,0.0000,0.9041,1223.0642,0.0000,0.2277,78.6080,0.0000,0.1427,4455.0766,0.0000,1.2745,4455.0767,25,0
7040.0000,704,2011,2.7000,11,1000,1000,1,3158.0563,0.0000,0.9047,1221.3269,0.0000,0.2274,78.4963,0.0000,0.1425,4457.8795,0.0000,1.2746,4457.8794,25,0
7050.0000,705,2011,2.7000,11,1000,1000,1,3162.2932,0.0000,0.9048,1219.5945,0.0000,0.2271,78.3850,0.0000,0.1423,4460.2727,0.0000,1.2742,4460.2725,25,0
7060.0000,706,2015,2.7000,15,1000,1000,1,3167.3559,0.0000,0.9050,1217.8670,0.0000,0.2268,78.2740,0.0000,0.1421,4463.4970,0.0000,1.2738,4463.4971,25,0
7070.0000,707,2011,2.7000,11,1000,1000,1,3170.7753,0.0000,0.9045,1216.1445,0.0000,0.2264,78.1633,0.0000,0.1419,4465.0830,0.0000,1.2728,4465.0830,25,0
7080.0000,708,2014,2.7000,14,1000,1000,1,3175.5934,0.0000,0.9047,1214.4267,0.0000,0.2261,78.0529,0.0000,0.1417,4468.0730,0.0000,1.2725,4468.0732,25,0
7090.0000,709,2011,2.7000,11,1000,1000,1,3181.0102,0.0000,0.9042,1212.7139,0.0000,0.2258,77.9428,0.0000,0.1415,4471.6668,0.0000,1.2715,4471.6670,25,0
7100.0000,710,2012,2.7000,12,1000,1000,1,3185.5076,0.0000,0.9046,1211.0058,0.0000,0.2255,77.8330,0.0000,0.1413,4474.3464,0.0000,1.2714,4474.3467,25,0
7110.0000,711,2012,2.7000,12,1000,1000,1,3188.3292,0.0000,0.9046,1209.3026,0.0000,0.2252,77.7235,0.0000,0.1411,4475.3553,0.0000,1.2709,4475.3555,25,0
7120.0000,712,2013,2.7000,13,1000,1000,1,3193.7677,0.0000,0.9055,1207.6041,0.0000,0.2249,77.6144,0.0000,0.1409,4478.9861,0.0000,1.2712,4478.9863,25,0
7130.0000,713,2014,2.7000,14,1000,1000,1,3199.2184,0.0000,0.9049,1205.9104,0.0000,0.2245,77.5055,0.0000,0.1407,4482.6343,0.0000,1.2701,4482.6343,25,0
7140.0000,714,2007,2.7000,7,1000,1000,1,3202.2156,0.0000,0.9048,1204.2215,0.0000,0.2242,77.3970,0.0000,0.1405,4483.8340,0.0000,1.2695,4483.8340,25,0
7150.0000,715,2005,2.7000,5,1000,1000,1,3208.0896,0.0000,0.9046,1202.5372,0.0000,0.2239,77.2887,0.0000,0.1403,4487.9156,0.0000,1.2688,4487.9155,24,0
7160.0000,716,2002,2.7000,2,1000,1000,1,3210.8865,0.0000,0.9047,1263.8001,0.0000,0.2237,77.1808,0.0000,0.1401,4551.8674,0.0000,1.2686,4551.8672,24,0
7170.0000,717,2002,2.7000,2,1000,1000,1,3217.3785,0.0000,0.9050,1263.8209,0.0000,0.2236,77.0731,0.0000,0.1399,4558.2725,0.0000,1.2685,4558.2725,24,0
7180.0000,718,2004,2.7000,4,1000,1000,1,3220.7756,0.0000,0.9049,1264.9728,0.0000,0.2240,76.9658,0.0000,0.1397,4562.7142,0.0000,1.2685,4562.7144,24,0
7190.0000,719,2000,2.7000,0,1000,1000,1,3225.8788,0.0000,0.9049,1263.2134,0.0000,0.2236,76.8587,0.0000,0.1395,4565.9510,0.0000,1.2680,4565.9512,24,0
7200.0000,720,1999,2.7000,0,999,1000,1,3225.8405,0.0000,0.9042,1265.7214,0.0000,0.2242,76.7520,0.0000,0.1393,4568.3139,0.0000,1.2676,4568.3140,24,0
7210.0000,721,2005,2.7000,5,1000,1000,1,3233.5324,0.0000,0.9039,1264.8237,0.0000,0.2241,76.6455,0.0000,0.1391,4575.0016,0.0000,1.2671,4575.0015,24,0
7220.0000,722,2006,2.7000,6,1000,1000,1,3240.0683,0.0000,0.9043,1263.0719,0.0000,0.2238,76.5394,0.0000,0.1389,4579.6796,0.0000,1.2670,4579.6797,25,0
7230.0000,723,2010,2.7000,10,1000,1000,1,3244.8603,0.0000,0.9047,1261.3249,0.0000,0.2235,76.4335,0.0000,0.1387,4582.6187,0.0000,1.2669,4582.6187,25,0
7240.0000,724,2011,2.7000,11,1000,1000,1,3248.4075,0.0000,0.9047,1259.5827,0.0000,0.2232,76.3279,0.0000,0.1385,4584.3182,0.0000,1.2664,4584.3184,25,0
7250.0000,725,2004,2.7000,4,1000,1000,1,3250.8720,0.0000,0.9040,1257.8454,0.0000,0.2229,76.2227,0.0000,0.1383,4584.9400,0.0000,1.2652,4584.9399,24,0
7260.0000,726,2007,2.7000,7,1000,1000,1,3258.5169,0.0000,0.9041,1256.1128,0.0000,0.2226,76.1177,0.0000,0.1382,4590.7474,0.0000,1.2649,4590.7476,25,0
7270.0000,727,2007,2.7000,7,1000,1000,1,3259.8034,0.0000,0.9040,1254.3850,0.0000,0.2223,76.0130,0.0000,0.1380,4590.2013,0.0000,1.2642,4590.2012,25,0
7280.0000,728,2000,2.7000,0,1000,1000,1,3265.7484,0.0000,0.9036,1252.6619,0.0000,0.2220,75.9086,0.0000,0.1378,4594.3189,0.0000,1.2633,4594.3188,24,0
7290.0000,729,2001,2.7000,1,1000,1000,1,3271.5751,0.0000,0.9040,1268.3697,0.0000,0.2218,75.8044,0.0000,0.1376,4615.7492,0.0000,1.2634,4615.7490,24,0
7300.0000,730,2001,2.7000,1,1000,1000,1,3274.2310,0.0000,0.9038,1270.2116,0.0000,0.2219,75.7006,0.0000,0.1374,4620.1432,0.0000,1.2632,4620.1431,24,0
7310.0000,731,2005,2.7000,5,1000,1000,1,3280.8302,0.0000,0.9041,1270.1818,0.0000,0.2219,75.5970,0.0000,0.1372,4626.6090,0.0000,1.2632,4626.6089,24,0
7320.0000,732,2014,2.7000,14,1000,1000,1,3285.6816,0.0000,0.9044,1268.4466,0.0000,0.2216,75.4938,0.0000,0.1370,4629.6219,0.0000,1.2630,4629.6221,25,0
7330.0000,733,2008,2.7000,8,1000,1000,1,3289.5709,0.0000,0.9042,1266.7161,0.0000,0.2213,75.3908,0.0000,0.1368,4631.6777,0.0000,1.2623,4631.6777,25,0
7340.0000,734,2010,2.7000,10,1000,1000,1,3293.8348,0.0000,0.9041,1264.9903,0.0000,0.2210,75.2880,0.0000,0.1366,4634.1131,0.0000,1.2617,4634.1133,25,0
7350.0000,735,2014,2.7000,14,1000,1000,1,3298.6361,0.0000,0.9042,1263.2692,0.0000,0.2207,75.1856,0.0000,0.1365,4637.0909,0.0000,1.2614,4637.0908,25,0
7360.0000,736,2017,2.7000,17,1000,1000,1,3304.0256,0.0000,0.9049,1261.5528,0.0000,0.2204,75.0835,0.0000,0.1363,4640.6619,0.0000,1.2615,4640.6621,25,0
7370.0000,737,2020,2.7000,20,1000,1000,1,3306.9716,0.0000,0.9053,1259.8411,0.0000,0.2201,74.9816,0.0000,0.1361,4641.7943,0.0000,1.2615,4641.7944,25,0
7380.0000,738,2023,2.7000,23,1000,1000,1,3309.1995,0.0000,0.9054,1258.1340,0.0000,0.2198,74.8800,0.0000,0.1359,4642.2134,0.0000,1.2611,4642.2134,26,0
7390.0000,739,2026,2.7000,26,1000,1000,1,3316.3260,0.0000,0.9055,1256.4315,0.0000,0.2195,74.7787,0.0000,0.1357,4647.5362,0.0000,1.2608,4647.5361,26,0
7400.0000,740,2027,2.7000,27,1000,1000,1,3322.0631,0.0000,0.9057,1254.7336,0.0000,0.2192,74.6776,0.0000,0.1355,4651.4743,0.0000,1.2604,4651.4741,26,0
7410.0000,741,2022,2.7000,22,1000,1000,1,3325.7582,0.0000,0.9054,1253.0403,0.0000,0.2189,74.5768,0.0000,0.1354,4653.3754,0.0000,1.2596,4653.3755,26,0
7420.0000,742,2021,2.7000,21,1000,1000,1,3330.4554,0.0000,0.9055,1251.3516,0.0000,0.2186,74.4763,0.0000,0.1352,4656.2833,0.0000,1.2593,4656.2832,26,0
7430.0000,743,2024,2.7000,24,1000,1000,1,3333.7375,0.0000,0.9057,1249.6674,0.0000,0.2183,74.3761,0.0000,0.1350,4657.7810,0.0000,1.2590,4657.7808,26,0
7440.0000,744,2027,2.7000,27,1000,1000,1,3340.1698,0.0000,0.9062,1247.9877,0.0000,0.2180,74.2761,0.0000,0.1348,4662.4337,0.0000,1.2590,4662.4336,26,0
7450.0000,745,2036,2.7000,36,1000,1000,1,3345.0213,0.0000,0.9067,1246.3126,0.0000,0.2177,74.1764,0.0000,0.1346,4665.5103,0.0000,1.2591,4665.5103,26,0
7460.0000,746,2044,2.7000,44,1000,1000,1,3349.3573,0.0000,0.9076,1244.6419,0.0000,0.2174,74.0770,0.0000,0.1345,4668.0762,0.0000,1.2595,4668.0762,26,0
7470.0000,747,2046,2.7000,46,1000,1000,1,3354.2232,0.0000,0.9079,1242.9757,0.0000,0.2171,73.9778,0.0000,0.1343,4671.1767,0.0000,1.2593,4671.1768,26,0
7480.0000,748,2042,2.7000,42,1000,1000,1,3358.6662,0.0000,0.9079,1241.3140,0.0000,0.2168,73.8789,0.0000,0.1341,4673.8591,0.0000,1.2588,4673.8594,26,0
7490.0000,749,2040,2.7000,40,1000,1000,1,3361.7622,0.0000,0.9081,1239.6567,0.0000,0.2166,73.7803,0.0000,0.1339,4675.1992,0.0000,1.2586,4675.1992,26,0
7500.0000,750,2038,2.7000,38,1000,1000,1,3367.9755,0.0000,0.9079,1238.0038,0.0000,0.2163,73.6819,0.0000,0.1337,4679.6613,0.0000,1.2579,4679.6611,26,0
7510.0000,751,2031,2.7000,31,1000,1000,1,3371.1588,0.0000,0.9069,1236.3554,0.0000,0.2160,73.5838,0.0000,0.1336,4681.0979,0.0000,1.2565,4681.0981,26,0
7520.0000,752,2030,2.7000,30,1000,1000,1,3377.1289,0.0000,0.9072,1234.7113,0.0000,0.2157,73.4859,0.0000,0.1334,4685.3261,0.0000,1.2562,4685.3262,26,0
7530.0000,753,2030,2.7000,30,1000,1000,1,3381.6289,0.0000,0.9074,1233.0716,0.0000,0.2154,73.3883,0.0000,0.1332,4688.0888,0.0000,1.2560,4688.0889,26,0
7540.0000,754,2029,2.7000,29,1000,1000,1,3385.4303,0.0000,0.9078,1231.4362,0.0000,0.2151,73.2910,0.0000,0.1330,4690.1575,0.0000,1.2560,4690.1577,26,0
7550.0000,755,2027,2.7000,27,1000,1000,1,3389.3091,0.0000,0.9079,1229.8051,0.0000,0.2148,73.1939,0.0000,0.1328,4692.3082,0.0000,1.2556,4692.3081,26,0
7560.0000,756,2020,2.7000,20,1000,1000,1,3394.7919,0.0000,0.9075,1228.1784,0.0000,0.2146,73.0971,0.0000,0.1327,4696.0674,0.0000,1.2548,4696.0674,25,0
7570.0000,757,2019,2.7000,19,1000,1000,1,3398.4195,0.0000,0.9073,1226.5560,0.0000,0.2143,73.0006,0.0000,0.1325,4697.9761,0.0000,1.2540,4697.9761,25,0
7580.0000,758,2027,2.7000,27,1000,1000,1,3404.3169,0.0000,0.9079,1224.9378,0.0000,0.2140,72.9043,0.0000,0.1323,4702.1590,0.0000,1.2542,4702.1592,26,0
7590.0000,759,2032,2.7000,32,1000,1000,1,3409.3347,0.0000,0.9079,1223.3240,0.0000,0.2137,72.8082,0.0000,0.1321,4705.4669,0.0000,1.2538,4705.4668,26,0
7600.0000,760,2033,2.7000,33,1000,1000,1,3411.9180,0.0000,0.9078,1221.7143,0.0000,0.2134,72.7124,0.0000,0.1320,4706.3447,0.0000,1.2532,4706.3447,26,0
7610.0000,761,2034,2.7000,34,1000,1000,1,3418.4445,0.0000,0.9083,1220.1089,0.0000,0.2131,72.6169,0.0000,0.1318,4711.1703,0.0000,1.2532,4711.1704,26,0
7620.0000,762,2032,2.7000,32,1000,1000,1,3422.8474,0.0000,0.9077,1218.5077,0.0000,0.2129,72.5216,0.0000,0.1316,4713.8767,0.0000,1.2522,4713.8770,26,0
7630.0000,763,2027,2.7000,27,1000,1000,1,3426.8566,0.0000,0.9073,1216.9107,0.0000,0.2126,72.4265,0.0000,0.1315,4716.1939,0.0000,1.2514,4716.1938,26,0
7640.0000,764,2029,2.7000,29,1000,1000,1,3432.0851,0.0000,0.9075,1215.3179,0.0000,0.2123,72.3317,0.0000,0.1313,4719.7347,0.0000,1.2510,4719.7349,26,0
7650.0000,765,2029,2.7000,29,1000,1000,1,3436.3007,0.0000,0.9073,1213.7293,0.0000,0.2120,72.2372,0.0000,0.1311,4722.2671,0.0000,1.2505,4722.2671,26,0
7660.0000,766,2030,2.7000,30,1000,1000,1,3438.3061,0.0000,0.9070,1212.1447,0.0000,0.2117,72.1429,0.0000,0.1309,4722.5937,0.0000,1.2497,4722.5938,26,0
7670.0000,767,2033,2.7000,33,1000,1000,1,3445.9433,0.0000,0.9070,1210.5644,0.0000,0.2115,72.0488,0.0000,0.1308,4728.5564,0.0000,1.2493,4728.5566,26,0
7680.0000,768,2035,2.7000,35,1000,1000,1,3449.2680,0.0000,0.9066,1208.9881,0.0000,0.2112,71.9550,0.0000,0.1306,4730.2111,0.0000,1.2484,4730.2109,26,0
7690.0000,769,2032,2.7000,32,1000,1000,1,3453.9314,0.0000,0.9062,1207.4160,0.0000,0.2109,71.8614,0.0000,0.1304,4733.2088,0.0000,1.2476,4733.2090,26,0
7700.0000,770,2036,2.7000,36,1000,1000,1,3459.6389,0.0000,0.9065,1205.8479,0.0000,0.2106,71.7681,0.0000,0.1303,4737.2549,0.0000,1.2474,4737.2549,26,0
7710.0000,771,2041,2.7000,41,1000,1000,1,3463.1286,0.0000,0.9071,1204.2839,0.0000,0.2104,71.6750,0.0000,0.1301,4739.0875,0.0000,1.2476,4739.0874,26,0
7720.0000,772,2037,2.7000,37,1000,1000,1,3467.9310,0.0000,0.9069,1202.7239,0.0000,0.2101,71.5822,0.0000,0.1299,4742.2371,0.0000,1.2469,4742.2373,26,0
7730.0000,773,2039,2.7000,39,1000,1000,1,3473.3873,0.0000,0.9067,1201.1680,0.0000,0.2098,71.4896,0.0000,0.1298,4746.0449,0.0000,1.2463,4746.0449,26,0
7740.0000,774,2032,2.7000,32,1000,1000,1,3477.2280,0.0000,0.9061,1199.6161,0.0000,0.2096,71.3972,0.0000,0.1296,4748.2413,0.0000,1.2452,4748.2412,26,0
7750.0000,775,2029,2.7000,29,1000,1000,1,3482.2526,0.0000,0.9061,1198.0682,0.0000,0.2093,71.3051,0.0000,0.1294,4751.6259,0.0000,1.2448,4751.6260,26,0
7760.0000,776,2028,2.7000,28,1000,1000,1,3487.0434,0.0000,0.9061,1196.5243,0.0000,0.2090,71.2132,0.0000,0.1293,4754.7809,0.0000,1.2443,4754.7808,26,0
7770.0000,777,2021,2.7000,21,1000,1000,1,3489.9811,0.0000,0.9055,1194.9844,0.0000,0.2088,71.1215,0.0000,0.1291,4756.0870,0.0000,1.2434,4756.0869,26,0
7780.0000,778,2020,2.7000,20,1000,1000,1,3495.8306,0.0000,0.9054,1193.4484,0.0000,0.2085,71.0301,0.0000,0.1289,4760.3091,0.0000,1.2428,4760.3091,25,0
7790.0000,779,2018,2.7000,18,1000,1000,1,3500.1578,0.0000,0.9059,1191.9164,0.0000,0.2082,70.9389,0.0000,0.1288,4763.0131,0.0000,1.2429,4763.0132,25,0
7800.0000,780,2018,2.7000,18,1000,1000,1,3504.1172,0.0000,0.9060,1190.3883,0.0000,0.2079,70.8480,0.0000,0.1286,4765.3535,0.0000,1.2426,4765.3535,25,0
7810.0000,781,2015,2.7000,15,1000,1000,1,3508.0002,0.0000,0.9059,1188.8641,0.0000,0.2077,70.7573,0.0000,0.1284,4767.6215,0.0000,1.2420,4767.6216,25,0
7820.0000,782,2018,2.7000,18,1000,1000,1,3514.1605,0.0000,0.9056,1187.3438,0.0000,0.2074,70.6668,0.0000,0.1283,4772.1711,0.0000,1.2413,4772.1709,25,0
7830.0000,783,2026,2.7000,26,1000,1000,1,3518.9154,0.0000,0.9061,1185.8274,0.0000,0.2072,70.5765,0.0000,0.1281,4775.3194,0.0000,1.2414,4775.3193,26,0
7840.0000,784,2018,2.7000,18,1000,1000,1,3521.4486,0.0000,0.9056,1184.3149,0.0000,0.2069,70.4865,0.0000,0.1279,4776.2500,0.0000,1.2404,4776.2500,25,0
7850.0000,785,2017,2.7000,17,1000,1000,1,3527.5735,0.0000,0.9056,1182.8062,0.0000,0.2066,70.3967,0.0000,0.1278,4780.7764,0.0000,1.2400,4780.7764,25,0
7860.0000,786,2020,2.7000,20,1000,1000,1,3532.4997,0.0000,0.9067,1181.3014,0.0000,0.2064,70.3072,0.0000,0.1276,4784.1082,0.0000,1.2407,4784.1084,25,0
7870.0000,787,2018,2.7000,18,1000,1000,1,3536.9755,0.0000,0.9069,1179.8004,0.0000,0.2061,70.2178,0.0000,0.1274,4786.9936,0.0000,1.2404,4786.9937,25,0
7880.0000,788,2013,2.7000,13,1000,1000,1,3541.5984,0.0000,0.9067,1178.3031,0.0000,0.2058,70.1287,0.0000,0.1273,4790.0303,0.0000,1.2398,4790.0303,25,0
7890.0000,789,2006,2.7000,6,1000,1000,1,3545.8482,0.0000,0.9061,1176.8097,0.0000,0.2056,70.0398,0.0000,0.1271,4792.6977,0.0000,1.2388,4792.6978,25,0
7900.0000,790,2011,2.7000,11,1000,1000,1,3550.8010,0.0000,0.9061,1175.3201,0.0000,0.2053,69.9512,0.0000,0.1270,4796.0722,0.0000,1.2384,4796.0723,25,0
7910.0000,791,2012,2.7000,12,1000,1000,1,3555.6337,0.0000,0.9063,1173.8342,0.0000,0.2051,69.8627,0.0000,0.1268,4799.3307,0.0000,1.2382,4799.3306,25,0
7920.0000,792,2005,2.7000,5,1000,1000,1,3559.9929,0.0000,0.9062,1172.3521,0.0000,0.2048,69.7745,0.0000,0.1266,4802.1196,0.0000,1.2376,4802.1196,24,0
7930.0000,793,2006,2.7000,6,1000,1000,1,3563.8344,0.0000,0.9059,1170.8737,0.0000,0.2045,69.6865,0.0000,0.1265,4804.3947,0.0000,1.2369,4804.3945,25,0
7940.0000,794,2002,2.7000,2,1000,1000,1,3568.6791,0.0000,0.9059,1169.3991,0.0000,0.2043,69.5988,0.0000,0.1263,4807.6770,0.0000,1.2365,4807.6768,24,0
7950.0000,795,2000,2.7000,2,998,1000,1,3572.9567,0.0000,0.9057,1299.5069,0.0000,0.2044,69.5112,0.0000,0.1262,4941.9749,0.0000,1.2362,4941.9746,24,0
7960.0000,796,2003,2.7000,3,1000,1000,1,3577.6065,0.0000,0.9059,1298.8876,0.0000,0.2044,69.4239,0.0000,0.1260,4945.9180,0.0000,1.2363,4945.9180,24,0
7970.0000,797,2002,2.7000,2,1000,1000,1,3582.5432,0.0000,0.9055,1299.9514,0.0000,0.2043,69.3368,0.0000,0.1258,4951.8313,0.0000,1.2356,4951.8315,24,0
7980.0000,798,2004,2.7000,4,1000,1000,1,3586.7502,0.0000,0.9055,1298.3223,0.0000,0.2040,69.2499,0.0000,0.1257,4954.3224,0.0000,1.2352,4954.3223,24,0
7990.0000,799,2000,2.7000,1,999,1000,1,3591.3499,0.0000,0.9056,1300.7591,0.0000,0.2039,69.1632,0.0000,0.1255,4961.2722,0.0000,1.2350,4961.2720,24,0
8000.0000,800,2003,2.7000,3,1000,1000,1,3596.3571,0.0000,0.9058,1301.0144,0.0000,0.2040,69.0768,0.0000,0.1254,4966.4483,0.0000,1.2351,4966.4482,24,0
8010.0000,801,2001,2.7000,1,1000,1000,1,3599.5915,0.0000,0.9056,1299.3902,0.0000,0.2037,68.9905,0.0000,0.1252,4967.9722,0.0000,1.2346,4967.9722,24,0
8020.0000,802,2003,2.7000,3,1000,1000,1,3605.6629,0.0000,0.9055,1297.7700,0.0000,0.2035,68.9045,0.0000,0.1251,4972.3375,0.0000,1.2340,4972.3374,24,0
8030.0000,803,2001,2.7000,1,1000,1000,1,3607.7369,0.0000,0.9052,1296.1539,0.0000,0.2032,68.8187,0.0000,0.1249,4972.7095,0.0000,1.2334,4972.7095,24,0
8040.0000,804,1998,2.7000,0,998,1000,1,3613.7830,0.0000,0.9047,1302.8368,0.0000,0.2032,68.7331,0.0000,0.1248,4985.3529,0.0000,1.2327,4985.3530,24,0
8050.0000,805,1996,2.7000,0,996,1000,1,3616.3994,0.0000,0.9043,1303.7038,0.0000,0.2035,68.6477,0.0000,0.1246,4988.7510,0.0000,1.2324,4988.7510,24,0
8060.0000,806,2004,2.7000,4,1000,1000,1,3623.1019,0.0000,0.9045,1303.9845,0.0000,0.2042,68.5626,0.0000,0.1244,4995.6490,0.0000,1.2331,4995.6489,24,0
8070.0000,807,2007,2.7000,7,1000,1000,1,3628.5230,0.0000,0.9051,1303.5270,0.0000,0.2041,68.4776,0.0000,0.1243,5000.5276,0.0000,1.2335,5000.5273,25,0
8080.0000,808,2007,2.7000,7,1000,1000,1,3629.7389,0.0000,0.9048,1301.9137,0.0000,0.2038,68.3929,0.0000,0.1241,5000.0454,0.0000,1.2328,5000.0454,25,0
8090.0000,809,2009,2.7000,9,1000,1000,1,3637.0013,0.0000,0.9048,1300.3044,0.0000,0.2036,68.3083,0.0000,0.1240,5005.6141,0.0000,1.2324,5005.6143,25,0
8100.0000,810,2009,2.7000,9,1000,1000,1,3642.1336,0.0000,0.9054,1298.6991,0.0000,0.2033,68.2240,0.0000,0.1238,5009.0567,0.0000,1.2326,5009.0566,25,0
8110.0000,811,2009,2.7000,9,1000,1000,1,3646.0743,0.0000,0.9052,1297.0978,0.0000,0.2031,68.1399,0.0000,0.1237,5011.3119,0.0000,1.2319,5011.3120,25,0
8120.0000,812,2010,2.7000,10,1000,1000,1,3649.5351,0.0000,0.9049,1295.5003,0.0000,0.2028,68.0559,0.0000,0.1235,5013.0914,0.0000,1.2313,5013.0913,25,0
8130.0000,813,2011,2.7000,11,1000,1000,1,3655.5184,0.0000,0.9052,1293.9069,0.0000,0.2026,67.9722,0.0000,0.1234,5017.3975,0.0000,1.2311,5017.3975,25,0
8140.0000,814,2010,2.7000,10,1000,1000,1,3660.2703,0.0000,0.9052,1292.3173,0.0000,0.2023,67.8887,0.0000,0.1232,5020.4763,0.0000,1.2307,5020.4766,25,0
8150.0000,815,2010,2.7000,10,1000,1000,1,3664.9123,0.0000,0.9055,1290.7316,0.0000,0.2021,67.8054,0.0000,0.1231,5023.4493,0.0000,1.2307,5023.4492,25,0
8160.0000,816,2000,2.7000,0,1000,1000,1,3668.8960,0.0000,0.9051,1307.9401,0.0000,0.2020,67.7223,0.0000,0.1229,5044.5585,0.0000,1.2300,5044.5586,24,0
8170.0000,817,1999,2.7000,0,999,1000,1,3671.7556,0.0000,0.9049,1308.7987,0.0000,0.2020,67.6394,0.0000,0.1228,5048.1937,0.0000,1.2296,5048.1938,24,0
8180.0000,818,2007,2.7000,7,1000,1000,1,3677.3872,0.0000,0.9053,1307.5367,0.0000,0.2020,67.5568,0.0000,0.1226,5052.4807,0.0000,1.2298,5052.4810,25,0
8190.0000,819,2010,2.7000,10,1000,1000,1,3683.1014,0.0000,0.9057,1305.9402,0.0000,0.2017,67.4743,0.0000,0.1225,5056.5159,0.0000,1.2299,5056.5156,25,0
8200.0000,820,2009,2.7000,9,1000,1000,1,3687.6281,0.0000,0.9061,1304.3476,0.0000,0.2015,67.3920,0.0000,0.1223,5059.3677,0.0000,1.2299,5059.3677,25,0
8210.0000,821,2014,2.7000,14,1000,1000,1,3692.3320,0.0000,0.9068,1302.7589,0.0000,0.2012,67.3099,0.0000,0.1222,5062.4008,0.0000,1.2302,5062.4009,25,0
8220.0000,822,2011,2.7000,11,1000,1000,1,3696.5250,0.0000,0.9064,1301.1740,0.0000,0.2010,67.2280,0.0000,0.1220,5064.9270,0.0000,1.2294,5064.9272,25,0
8230.0000,823,2009,2.7000,9,1000,1000,1,3701.3349,0.0000,0.9061,1299.5930,0.0000,0.2007,67.1463,0.0000,0.1219,5068.0743,0.0000,1.2287,5068.0742,25,0
8240.0000,824,2008,2.7000,8,1000,1000,1,3704.4674,0.0000,0.9059,1298.0158,0.0000,0.2005,67.0648,0.0000,0.1217,5069.5481,0.0000,1.2282,5069.5479,25,0
8250.0000,825,2017,2.7000,17,1000,1000,1,3710.1843,0.0000,0.9064,1296.4425,0.0000,0.2002,66.9835,0.0000,0.1216,5073.6104,0.0000,1.2282,5073.6104,25,0
8260.0000,826,2019,2.7000,19,1000,1000,1,3714.5047,0.0000,0.9062,1294.8729,0.0000,0.2000,66.9025,0.0000,0.1214,5076.2801,0.0000,1.2276,5076.2803,25,0
8270.0000,827,2022,2.7000,22,1000,1000,1,3719.6398,0.0000,0.9065,1293.3072,0.0000,0.1998,66.8216,0.0000,0.1213,5079.7686,0.0000,1.2276,5079.7686,26,0
8280.0000,828,2029,2.7000,29,1000,1000,1,3724.0444,0.0000,0.9072,1291.7452,0.0000,0.1995,66.7409,0.0000,0.1211,5082.5304,0.0000,1.2279,5082.5303,26,0
8290.0000,829,2031,2.7000,31,1000,1000,1,3728.8756,0.0000,0.9078,1290.1870,0.0000,0.1993,66.6603,0.0000,0.1210,5085.7230,0.0000,1.2281,5085.7231,26,0
8300.0000,830,2033,2.7000,33,1000,1000,1,3733.2633,0.0000,0.9078,1288.6326,0.0000,0.1990,66.5800,0.0000,0.1208,5088.4759,0.0000,1.2277,5088.4761,26,0
8310.0000,831,2031,2.7000,31,1000,1000,1,3738.0115,0.0000,0.9076,1287.0819,0.0000,0.1988,66.4999,0.0000,0.1207,5091.5933,0.0000,1.2271,5091.5933,26,0
8320.0000,832,2032,2.7000,32,1000,1000,1,3741.5661,0.0000,0.9076,1285.5349,0.0000,0.1986,66.4200,0.0000,0.1206,5093.5210,0.0000,1.2267,5093.5210,26,0
8330.0000,833,2031,2.7000,31,1000,1000,1,3746.4992,0.0000,0.9084,1283.9917,0.0000,0.1983,66.3402,0.0000,0.1204,5096.8311,0.0000,1.2271,5096.8311,26,0
8340.0000,834,2030,2.7000,30,1000,1000,1,3751.2379,0.0000,0.9082,1282.4521,0.0000,0.1981,66.2607,0.0000,0.1203,5099.9507,0.0000,1.2265,5099.9507,26,0
8350.0000,835,2027,2.7000,27,1000,1000,1,3755.5064,0.0000,0.9080,1280.9162,0.0000,0.1978,66.1813,0.0000,0.1201,5102.6040,0.0000,1.2260,5102.6040,26,0
8360.0000,836,2021,2.7000,21,1000,1000,1,3760.3021,0.0000,0.9083,1279.3840,0.0000,0.1976,66.1022,0.0000,0.1200,5105.7883,0.0000,1.2258,5105.7886,26,0
8370.0000,837,2021,2.7000,21,1000,1000,1,3762.9995,0.0000,0.9081,1277.8555,0.0000,0.1974,66.0232,0.0000,0.1198,5106.8782,0.0000,1.2253,5106.8779,26,0
8380.0000,838,2023,2.7000,23,1000,1000,1,3769.7899,0.0000,0.9086,1276.3306,0.0000,0.1971,65.9444,0.0000,0.1197,5112.0650,0.0000,1.2254,5112.0649,26,0
8390.0000,839,2017,2.7000,17,1000,1000,1,3774.1566,0.0000,0.9088,1274.8094,0.0000,0.1969,65.8658,0.0000,0.1195,5114.8317,0.0000,1.2253,5114.8315,25,0
8400.0000,840,2017,2.7000,17,1000,1000,1,3778.8927,0.0000,0.9092,1273.2917,0.0000,0.1967,65.7874,0.0000,0.1194,5117.9719,0.0000,1.2252,5117.9717,25,0
8410.0000,841,2010,2.7000,10,1000,1000,1,3783.1824,0.0000,0.9089,1271.7777,0.0000,0.1964,65.7092,0.0000,0.1193,5120.6693,0.0000,1.2246,5120.6694,25,0
8420.0000,842,2008,2.7000,8,1000,1000,1,3786.6439,0.0000,0.9084,1270.2673,0.0000,0.1962,65.6311,0.0000,0.1191,5122.5423,0.0000,1.2238,5122.5425,25,0
8430.0000,843,1998,2.7000,0,998,1000,1,3792.2534,0.0000,0.9081,1268.7604,0.0000,0.1960,65.5533,0.0000,0.1190,5126.5671,0.0000,1.2230,5126.5669,24,0
8440.0000,844,1999,2.7000,0,999,1000,1,3793.0595,0.0000,0.9077,1319.8316,0.0000,0.1962,65.4756,0.0000,0.1188,5178.3668,0.0000,1.2227,5178.3667,24,0
8450.0000,845,2003,2.7000,3,1000,1000,1,3799.5480,0.0000,0.9083,1318.3646,0.0000,0.1962,65.3981,0.0000,0.1187,5183.3107,0.0000,1.2232,5183.3105,24,0
8460.0000,846,2001,2.7000,1,1000,1000,1,3806.2140,0.0000,0.9084,1316.8062,0.0000,0.1960,65.3208,0.0000,0.1186,5188.3410,0.0000,1.2229,5188.3408,24,0
8470.0000,847,2002,2.7000,2,1000,1000,1,3810.9448,0.0000,0.9085,1315.2515,0.0000,0.1957,65.2437,0.0000,0.1184,5191.4400,0.0000,1.2227,5191.4399,24,0
8480.0000,848,1997,2.7000,0,997,1000,1,3813.2095,0.0000,0.9080,1321.0297,0.0000,0.1961,65.1668,0.0000,0.1183,5199.4059,0.0000,1.2224,5199.4058,24,0
8490.0000,849,2007,2.7000,7,1000,1000,1,3819.8396,0.0000,0.9086,1320.2027,0.0000,0.1965,65.0900,0.0000,0.1181,5205.1323,0.0000,1.2232,5205.1323,25,0
8500.0000,850,2006,2.7000,6,1000,1000,1,3824.1043,0.0000,0.9087,1318.6495,0.0000,0.1962,65.0134,0.0000,0.1180,5207.7672,0.0000,1.2229,5207.7671,25,0
8510.0000,851,2004,2.7000,4,1000,1000,1,3829.4697,0.0000,0.9085,1317.1000,0.0000,0.1960,64.9370,0.0000,0.1179,5211.5068,0.0000,1.2223,5211.5068,24,0
8520.0000,852,2010,2.7000,10,1000,1000,1,3831.7596,0.0000,0.9087,1315.5541,0.0000,0.1958,64.8608,0.0000,0.1177,5212.1745,0.0000,1.2222,5212.1743,25,0
8530.0000,853,2014,2.7000,14,1000,1000,1,3838.3873,0.0000,0.9089,1314.0118,0.0000,0.1955,64.7848,0.0000,0.1176,5217.1839,0.0000,1.2220,5217.1841,25,0
8540.0000,854,2015,2.7000,15,1000,1000,1,3843.1086,0.0000,0.9085,1312.4732,0.0000,0.1953,64.7089,0.0000,0.1174,5220.2907,0.0000,1.2213,5220.2905,25,0
8550.0000,855,2016,2.7000,16,1000,1000,1,3847.6019,0.0000,0.9088,1310.9381,0.0000,0.1951,64.6332,0.0000,0.1173,5223.1733,0.0000,1.2212,5223.1733,25,0
8560.0000,856,2012,2.7000,12,1000,1000,1,3847.3954,0.0000,0.9085,1309.4067,0.0000,0.1949,64.5577,0.0000,0.1172,5221.3598,0.0000,1.2206,5221.3599,25,0
8570.0000,857,2011,2.7000,11,1000,1000,1,3856.2635,0.0000,0.9083,1307.8788,0.0000,0.1946,64.4824,0.0000,0.1170,5228.6247,0.0000,1.2200,5228.6245,25,0
8580.0000,858,2013,2.7000,13,1000,1000,1,3861.8026,0.0000,0.9084,1306.3544,0.0000,0.1944,64.4073,0.0000,0.1169,5232.5643,0.0000,1.2197,5232.5645,25,0
8590.0000,859,2013,2.7000,13,1000,1000,1,3865.8235,0.0000,0.9083,1304.8336,0.0000,0.1942,64.3323,0.0000,0.1168,5234.9894,0.0000,1.2192,5234.9893,25,0
8600.0000,860,2010,2.7000,10,1000,1000,1,3870.2509,0.0000,0.9079,1303.3164,0.0000,0.1940,64.2575,0.0000,0.1166,5237.8248,0.0000,1.2185,5237.8247,25,0
8610.0000,861,2007,2.7000,7,1000,1000,1,3875.1411,0.0000,0.9078,1301.8027,0.0000,0.1937,64.1828,0.0000,0.1165,5241.1266,0.0000,1.2180,5241.1265,25,0
8620.0000,862,2012,2.7000,12,1000,1000,1,3879.3441,0.0000,0.9078,1300.2925,0.0000,0.1935,64.1084,0.0000,0.1164,5243.7450,0.0000,1.2176,5243.7451,25,0
8630.0000,863,2009,2.7000,9,1000,1000,1,3884.6008,0.0000,0.9074,1298.7858,0.0000,0.1933,64.0341,0.0000,0.1162,5247.4206,0.0000,1.2169,5247.4204,25,0
8640.0000,864,2011,2.7000,11,1000,1000,1,3888.4052,0.0000,0.9075,1297.2825,0.0000,0.1931,63.9600,0.0000,0.1161,5249.6477,0.0000,1.2167,5249.6479,25,0
8650.0000,865,2004,2.7000,4,1000,1000,1,3892.3253,0.0000,0.9071,1295.7828,0.0000,0.1928,63.8860,0.0000,0.1160,5251.9941,0.0000,1.2158,5251.9941,24,0
8660.0000,866,2005,2.7000,5,1000,1000,1,3897.1912,0.0000,0.9070,1294.2865,0.0000,0.1926,63.8123,0.0000,0.1158,5255.2900,0.0000,1.2155,5255.2900,24,0
8670.0000,867,2005,2.7000,5,1000,1000,1,3902.8468,0.0000,0.9075,1292.7937,0.0000,0.1924,63.7387,0.0000,0.1157,5259.3791,0.0000,1.2156,5259.3789,24,0
8680.0000,868,2006,2.7000,6,1000,1000,1,3906.2205,0.0000,0.9082,1291.3043,0.0000,0.1922,63.6652,0.0000,0.1156,5261.1900,0.0000,1.2159,5261.1899,25,0
8690.0000,869,2001,2.7000,1,1000,1000,1,3911.8855,0.0000,0.9079,1329.7508,0.0000,0.1921,63.5920,0.0000,0.1154,5305.2282,0.0000,1.2154,5305.2280,24,0
8700.0000,870,2001,2.7000,1,1000,1000,1,3915.2867,0.0000,0.9076,1328.2223,0.0000,0.1918,63.5189,0.0000,0.1153,5307.0280,0.0000,1.2147,5307.0278,24,0
8710.0000,871,2003,2.7000,3,1000,1000,1,3920.8489,0.0000,0.9075,1329.9135,0.0000,0.1920,63.4460,0.0000,0.1152,5314.2083,0.0000,1.2146,5314.2085,24,0
8720.0000,872,2002,2.7000,2,1000,1000,1,3925.5700,0.0000,0.9069,1328.3884,0.0000,0.1917,63.3732,0.0000,0.1150,5317.3316,0.0000,1.2136,5317.3315,24,0
8730.0000,873,2001,2.7000,1,1000,1000,1,3929.3704,0.0000,0.9068,1330.2459,0.0000,0.1916,63.3006,0.0000,0.1149,5322.9169,0.0000,1.2133,5322.9170,24,0
8740.0000,874,2004,2.7000,4,1000,1000,1,3933.1350,0.0000,0.9070,1328.7239,0.0000,0.1914,63.2282,0.0000,0.1148,5325.0871,0.0000,1.2132,5325.0869,24,0
8750.0000,875,2001,2.7000,1,1000,1000,1,3937.1057,0.0000,0.9073,1327.2054,0.0000,0.1912,63.1559,0.0000,0.1146,5327.4670,0.0000,1.2131,5327.4668,24,0
8760.0000,876,2002,2.7000,2,1000,1000,1,3944.0831,0.0000,0.9071,1331.8693,0.0000,0.1914,63.0838,0.0000,0.1145,5339.0362,0.0000,1.2130,5339.0361,24,0
8770.0000,877,1997,2.7000,0,997,1000,1,3947.2727,0.0000,0.9068,1331.9533,0.0000,0.1913,63.0119,0.0000,0.1144,5342.2379,0.0000,1.2125,5342.2378,24,0
8780.0000,878,2002,2.7000,2,1000,1000,1,3952.5067,0.0000,0.9066,1332.3642,0.0000,0.1917,62.9401,0.0000,0.1142,5347.8111,0.0000,1.2125,5347.8110,24,0
8790.0000,879,1997,2.7000,1,996,1000,1,3957.8336,0.0000,0.9066,1330.8485,0.0000,0.1915,62.8685,0.0000,0.1141,5351.5506,0.0000,1.2122,5351.5508,24,0
8800.0000,880,2002,2.7000,2,1000,1000,1,3962.3113,0.0000,0.9066,1333.1776,0.0000,0.1918,62.7971,0.0000,0.1140,5358.2860,0.0000,1.2124,5358.2861,24,0
8810.0000,881,1998,2.7000,0,998,1000,1,3965.8880,0.0000,0.9062,1334.1465,0.0000,0.1918,62.7258,0.0000,0.1138,5362.7602,0.0000,1.2119,5362.7603,24,0
8820.0000,882,2003,2.7000,3,1000,1000,1,3970.1330,0.0000,0.9061,1334.0436,0.0000,0.1920,62.6547,0.0000,0.1137,5366.8312,0.0000,1.2118,5366.8311,24,0
8830.0000,883,2005,2.7000,5,1000,1000,1,3975.9572,0.0000,0.9066,1332.5328,0.0000,0.1917,62.5837,0.0000,0.1136,5371.0737,0.0000,1.2119,5371.0737,24,0
8840.0000,884,2003,2.7000,3,1000,1000,1,3980.3302,0.0000,0.9074,1331.0254,0.0000,0.1915,62.5129,0.0000,0.1135,5373.8685,0.0000,1.2123,5373.8687,24,0
8850.0000,885,2000,2.7000,0,1000,1000,1,3979.8972,0.0000,0.9066,1334.9943,0.0000,0.1914,62.4423,0.0000,0.1133,5377.3338,0.0000,1.2113,5377.3340,24,0
8860.0000,886,2003,2.7000,3,1000,1000,1,3989.5163,0.0000,0.9063,1336.5508,0.0000,0.1914,62.3718,0.0000,0.1132,5388.4389,0.0000,1.2109,5388.4390,24,0
8870.0000,887,2009,2.7000,9,1000,1000,1,3993.4949,0.0000,0.9067,1335.0440,0.0000,0.1912,62.3015,0.0000,0.1131,5390.8404,0.0000,1.2109,5390.8403,25,0
8880.0000,888,2009,2.7000,9,1000,1000,1,3998.5127,0.0000,0.9069,1333.5406,0.0000,0.1910,62.2313,0.0000,0.1130,5394.2846,0.0000,1.2108,5394.2847,25,0
8890.0000,889,1999,2.7000,0,999,1000,1,4001.5150,0.0000,0.9065,1332.0405,0.0000,0.1908,62.1613,0.0000,0.1128,5395.7169,0.0000,1.2101,5395.7168,24,0
8900.0000,890,2001,2.7000,2,999,1000,1,4006.5105,0.0000,0.9063,1337.3755,0.0000,0.1908,62.0915,0.0000,0.1127,5405.9775,0.0000,1.2098,5405.9775,24,0
8910.0000,891,2001,2.7000,1,1000,1000,1,4010.9640,0.0000,0.9064,1337.0182,0.0000,0.1907,62.0218,0.0000,0.1126,5410.0040,0.0000,1.2097,5410.0039,24,0
8920.0000,892,1999,2.7000,1,998,1000,1,4016.5713,0.0000,0.9059,1338.6596,0.0000,0.1907,61.9523,0.0000,0.1124,5417.1832,0.0000,1.2091,5417.1831,24,0
8930.0000,893,2003,2.7000,3,1000,1000,1,4021.6707,0.0000,0.9058,1338.5314,0.0000,0.1912,61.8829,0.0000,0.1123,5422.0850,0.0000,1.2093,5422.0850,24,0
8940.0000,894,2006,2.7000,6,1000,1000,1,4025.9127,0.0000,0.9057,1337.0342,0.0000,0.1909,61.8137,0.0000,0.1122,5424.7605,0.0000,1.2088,5424.7607,25,0
8950.0000,895,2003,2.7000,3,1000,1000,1,4028.3483,0.0000,0.9058,1335.5403,0.0000,0.1907,61.7446,0.0000,0.1121,5425.6332,0.0000,1.2086,5425.6333,24,0
8960.0000,896,2008,2.7000,8,1000,1000,1,4034.3067,0.0000,0.9059,1334.0497,0.0000,0.1905,61.6757,0.0000,0.1119,5430.0321,0.0000,1.2084,5430.0322,25,0
8970.0000,897,2009,2.7000,9,1000,1000,1,4039.9351,0.0000,0.9061,1332.5625,0.0000,0.1903,61.6069,0.0000,0.1118,5434.1045,0.0000,1.2082,5434.1045,25,0
8980.0000,898,2008,2.7000,8,1000,1000,1,4044.3368,0.0000,0.9061,1331.0786,0.0000,0.1901,61.5383,0.0000,0.1117,5436.9537,0.0000,1.2079,5436.9536,25,0
8990.0000,899,2007,2.7000,7,1000,1000,1,4048.0153,0.0000,0.9063,1329.5979,0.0000,0.1899,61.4699,0.0000,0.1116,5439.0831,0.0000,1.2078,5439.0830,25,0
9000.0000,900,2008,2.7000,8,1000,1000,1,4053.2714,0.0000,0.9062,1328.1206,0.0000,0.1897,61.4016,0.0000,0.1114,5442.7936,0.0000,1.2073,5442.7935,25,0
9010.0000,901,2005,2.7000,5,1000,1000,1,4057.1482,0.0000,0.9061,1326.6466,0.0000,0.1895,61.3334,0.0000,0.1113,5445.1282,0.0000,1.2069,5445.1279,24,0
9020.0000,902,2006,2.7000,6,1000,1000,1,4062.6090,0.0000,0.9060,1325.1758,0.0000,0.1892,61.2654,0.0000,0.1112,5449.0502,0.0000,1.2064,5449.0503,25,0
9030.0000,903,2004,2.7000,4,1000,1000,1,4066.7205,0.0000,0.9061,1323.7082,0.0000,0.1890,61.1976,0.0000,0.1111,5451.6264,0.0000,1.2062,5451.6265,24,0
9040.0000,904,2004,2.7000,4,1000,1000,1,4071.1591,0.0000,0.9058,1322.2440,0.0000,0.1888,61.1299,0.0000,0.1110,5454.5330,0.0000,1.2055,5454.5327,24,0
9050.0000,905,2003,2.7000,3,1000,1000,1,4076.1154,0.0000,0.9056,1320.7829,0.0000,0.1886,61.0623,0.0000,0.1108,5457.9607,0.0000,1.2051,5457.9609,24,0
9060.0000,906,2005,2.7000,5,1000,1000,1,4080.9163,0.0000,0.9062,1319.3251,0.0000,0.1884,60.9950,0.0000,0.1107,5461.2363,0.0000,1.2053,5461.2363,24,0
9070.0000,907,2000,2.7000,0,1000,1000,1,4084.4724,0.0000,0.9060,1317.8705,0.0000,0.1882,60.9277,0.0000,0.1106,5463.2706,0.0000,1.2047,5463.2705,24,0
9080.0000,908,2000,2.7000,0,1000,1000,1,4088.5452,0.0000,0.9062,1316.4191,0.0000,0.1880,60.8606,0.0000,0.1105,5465.8249,0.0000,1.2046,5465.8247,24,0
9090.0000,909,2003,2.7000,3,1000,1000,1,4092.8736,0.0000,0.9058,1345.5255,0.0000,0.1881,60.7936,0.0000,0.1103,5499.1927,0.0000,1.2043,5499.1929,24,0
9100.0000,910,2001,2.7000,1,1000,1000,1,4098.9166,0.0000,0.9056,1344.0469,0.0000,0.1879,60.7268,0.0000,0.1102,5503.6903,0.0000,1.2037,5503.6904,24,0
9110.0000,911,2000,2.7000,0,1000,1000,1,4102.6785,0.0000,0.9056,1346.5678,0.0000,0.1884,60.6602,0.0000,0.1101,5509.9065,0.0000,1.2041,5509.9062,24,0
9120.0000,912,2004,2.7000,4,1000,1000,1,4107.6835,0.0000,0.9058,1345.0913,0.0000,0.1882,60.5937,0.0000,0.1100,5513.3684,0.0000,1.2039,5513.3687,24,0
9130.0000,913,2001,2.7000,1,1000,1000,1,4110.3077,0.0000,0.9055,1343.6180,0.0000,0.1880,60.5273,0.0000,0.1099,5514.4530,0.0000,1.2033,5514.4531,24,0
9140.0000,914,2004,2.7000,4,1000,1000,1,4117.0016,0.0000,0.9058,1342.1480,0.0000,0.1877,60.4611,0.0000,0.1097,5519.6106,0.0000,1.2033,5519.6108,24,0
9150.0000,915,2006,2.7000,6,1000,1000,1,4120.4381,0.0000,0.9058,1340.6811,0.0000,0.1875,60.3950,0.0000,0.1096,5521.5143,0.0000,1.2030,5521.5142,25,0
9160.0000,916,2004,2.7000,4,1000,1000,1,4125.4781,0.0000,0.9057,1339.2175,0.0000,0.1873,60.3291,0.0000,0.1095,5525.0247,0.0000,1.2025,5525.0249,24,0
9170.0000,917,2008,2.7000,8,1000,1000,1,4130.9437,0.0000,0.9059,1337.7571,0.0000,0.1871,60.2633,0.0000,0.1094,5528.9640,0.0000,1.2024,5528.9639,25,0
9180.0000,918,2003,2.7000,3,1000,1000,1,4132.9003,0.0000,0.9054,1336.2998,0.0000,0.1869,60.1976,0.0000,0.1093,5529.3977,0.0000,1.2016,5529.3979,24,0
9190.0000,919,2008,2.7000,8,1000,1000,1,4139.7850,0.0000,0.9059,1334.8457,0.0000,0.1867,60.1321,0.0000,0.1091,5534.7629,0.0000,1.2017,5534.7627,25,0
9200.0000,920,1998,2.7000,0,998,1000,1,4141.3217,0.0000,0.9054,1349.7787,0.0000,0.1866,60.0668,0.0000,0.1090,5551.1671,0.0000,1.2011,5551.1670,24,0
9210.0000,921,1997,2.7000,0,997,1000,1,4144.7673,0.0000,0.9050,1350.6177,0.0000,0.1873,60.0015,0.0000,0.1089,5555.3866,0.0000,1.2012,5555.3867,24,0
9220.0000,922,2003,2.7000,3,1000,1000,1,4153.1439,0.0000,0.9054,1350.7738,0.0000,0.1877,59.9365,0.0000,0.1088,5563.8542,0.0000,1.2020,5563.8540,24,0
9230.0000,923,2005,2.7000,5,1000,1000,1,4154.9911,0.0000,0.9057,1349.3104,0.0000,0.1875,59.8715,0.0000,0.1087,5564.1730,0.0000,1.2020,5564.1729,24,0
9240.0000,924,2011,2.7000,11,1000,1000,1,4162.6959,0.0000,0.9062,1347.8501,0.0000,0.1873,59.8067,0.0000,0.1085,5570.3527,0.0000,1.2021,5570.3525,25,0
9250.0000,925,2014,2.7000,14,1000,1000,1,4165.2785,0.0000,0.9065,1346.3929,0.0000,0.1871,59.7421,0.0000,0.1084,5571.4135,0.0000,1.2021,5571.4136,25,0
9260.0000,926,2020,2.7000,20,1000,1000,1,4171.8686,0.0000,0.9069,1344.9389,0.0000,0.1869,59.6776,0.0000,0.1083,5576.4851,0.0000,1.2022,5576.4854,25,0
9270.0000,927,2020,2.7000,20,1000,1000,1,4176.3964,0.0000,0.9071,1343.4881,0.0000,0.1867,59.6132,0.0000,0.1082,5579.4977,0.0000,1.2020,5579.4976,25,0
9280.0000,928,2013,2.7000,13,1000,1000,1,4176.1259,0.0000,0.9065,1342.0404,0.0000,0.1865,59.5489,0.0000,0.1081,5577.7152,0.0000,1.2011,5577.7153,25,0
9290.0000,929,2006,2.7000,6,1000,1000,1,4182.6949,0.0000,0.9064,1340.5958,0.0000,0.1863,59.4848,0.0000,0.1080,5582.7755,0.0000,1.2006,5582.7754,25,0
9300.0000,930,2002,2.7000,2,1000,1000,1,4188.7594,0.0000,0.9060,1339.1543,0.0000,0.1861,59.4209,0.0000,0.1078,5587.3346,0.0000,1.2000,5587.3345,24,0
9310.0000,931,2003,2.7000,3,1000,1000,1,4194.1873,0.0000,0.9062,1354.1408,0.0000,0.1861,59.3571,0.0000,0.1077,5607.6852,0.0000,1.2001,5607.6851,24,0
9320.0000,932,2002,2.7000,2,1000,1000,1,4199.2026,0.0000,0.9063,1354.5449,0.0000,0.1862,59.2934,0.0000,0.1076,5613.0409,0.0000,1.2001,5613.0410,24,0
9330.0000,933,2000,2.7000,0,1000,1000,1,4200.2592,0.0000,0.9060,1355.5712,0.0000,0.1863,59.2298,0.0000,0.1075,5615.0603,0.0000,1.1998,5615.0601,24,0
9340.0000,934,2000,2.7000,1,999,1000,1,4207.2147,0.0000,0.9054,1355.7142,0.0000,0.1865,59.1664,0.0000,0.1074,5622.0953,0.0000,1.1993,5622.0952,24,0
9350.0000,935,2001,2.7000,1,1000,1000,1,4212.2969,0.0000,0.9053,1355.1587,0.0000,0.1867,59.1031,0.0000,0.1073,5626.5587,0.0000,1.1994,5626.5586,24,0
9360.0000,936,2011,2.7000,11,1000,1000,1,4217.4031,0.0000,0.9059,1353.7109,0.0000,0.1865,59.0400,0.0000,0.1072,5630.1539,0.0000,1.1996,5630.1538,25,0
9370.0000,937,2016,2.7000,16,1000,1000,1,4221.9961,0.0000,0.9061,1352.2661,0.0000,0.1863,58.9770,0.0000,0.1070,5633.2392,0.0000,1.1995,5633.2393,25,0
9380.0000,938,2017,2.7000,17,1000,1000,1,4225.8888,0.0000,0.9062,1350.8245,0.0000,0.1861,58.9141,0.0000,0.1069,5635.6274,0.0000,1.1993,5635.6274,25,0
9390.0000,939,2021,2.7000,21,1000,1000,1,4230.6227,0.0000,0.9065,1349.3859,0.0000,0.1859,58.8514,0.0000,0.1068,5638.8599,0.0000,1.1993,5638.8599,26,0
9400.0000,940,2023,2.7000,23,1000,1000,1,4235.0172,0.0000,0.9066,1347.9504,0.0000,0.1857,58.7888,0.0000,0.1067,5641.7564,0.0000,1.1990,5641.7563,26,0
9410.0000,941,2020,2.7000,20,1000,1000,1,4238.3252,0.0000,0.9063,1346.5179,0.0000,0.1855,58.7263,0.0000,0.1066,5643.5694,0.0000,1.1984,5643.5693,25,0
9420.0000,942,2015,2.7000,15,1000,1000,1,4242.9569,0.0000,0.9059,1345.0885,0.0000,0.1854,58.6639,0.0000,0.1065,5646.7093,0.0000,1.1978,5646.7095,25,0
9430.0000,943,2015,2.7000,15,1000,1000,1,4244.9587,0.0000,0.9059,1343.6621,0.0000,0.1852,58.6017,0.0000,0.1064,5647.2225,0.0000,1.1975,5647.2227,25,0
9440.0000,944,2014,2.7000,14,1000,1000,1,4252.7089,0.0000,0.9056,1342.2387,0.0000,0.1850,58.5396,0.0000,0.1062,5653.4873,0.0000,1.1968,5653.4873,25,0
9450.0000,945,2010,2.7000,10,1000,1000,1,4256.9537,0.0000,0.9055,1340.8184,0.0000,0.1848,58.4777,0.0000,0.1061,5656.2498,0.0000,1.1964,5656.2495,25,0
9460.0000,946,2013,2.7000,13,1000,1000,1,4263.0385,0.0000,0.9061,1339.4010,0.0000,0.1846,58.4159,0.0000,0.1060,5660.8554,0.0000,1.1967,5660.8555,25,0
9470.0000,947,2015,2.7000,15,1000,1000,1,4266.9187,0.0000,0.9060,1337.9867,0.0000,0.1844,58.3542,0.0000,0.1059,5663.2596,0.0000,1.1963,5663.2598,25,0
9480.0000,948,2015,2.7000,15,1000,1000,1,4271.2898,0.0000,0.9060,1336.5753,0.0000,0.1842,58.2926,0.0000,0.1058,5666.1577,0.0000,1.1960,5666.1577,25,0
9490.0000,949,2017,2.7000,17,1000,1000,1,4274.4128,0.0000,0.9059,1335.1669,0.0000,0.1840,58.2312,0.0000,0.1057,5667.8109,0.0000,1.1956,5667.8110,25,0
9500.0000,950,2006,2.7000,6,1000,1000,1,4279.5775,0.0000,0.9056,1333.7614,0.0000,0.1838,58.1699,0.0000,0.1056,5671.5088,0.0000,1.1949,5671.5088,25,0
9510.0000,951,2007,2.7000,7,1000,1000,1,4283.8660,0.0000,0.9059,1332.3590,0.0000,0.1836,58.1088,0.0000,0.1055,5674.3337,0.0000,1.1950,5674.3335,25,0
9520.0000,952,2014,2.7000,14,1000,1000,1,4290.3350,0.0000,0.9063,1330.9594,0.0000,0.1834,58.0477,0.0000,0.1054,5679.3421,0.0000,1.1951,5679.3423,25,0
9530.0000,953,2018,2.7000,18,1000,1000,1,4292.4970,0.0000,0.9067,1329.5628,0.0000,0.1832,57.9868,0.0000,0.1052,5680.0466,0.0000,1.1952,5680.0464,25,0
9540.0000,954,2024,2.7000,24,1000,1000,1,4299.3310,0.0000,0.9072,1328.1691,0.0000,0.1830,57.9260,0.0000,0.1051,5685.4262,0.0000,1.1954,5685.4263,26,0
9550.0000,955,2024,2.7000,24,1000,1000,1,4303.6301,0.0000,0.9074,1326.7784,0.0000,0.1828,57.8654,0.0000,0.1050,5688.2739,0.0000,1.1953,5688.2739,26,0
9560.0000,956,2024,2.7000,24,1000,1000,1,4307.5342,0.0000,0.9072,1325.3905,0.0000,0.1826,57.8048,0.0000,0.1049,5690.7295,0.0000,1.1948,5690.7295,26,0
9570.0000,957,2020,2.7000,20,1000,1000,1,4313.1396,0.0000,0.9071,1324.0056,0.0000,0.1824,57.7444,0.0000,0.1048,5694.8897,0.0000,1.1944,5694.8896,25,0
9580.0000,958,2022,2.7000,22,1000,1000,1,4317.6032,0.0000,0.9073,1322.6236,0.0000,0.1823,57.6842,0.0000,0.1047,5697.9109,0.0000,1.1943,5697.9111,26,0
9590.0000,959,2030,2.7000,30,1000,1000,1,4321.1658,0.0000,0.9077,1321.2444,0.0000,0.1821,57.6240,0.0000,0.1046,5700.0342,0.0000,1.1944,5700.0342,26,0
9600.0000,960,2030,2.7000,30,1000,1000,1,4326.7596,0.0000,0.9077,1319.8681,0.0000,0.1819,57.5640,0.0000,0.1045,5704.1917,0.0000,1.1941,5704.1919,26,0
9610.0000,961,2020,2.7000,20,1000,1000,1,4330.8269,0.0000,0.9073,1318.4947,0.0000,0.1817,57.5041,0.0000,0.1044,5706.8256,0.0000,1.1933,5706.8257,25,0
9620.0000,962,2020,2.7000,20,1000,1000,1,4335.9822,0.0000,0.9074,1317.1241,0.0000,0.1815,57.4443,0.0000,0.1043,5710.5506,0.0000,1.1931,5710.5508,25,0
9630.0000,963,2036,2.7000,36,1000,1000,1,4340.6007,0.0000,0.9086,1315.7563,0.0000,0.1813,57.3847,0.0000,0.1042,5713.7417,0.0000,1.1941,5713.7417,26,0
9640.0000,964,2038,2.7000,38,1000,1000,1,4345.0043,0.0000,0.9090,1314.3915,0.0000,0.1811,57.3251,0.0000,0.1040,5716.7208,0.0000,1.1942,5716.7207,26,0
9650.0000,965,2047,2.7000,47,1000,1000,1,4348.3886,0.0000,0.9094,1313.0294,0.0000,0.1809,57.2657,0.0000,0.1039,5718.6837,0.0000,1.1943,5718.6836,26,0
9660.0000,966,2046,2.7000,46,1000,1000,1,4351.4381,0.0000,0.9092,1311.6701,0.0000,0.1807,57.2064,0.0000,0.1038,5720.3147,0.0000,1.1938,5720.3149,26,0
9670.0000,967,2038,2.7000,38,1000,1000,1,4358.1255,0.0000,0.9089,1310.3137,0.0000,0.1806,57.1473,0.0000,0.1037,5725.5865,0.0000,1.1932,5725.5864,26,0
9680.0000,968,2031,2.7000,31,1000,1000,1,4363.1628,0.0000,0.9087,1308.9601,0.0000,0.1804,57.0882,0.0000,0.1036,5729.2112,0.0000,1.1927,5729.2109,26,0
9690.0000,969,2034,2.7000,34,1000,1000,1,4366.7131,0.0000,0.9093,1307.6093,0.0000,0.1802,57.0293,0.0000,0.1035,5731.3517,0.0000,1.1930,5731.3516,26,0
9700.0000,970,2036,2.7000,36,1000,1000,1,4372.2764,0.0000,0.9095,1306.2612,0.0000,0.1800,56.9705,0.0000,0.1034,5735.5082,0.0000,1.1929,5735.5083,26,0
9710.0000,971,2035,2.7000,35,1000,1000,1,4377.0948,0.0000,0.9097,1304.9159,0.0000,0.1798,56.9119,0.0000,0.1033,5738.9226,0.0000,1.1928,5738.9224,26,0
9720.0000,972,2028,2.7000,28,1000,1000,1,4381.6527,0.0000,0.9096,1303.5734,0.0000,0.1796,56.8533,0.0000,0.1032,5742.0794,0.0000,1.1924,5742.0796,26,0
9730.0000,973,2029,2.7000,29,1000,1000,1,4385.8728,0.0000,0.9095,1302.2337,0.0000,0.1794,56.7949,0.0000,0.1031,5744.9014,0.0000,1.1920,5744.9014,26,0
9740.0000,974,2022,2.7000,22,1000,1000,1,4390.1575,0.0000,0.9092,1300.8967,0.0000,0.1793,56.7366,0.0000,0.1030,5747.7907,0.0000,1.1915,5747.7905,26,0
9750.0000,975,2018,2.7000,18,1000,1000,1,4392.3685,0.0000,0.9089,1299.5624,0.0000,0.1791,56.6784,0.0000,0.1029,5748.6093,0.0000,1.1909,5748.6094,25,0
9760.0000,976,2012,2.7000,12,1000,1000,1,4400.0581,0.0000,0.9091,1298.2309,0.0000,0.1789,56.6203,0.0000,0.1028,5754.9093,0.0000,1.1908,5754.9092,25,0
9770.0000,977,2014,2.7000,14,1000,1000,1,4403.2424,0.0000,0.9089,1296.9021,0.0000,0.1787,56.5624,0.0000,0.1027,5756.7068,0.0000,1.1903,5756.7070,25,0
9780.0000,978,2008,2.7000,8,1000,1000,1,4409.2701,0.0000,0.9084,1295.5760,0.0000,0.1785,56.5045,0.0000,0.1026,5761.3507,0.0000,1.1895,5761.3506,25,0
9790.0000,979,2003,2.7000,3,1000,1000,1,4412.4335,0.0000,0.9080,1294.2527,0.0000,0.1783,56.4468,0.0000,0.1025,5763.1329,0.0000,1.1888,5763.1328,24,0
9800.0000,980,2000,2.7000,0,1000,1000,1,4416.7622,0.0000,0.9073,1373.6716,0.0000,0.1790,56.3892,0.0000,0.1023,5846.8230,0.0000,1.1887,5846.8232,24,0
9810.0000,981,2006,2.7000,6,1000,1000,1,4422.9573,0.0000,0.9075,1373.3102,0.0000,0.1790,56.3317,0.0000,0.1022,5852.5992,0.0000,1.1888,5852.5991,25,0
9820.0000,982,1998,2.7000,0,998,1000,1,4425.7728,0.0000,0.9070,1375.0731,0.0000,0.1791,56.2744,0.0000,0.1021,5857.1203,0.0000,1.1883,5857.1201,24,0
9830.0000,983,2003,2.7000,3,1000,1000,1,4430.9670,0.0000,0.9072,1375.0245,0.0000,0.1792,56.2171,0.0000,0.1020,5862.2087,0.0000,1.1885,5862.2085,24,0
9840.0000,984,2003,2.7000,3,1000,1000,1,4435.4520,0.0000,0.9070,1373.6271,0.0000,0.1791,56.1600,0.0000,0.1019,5865.2392,0.0000,1.1880,5865.2393,24,0
9850.0000,985,2003,2.7000,3,1000,1000,1,4441.0132,0.0000,0.9071,1372.2326,0.0000,0.1789,56.1030,0.0000,0.1018,5869.3488,0.0000,1.1878,5869.3486,24,0
9860.0000,986,2003,2.7000,4,999,1000,1,4445.7643,0.0000,0.9071,1375.9600,0.0000,0.1788,56.0461,0.0000,0.1017,5877.7703,0.0000,1.1876,5877.7705,24,0
9870.0000,987,2007,2.7000,7,1000,1000,1,4449.5268,0.0000,0.9070,1375.3875,0.0000,0.1787,55.9893,0.0000,0.1016,5880.9036,0.0000,1.1873,5880.9038,25,0
9880.0000,988,2001,2.7000,1,1000,1000,1,4453.3258,0.0000,0.9065,1373.9954,0.0000,0.1785,55.9326,0.0000,0.1015,5883.2539,0.0000,1.1865,5883.2539,24,0
9890.0000,989,2001,2.7000,1,1000,1000,1,4458.7739,0.0000,0.9067,1372.6061,0.0000,0.1784,55.8761,0.0000,0.1014,5887.2561,0.0000,1.1865,5887.2563,24,0
9900.0000,990,2001,2.7000,2,999,1000,1,4463.8552,0.0000,0.9066,1378.1661,0.0000,0.1787,55.8196,0.0000,0.1013,5897.8409,0.0000,1.1866,5897.8408,24,0
9910.0000,991,2000,2.7000,1,999,1000,1,4468.4669,0.0000,0.9064,1378.6097,0.0000,0.1792,55.7633,0.0000,0.1012,5902.8399,0.0000,1.1868,5902.8398,24,0
9920.0000,992,2000,2.7000,0,1000,1000,1,4472.1084,0.0000,0.9062,1378.2387,0.0000,0.1793,55.7071,0.0000,0.1011,5906.0542,0.0000,1.1867,5906.0542,24,0
9930.0000,993,2002,2.7000,2,1000,1000,1,4475.7132,0.0000,0.9060,1377.7945,0.0000,0.1793,55.6510,0.0000,0.1010,5909.1587,0.0000,1.1863,5909.1587,24,0
9940.0000,994,2002,2.7000,2,1000,1000,1,4482.0953,0.0000,0.9061,1376.4084,0.0000,0.1791,55.5950,0.0000,0.1009,5914.0987,0.0000,1.1861,5914.0986,24,0
9950.0000,995,2000,2.7000,0,1000,1000,1,4484.6351,0.0000,0.9060,1380.0886,0.0000,0.1790,55.5391,0.0000,0.1008,5920.2628,0.0000,1.1858,5920.2627,24,0
9960.0000,996,1999,2.7000,1,998,1000,1,4491.3726,0.0000,0.9058,1380.4875,0.0000,0.1791,55.4834,0.0000,0.1007,5927.3435,0.0000,1.1856,5927.3433,24,0
9970.0000,997,1996,2.7000,0,996,1000,1,4491.4934,0.0000,0.9054,1380.7408,0.0000,0.1793,55.4277,0.0000,0.1006,5927.6619,0.0000,1.1854,5927.6616,24,0
9980.0000,998,1999,2.7000,1,998,1000,1,4499.1851,0.0000,0.9051,1380.7535,0.0000,0.1796,55.3722,0.0000,0.1005,5935.3108,0.0000,1.1852,5935.3110,24,0
9990.0000,999,2000,2.7000,0,1000,1000,1,4503.0409,0.0000,0.9050,1381.6136,0.0000,0.1798,55.3167,0.0000,0.1004,5939.9713,0.0000,1.1852,5939.9712,24,0
10000.0000,1000,2006,2.7000,6,1000,1000,1,4509.2283,0.0000,0.9051,1381.2876,0.0000,0.1800,55.2614,0.0000,0.1003,5945.7774,0.0000,1.1854,5945.7773,25,0
10010.0000,1001,2000,2.7000,0,1000,1000,1,4512.6199,0.0000,0.9048,1382.6254,0.0000,0.1799,55.2062,0.0000,0.1002,5950.4515,0.0000,1.1849,5950.4517,24,0
10020.0000,1002,2005,2.7000,5,1000,1000,1,4518.5351,0.0000,0.9050,1382.6487,0.0000,0.1798,55.1511,0.0000,0.1001,5956.3350,0.0000,1.1849,5956.3350,24,0
10030.0000,1003,2003,2.7000,3,1000,1000,1,4523.1609,0.0000,0.9048,1381.2702,0.0000,0.1797,55.0961,0.0000,0.1000,5959.5273,0.0000,1.1844,5959.5273,24,0
10040.0000,1004,1995,2.7000,0,995,1000,1,4527.4682,0.0000,0.9045,1383.8085,0.0000,0.1799,55.0413,0.0000,0.0999,5966.3180,0.0000,1.1843,5966.3179,24,0
10050.0000,1005,2000,2.7000,2,998,1000,1,4532.3281,0.0000,0.9043,1383.6141,0.0000,0.1805,54.9865,0.0000,0.0998,5970.9287,0.0000,1.1846,5970.9287,24,0
10060.0000,1006,2004,2.7000,4,1000,1000,1,4536.5234,0.0000,0.9042,1384.6713,0.0000,0.1808,54.9318,0.0000,0.0997,5976.1265,0.0000,1.1847,5976.1265,24,0
10070.0000,1007,1999,2.7000,0,999,1000,1,4540.3465,0.0000,0.9039,1384.8591,0.0000,0.1809,54.8773,0.0000,0.0996,5980.0829,0.0000,1.1844,5980.0830,24,0
10080.0000,1008,2002,2.7000,3,999,1000,1,4545.4674,0.0000,0.9038,1385.6685,0.0000,0.1812,54.8228,0.0000,0.0995,5985.9587,0.0000,1.1844,5985.9585,24,0
10090.0000,1009,1999,2.7000,1,998,1000,1,4549.1209,0.0000,0.9034,1386.1207,0.0000,0.1816,54.7685,0.0000,0.0994,5990.0101,0.0000,1.1843,5990.0103,24,0
10100.0000,1010,1999,2.7000,0,999,1000,1,4553.0841,0.0000,0.9027,1386.4116,0.0000,0.1821,54.7143,0.0000,0.0993,5994.2099,0.0000,1.1841,5994.2100,24,0
10110.0000,1011,1998,2.7000,0,998,1000,1,4557.3371,0.0000,0.9025,1386.7209,0.0000,0.1824,54.6602,0.0000,0.0992,5998.7182,0.0000,1.1841,5998.7183,24,0
10120.0000,1012,2006,2.7000,8,998,1000,1,4563.7735,0.0000,0.9026,1387.4487,0.0000,0.1831,54.6062,0.0000,0.0991,6005.8283,0.0000,1.1848,6005.8281,25,0
10130.0000,1013,2003,2.7000,3,1000,1000,1,4567.9811,0.0000,0.9025,1386.3019,0.0000,0.1831,54.5522,0.0000,0.0990,6008.8352,0.0000,1.1846,6008.8354,24,0
10140.0000,1014,2003,2.7000,3,1000,1000,1,4572.6541,0.0000,0.9025,1384.9348,0.0000,0.1829,54.4984,0.0000,0.0989,6012.0873,0.0000,1.1843,6012.0874,24,0
10150.0000,1015,2009,2.7000,9,1000,1000,1,4576.6783,0.0000,0.9027,1383.5703,0.0000,0.1828,54.4448,0.0000,0.0988,6014.6933,0.0000,1.1842,6014.6934,25,0
10160.0000,1016,2005,2.7000,5,1000,1000,1,4581.0088,0.0000,0.9024,1382.2085,0.0000,0.1826,54.3912,0.0000,0.0987,6017.6084,0.0000,1.1837,6017.6084,24,0
10170.0000,1017,2001,2.7000,1,1000,1000,1,4586.0932,0.0000,0.9022,1380.8494,0.0000,0.1824,54.3377,0.0000,0.0986,6021.2803,0.0000,1.1832,6021.2803,24,0
10180.0000,1018,2006,2.7000,6,1000,1000,1,4590.7129,0.0000,0.9024,1389.1252,0.0000,0.1823,54.2843,0.0000,0.0985,6034.1224,0.0000,1.1832,6034.1226,25,0
10190.0000,1019,2008,2.7000,8,1000,1000,1,4592.5595,0.0000,0.9028,1387.7619,0.0000,0.1821,54.2310,0.0000,0.0984,6034.5525,0.0000,1.1834,6034.5522,25,0
10200.0000,1020,2001,2.7000,1,1000,1000,1,4600.0099,0.0000,0.9025,1386.4014,0.0000,0.1820,54.1779,0.0000,0.0983,6040.5891,0.0000,1.1828,6040.5894,24,0
10210.0000,1021,2003,2.7000,3,1000,1000,1,4604.0067,0.0000,0.9024,1391.2417,0.0000,0.1821,54.1248,0.0000,0.0982,6049.3732,0.0000,1.1827,6049.3730,24,0
10220.0000,1022,2005,2.7000,5,1000,1000,1,4609.1116,0.0000,0.9026,1389.8804,0.0000,0.1819,54.0718,0.0000,0.0981,6053.0639,0.0000,1.1827,6053.0640,24,0
10230.0000,1023,2004,2.7000,4,1000,1000,1,4612.7305,0.0000,0.9023,1388.5218,0.0000,0.1817,54.0190,0.0000,0.0980,6055.2713,0.0000,1.1821,6055.2715,24,0
10240.0000,1024,2008,2.7000,8,1000,1000,1,4617.5365,0.0000,0.9029,1387.1658,0.0000,0.1815,53.9662,0.0000,0.0979,6058.6686,0.0000,1.1824,6058.6685,25,0
10250.0000,1025,2002,2.7000,2,1000,1000,1,4622.5952,0.0000,0.9027,1385.8125,0.0000,0.1814,53.9136,0.0000,0.0979,6062.3213,0.0000,1.1820,6062.3213,24,0
10260.0000,1026,2009,2.7000,9,1000,1000,1,4627.2027,0.0000,0.9032,1393.2593,0.0000,0.1817,53.8610,0.0000,0.0978,6074.3230,0.0000,1.1827,6074.3228,25,0
10270.0000,1027,2008,2.7000,8,1000,1000,1,4630.5756,0.0000,0.9034,1391.9026,0.0000,0.1815,53.8086,0.0000,0.0977,6076.2868,0.0000,1.1826,6076.2866,25,0
10280.0000,1028,2005,2.7000,5,1000,1000,1,4636.0530,0.0000,0.9033,1390.5486,0.0000,0.1813,53.7563,0.0000,0.0976,6080.3579,0.0000,1.1822,6080.3579,24,0
10290.0000,1029,2007,2.7000,7,1000,1000,1,4640.1641,0.0000,0.9036,1389.1973,0.0000,0.1811,53.7040,0.0000,0.0975,6083.0654,0.0000,1.1822,6083.0654,25,0
10300.0000,1030,2000,2.7000,0,1000,1000,1,4644.5184,0.0000,0.9033,1395.4307,0.0000,0.1812,53.6519,0.0000,0.0974,6093.6009,0.0000,1.1818,6093.6011,24,0
10310.0000,1031,2001,2.7000,1,1000,1000,1,4649.3601,0.0000,0.9030,1395.4774,0.0000,0.1817,53.5998,0.0000,0.0973,6098.4373,0.0000,1.1820,6098.4375,24,0
10320.0000,1032,1997,2.7000,0,997,1000,1,4653.4791,0.0000,0.9029,1395.7801,0.0000,0.1816,53.5479,0.0000,0.0972,6102.8071,0.0000,1.1817,6102.8071,24,0
10330.0000,1033,2000,2.7000,0,1000,1000,1,4658.3667,0.0000,0.9025,1396.9255,0.0000,0.1820,53.4961,0.0000,0.0971,6108.7883,0.0000,1.1816,6108.7881,24,0
10340.0000,1034,2001,2.7000,1,1000,1000,1,4660.0644,0.0000,0.9025,1395.5745,0.0000,0.1818,53.4443,0.0000,0.0970,6109.0832,0.0000,1.1813,6109.0830,24,0
10350.0000,1035,2004,2.7000,4,1000,1000,1,4667.7879,0.0000,0.9024,1394.2261,0.0000,0.1816,53.3927,0.0000,0.0969,6115.4067,0.0000,1.1810,6115.4067,24,0
10360.0000,1036,2004,2.7000,4,1000,1000,1,4671.8040,0.0000,0.9025,1392.8803,0.0000,0.1815,53.3411,0.0000,0.0968,6118.0255,0.0000,1.1808,6118.0254,24,0
10370.0000,1037,2001,2.7000,2,999,1000,1,4676.8025,0.0000,0.9027,1391.5372,0.0000,0.1813,53.2897,0.0000,0.0967,6121.6294,0.0000,1.1807,6121.6294,24,0
10380.0000,1038,2007,2.7000,7,1000,1000,1,4680.2916,0.0000,0.9029,1397.6875,0.0000,0.1812,53.2384,0.0000,0.0966,6131.2174,0.0000,1.1807,6131.2173,25,0
10390.0000,1039,1999,2.7000,0,999,1000,1,4682.2282,0.0000,0.9024,1399.7944,0.0000,0.1812,53.1871,0.0000,0.0965,6135.2097,0.0000,1.1802,6135.2100,24,0
10400.0000,1040,1995,2.7000,0,995,1000,1,4689.1964,0.0000,0.9022,1400.2855,0.0000,0.1815,53.1360,0.0000,0.0964,6142.6179,0.0000,1.1802,6142.6177,24,0
10410.0000,1041,1998,2.7000,3,995,1000,1,4694.3363,0.0000,0.9017,1400.6015,0.0000,0.1817,53.0849,0.0000,0.0963,6148.0227,0.0000,1.1798,6148.0229,24,0
10420.0000,1042,2001,2.7000,1,1000,1000,1,4698.3434,0.0000,0.9016,1399.9505,0.0000,0.1821,53.0340,0.0000,0.0963,6151.3278,0.0000,1.1799,6151.3276,24,0
10430.0000,1043,2009,2.7000,9,1000,1000,1,4701.3127,0.0000,0.9020,1398.6082,0.0000,0.1819,52.9832,0.0000,0.0962,6152.9041,0.0000,1.1801,6152.9043,25,0
10440.0000,1044,2006,2.7000,6,1000,1000,1,4707.8192,0.0000,0.9018,1397.2686,0.0000,0.1817,52.9324,0.0000,0.0961,6158.0202,0.0000,1.1796,6158.0200,25,0
10450.0000,1045,2002,2.7000,2,1000,1000,1,4712.7424,0.0000,0.9014,1402.7231,0.0000,0.1817,52.8817,0.0000,0.0960,6168.3473,0.0000,1.1791,6168.3472,24,0
10460.0000,1046,1998,2.7000,0,998,1000,1,4716.0718,0.0000,0.9011,1403.1469,0.0000,0.1820,52.8312,0.0000,0.0959,6172.0499,0.0000,1.1790,6172.0498,24,0
10470.0000,1047,1999,2.7000,0,999,1000,1,4720.4595,0.0000,0.9008,1403.3883,0.0000,0.1824,52.7807,0.0000,0.0958,6176.6285,0.0000,1.1790,6176.6284,24,0
10480.0000,1048,2001,2.7000,1,1000,1000,1,4725.7395,0.0000,0.9008,1403.0555,0.0000,0.1824,52.7304,0.0000,0.0957,6181.5253,0.0000,1.1789,6181.5254,24,0
10490.0000,1049,2001,2.7000,3,998,1000,1,4730.6335,0.0000,0.9007,1404.4246,0.0000,0.1830,52.6801,0.0000,0.0956,6187.7382,0.0000,1.1793,6187.7383,24,0
10500.0000,1050,2003,2.7000,3,1000,1000,1,4735.0868,0.0000,0.9009,1404.3965,0.0000,0.1831,52.6299,0.0000,0.0955,6192.1132,0.0000,1.1795,6192.1133,24,0
10510.0000,1051,1995,2.7000,0,995,1000,1,4737.5235,0.0000,0.9006,1405.6170,0.0000,0.1836,52.5799,0.0000,0.0954,6195.7203,0.0000,1.1796,6195.7202,24,0
10520.0000,1052,2007,2.7000,7,1000,1000,1,4743.3807,0.0000,0.9010,1405.5265,0.0000,0.1840,52.5299,0.0000,0.0953,6201.4370,0.0000,1.1804,6201.4370,25,0
10530.0000,1053,2000,2.7000,0,1000,1000,1,4748.4923,0.0000,0.9010,1406.6259,0.0000,0.1840,52.4800,0.0000,0.0953,6207.5982,0.0000,1.1802,6207.5981,24,0
10540.0000,1054,2003,2.7000,4,999,1000,1,4752.9789,0.0000,0.9010,1406.9338,0.0000,0.1843,52.4302,0.0000,0.0952,6212.3429,0.0000,1.1805,6212.3428,24,0
10550.0000,1055,2003,2.7000,3,1000,1000,1,4757.6495,0.0000,0.9011,1406.1440,0.0000,0.1842,52.3805,0.0000,0.0951,6216.1740,0.0000,1.1804,6216.1738,24,0
10560.0000,1056,1999,2.7000,3,996,1000,1,4762.3826,0.0000,0.9011,1407.9995,0.0000,0.1841,52.3309,0.0000,0.0950,6222.7131,0.0000,1.1802,6222.7129,24,0
10570.0000,1057,2000,2.7000,0,1000,1000,1,4764.2291,0.0000,0.9009,1407.5770,0.0000,0.1843,52.2814,0.0000,0.0949,6224.0875,0.0000,1.1801,6224.0874,24,0
10580.0000,1058,2003,2.7000,3,1000,1000,1,4771.1242,0.0000,0.9013,1406.2466,0.0000,0.1841,52.2320,0.0000,0.0948,6229.6028,0.0000,1.1802,6229.6025,24,0
10590.0000,1059,2002,2.7000,2,1000,1000,1,4774.9372,0.0000,0.9016,1404.9187,0.0000,0.1839,52.1826,0.0000,0.0947,6232.0385,0.0000,1.1803,6232.0386,24,0
10600.0000,1060,1999,2.7000,0,999,1000,1,4777.8148,0.0000,0.9016,1408.6427,0.0000,0.1839,52.1334,0.0000,0.0946,6238.5910,0.0000,1.1801,6238.5908,24,0
10610.0000,1061,2002,2.7000,2,1000,1000,1,4785.0041,0.0000,0.9015,1409.7656,0.0000,0.1839,52.0843,0.0000,0.0945,6246.8541,0.0000,1.1799,6246.8540,24,0
10620.0000,1062,2004,2.7000,4,1000,1000,1,4789.3595,0.0000,0.9016,1408.4382,0.0000,0.1837,52.0352,0.0000,0.0944,6249.8329,0.0000,1.1798,6249.8330,24,0
10630.0000,1063,2005,2.7000,5,1000,1000,1,4793.7544,0.0000,0.9014,1407.1132,0.0000,0.1835,51.9863,0.0000,0.0944,6252.8539,0.0000,1.1793,6252.8540,24,0
10640.0000,1064,2006,2.7000,6,1000,1000,1,4797.5893,0.0000,0.9015,1405.7907,0.0000,0.1834,51.9374,0.0000,0.0943,6255.3175,0.0000,1.1791,6255.3174,25,0
10650.0000,1065,2005,2.7000,5,1000,1000,1,4802.9542,0.0000,0.9016,1404.4707,0.0000,0.1832,51.8887,0.0000,0.0942,6259.3136,0.0000,1.1790,6259.3135,24,0
10660.0000,1066,2004,2.7000,4,1000,1000,1,4807.3599,0.0000,0.9015,1403.1532,0.0000,0.1830,51.8400,0.0000,0.0941,6262.3532,0.0000,1.1786,6262.3530,24,0
10670.0000,1067,2005,2.7000,5,1000,1000,1,4811.9154,0.0000,0.9015,1401.8382,0.0000,0.1828,51.7914,0.0000,0.0940,6265.5450,0.0000,1.1784,6265.5449,24,0
10680.0000,1068,2001,2.7000,1,1000,1000,1,4816.5135,0.0000,0.9014,1400.5256,0.0000,0.1827,51.7429,0.0000,0.0939,6268.7820,0.0000,1.1780,6268.7822,24,0
10690.0000,1069,2005,2.7000,5,1000,1000,1,4820.6638,0.0000,0.9015,1399.2155,0.0000,0.1825,51.6945,0.0000,0.0938,6271.5737,0.0000,1.1778,6271.5737,24,0
10700.0000,1070,2006,2.7000,6,1000,1000,1,4825.4352,0.0000,0.9018,1397.9078,0.0000,0.1823,51.6462,0.0000,0.0937,6274.9892,0.0000,1.1779,6274.9893,25,0
10710.0000,1071,2003,2.7000,3,1000,1000,1,4829.5039,0.0000,0.9020,1396.6026,0.0000,0.1822,51.5980,0.0000,0.0937,6277.7045,0.0000,1.1778,6277.7046,24,0
10720.0000,1072,2004,2.7000,4,1000,1000,1,4834.5759,0.0000,0.9021,1395.2998,0.0000,0.1820,51.5498,0.0000,0.0936,6281.4255,0.0000,1.1777,6281.4253,24,0
10730.0000,1073,2003,2.7000,3,1000,1000,1,4838.8425,0.0000,0.9021,1393.9994,0.0000,0.1818,51.5018,0.0000,0.0935,6284.3437,0.0000,1.1774,6284.3438,24,0
10740.0000,1074,2003,2.7000,3,1000,1000,1,4843.4550,0.0000,0.9020,1392.7014,0.0000,0.1817,51.4538,0.0000,0.0934,6287.6103,0.0000,1.1770,6287.6104,24,0
10750.0000,1075,1999,2.7000,1,998,1000,1,4847.3938,0.0000,0.9020,1417.4050,0.0000,0.1816,51.4060,0.0000,0.0933,6316.2048,0.0000,1.1768,6316.2046,24,0
10760.0000,1076,1999,2.7000,0,999,1000,1,4851.6410,0.0000,0.9018,1418.1104,0.0000,0.1821,51.3582,0.0000,0.0932,6321.1096,0.0000,1.1770,6321.1099,24,0
10770.0000,1077,2004,2.7000,4,1000,1000,1,4854.9522,0.0000,0.9020,1417.9646,0.0000,0.1822,51.3105,0.0000,0.0931,6324.2273,0.0000,1.1773,6324.2271,24,0
10780.0000,1078,2001,2.7000,2,999,1000,1,4861.4021,0.0000,0.9019,1418.6286,0.0000,0.1825,51.2629,0.0000,0.0930,6331.2936,0.0000,1.1774,6331.2935,24,0
10790.0000,1079,2002,2.7000,2,1000,1000,1,4866.0459,0.0000,0.9015,1419.2197,0.0000,0.1827,51.2154,0.0000,0.0930,6336.4810,0.0000,1.1771,6336.4810,24,0
10800.0000,1080,2000,2.7000,1,999,1000,1,4870.0833,0.0000,0.9014,1419.8780,0.0000,0.1826,51.1680,0.0000,0.0929,6341.1293,0.0000,1.1769,6341.1294,24,0
10810.0000,1081,2005,2.7000,5,1000,1000,1,4875.0685,0.0000,0.9014,1419.0509,0.0000,0.1825,51.1207,0.0000,0.0928,6345.2401,0.0000,1.1767,6345.2402,24,0
10820.0000,1082,2011,2.7000,11,1000,1000,1,4879.5015,0.0000,0.9019,1417.7394,0.0000,0.1823,51.0734,0.0000,0.0927,6348.3143,0.0000,1.1770,6348.3145,25,0
10830.0000,1083,2009,2.7000,9,1000,1000,1,4881.6589,0.0000,0.9018,1416.4303,0.0000,0.1822,51.0262,0.0000,0.0926,6349.1155,0.0000,1.1766,6349.1157,25,0
10840.0000,1084,1996,2.7000,0,996,1000,1,4886.1514,0.0000,0.9013,1422.3045,0.0000,0.1821,50.9792,0.0000,0.0925,6359.4351,0.0000,1.1759,6359.4351,24,0
10850.0000,1085,2005,2.7000,5,1000,1000,1,4892.6439,0.0000,0.9018,1421.5643,0.0000,0.1824,50.9322,0.0000,0.0924,6365.1404,0.0000,1.1766,6365.1401,24,0
10860.0000,1086,2000,2.7000,1,999,1000,1,4897.3032,0.0000,0.9017,1422.6224,0.0000,0.1823,50.8853,0.0000,0.0924,6370.8110,0.0000,1.1764,6370.8110,24,0
10870.0000,1087,1999,2.7000,3,996,1000,1,4901.9541,0.0000,0.9017,1423.7436,0.0000,0.1827,50.8385,0.0000,0.0923,6376.5361,0.0000,1.1766,6376.5361,24,0
10880.0000,1088,2006,2.7000,6,1000,1000,1,4905.5628,0.0000,0.9014,1423.8087,0.0000,0.1829,50.7918,0.0000,0.0922,6380.1632,0.0000,1.1765,6380.1631,25,0
10890.0000,1089,2007,2.7000,7,1000,1000,1,4908.7924,0.0000,0.9013,1422.5013,0.0000,0.1827,50.7451,0.0000,0.0921,6382.0387,0.0000,1.1761,6382.0386,25,0
10900.0000,1090,2014,2.7000,14,1000,1000,1,4914.3831,0.0000,0.9016,1421.1962,0.0000,0.1826,50.6986,0.0000,0.0920,6386.2779,0.0000,1.1761,6386.2778,25,0
10910.0000,1091,2005,2.7000,5,1000,1000,1,4918.1369,0.0000,0.9015,1419.8936,0.0000,0.1824,50.6521,0.0000,0.0919,6388.6825,0.0000,1.1758,6388.6826,24,0
10920.0000,1092,2007,2.7000,7,1000,1000,1,4924.5345,0.0000,0.9016,1418.5933,0.0000,0.1822,50.6057,0.0000,0.0918,6393.7335,0.0000,1.1756,6393.7334,25,0
10930.0000,1093,2002,2.7000,2,1000,1000,1,4927.5303,0.0000,0.9015,1417.2954,0.0000,0.1821,50.5594,0.0000,0.0918,6395.3851,0.0000,1.1753,6395.3853,24,0
10940.0000,1094,2000,2.7000,0,1000,1000,1,4929.3368,0.0000,0.9011,1427.4365,0.0000,0.1820,50.5132,0.0000,0.0917,6407.2864,0.0000,1.1748,6407.2866,24,0
10950.0000,1095,1997,2.7000,0,997,1000,1,4937.1454,0.0000,0.9008,1427.3904,0.0000,0.1824,50.4671,0.0000,0.0916,6415.0028,0.0000,1.1748,6415.0029,24,0
10960.0000,1096,1998,2.7000,0,998,1000,1,4941.9809,0.0000,0.9004,1428.1811,0.0000,0.1829,50.4210,0.0000,0.0915,6420.5831,0.0000,1.1748,6420.5830,24,0
10970.0000,1097,2005,2.7000,5,1000,1000,1,4946.5993,0.0000,0.9002,1428.0975,0.0000,0.1832,50.3750,0.0000,0.0914,6425.0718,0.0000,1.1748,6425.0718,24,0
10980.0000,1098,2016,2.7000,16,1000,1000,1,4951.5514,0.0000,0.9010,1426.7968,0.0000,0.1831,50.3292,0.0000,0.0913,6428.6774,0.0000,1.1754,6428.6772,25,0
10990.0000,1099,2009,2.7000,9,1000,1000,1,4955.4838,0.0000,0.9005,1425.4986,0.0000,0.1829,50.2834,0.0000,0.0913,6431.2657,0.0000,1.1747,6431.2656,25,0
11000.0000,1100,2009,2.7000,9,1000,1000,1,4960.4703,0.0000,0.9004,1424.2027,0.0000,0.1827,50.2377,0.0000,0.0912,6434.9107,0.0000,1.1743,6434.9106,25,0
11010.0000,1101,2018,2.7000,18,1000,1000,1,4964.0531,0.0000,0.9009,1422.9091,0.0000,0.1826,50.1920,0.0000,0.0911,6437.1543,0.0000,1.1746,6437.1543,25,0
11020.0000,1102,2024,2.7000,24,1000,1000,1,4969.1499,0.0000,0.9014,1421.6179,0.0000,0.1824,50.1465,0.0000,0.0910,6440.9143,0.0000,1.1748,6440.9141,26,0
11030.0000,1103,2018,2.7000,18,1000,1000,1,4973.3656,0.0000,0.9013,1420.3290,0.0000,0.1822,50.1010,0.0000,0.0909,6443.7957,0.0000,1.1744,6443.7959,25,0
11040.0000,1104,2022,2.7000,22,1000,1000,1,4977.7032,0.0000,0.9017,1419.0425,0.0000,0.1821,50.0556,0.0000,0.0909,6446.8013,0.0000,1.1746,6446.8013,26,0
11050.0000,1105,2026,2.7000,26,1000,1000,1,4982.5142,0.0000,0.9020,1417.7583,0.0000,0.1819,50.0103,0.0000,0.0908,6450.2829,0.0000,1.1747,6450.2827,26,0
11060.0000,1106,2027,2.7000,27,1000,1000,1,4987.2763,0.0000,0.9023,1416.4764,0.0000,0.1817,49.9651,0.0000,0.0907,6453.7178,0.0000,1.1747,6453.7178,26,0
11070.0000,1107,2028,2.7000,28,1000,1000,1,4991.9133,0.0000,0.9021,1415.1969,0.0000,0.1816,49.9200,0.0000,0.0906,6457.0301,0.0000,1.1743,6457.0303,26,0
11080.0000,1108,2028,2.7000,28,1000,1000,1,4996.4188,0.0000,0.9019,1413.9196,0.0000,0.1814,49.8749,0.0000,0.0905,6460.2133,0.0000,1.1738,6460.2134,26,0
11090.0000,1109,2026,2.7000,26,1000,1000,1,5000.3837,0.0000,0.9018,1412.6447,0.0000,0.1812,49.8300,0.0000,0.0904,6462.8583,0.0000,1.1735,6462.8584,26,0
11100.0000,1110,2019,2.7000,19,1000,1000,1,5003.8908,0.0000,0.9014,1411.3720,0.0000,0.1811,49.7851,0.0000,0.0904,6465.0479,0.0000,1.1729,6465.0479,25,0
11110.0000,1111,2020,2.7000,20,1000,1000,1,5006.3973,0.0000,0.9011,1410.1017,0.0000,0.1809,49.7403,0.0000,0.0903,6466.2392,0.0000,1.1723,6466.2393,25,0
11120.0000,1112,2018,2.7000,18,1000,1000,1,5014.1858,0.0000,0.9010,1408.8336,0.0000,0.1808,49.6955,0.0000,0.0902,6472.7149,0.0000,1.1719,6472.7148,25,0
11130.0000,1113,2021,2.7000,21,1000,1000,1,5019.2778,0.0000,0.9011,1407.5678,0.0000,0.1806,49.6509,0.0000,0.0901,6476.4964,0.0000,1.1718,6476.4966,26,0
11140.0000,1114,2026,2.7000,26,1000,1000,1,5023.4746,0.0000,0.9014,1406.3043,0.0000,0.1804,49.6063,0.0000,0.0900,6479.3851,0.0000,1.1719,6479.3853,26,0
11150.0000,1115,2021,2.7000,21,1000,1000,1,5026.9899,0.0000,0.9013,1405.0430,0.0000,0.1803,49.5618,0.0000,0.0900,6481.5947,0.0000,1.1716,6481.5947,26,0
11160.0000,1116,2025,2.7000,25,1000,1000,1,5031.9544,0.0000,0.9013,1403.7840,0.0000,0.1801,49.5174,0.0000,0.0899,6485.2558,0.0000,1.1713,6485.2559,26,0
11170.0000,1117,2023,2.7000,23,1000,1000,1,5036.9409,0.0000,0.9012,1402.5272,0.0000,0.1799,49.4731,0.0000,0.0898,6488.9412,0.0000,1.1709,6488.9414,26,0
11180.0000,1118,2022,2.7000,22,1000,1000,1,5040.0162,0.0000,0.9010,1401.2728,0.0000,0.1798,49.4288,0.0000,0.0897,6490.7177,0.0000,1.1705,6490.7178,26,0
11190.0000,1119,2016,2.7000,16,1000,1000,1,5045.5474,0.0000,0.9009,1400.0205,0.0000,0.1796,49.3847,0.0000,0.0896,6494.9526,0.0000,1.1702,6494.9526,25,0
11200.0000,1120,2012,2.7000,12,1000,1000,1,5049.5631,0.0000,0.9010,1398.7705,0.0000,0.1795,49.3406,0.0000,0.0896,6497.6741,0.0000,1.1700,6497.6743,25,0
11210.0000,1121,2003,2.7000,3,1000,1000,1,5054.4631,0.0000,0.9007,1397.5227,0.0000,0.1793,49.2965,0.0000,0.0895,6501.2823,0.0000,1.1695,6501.2822,24,0
11220.0000,1122,2003,2.7000,3,1000,1000,1,5055.7064,0.0000,0.9004,1396.2771,0.0000,0.1791,49.2526,0.0000,0.0894,6501.2361,0.0000,1.1689,6501.2363,24,0
11230.0000,1123,1998,2.7000,0,998,1000,1,5061.1900,0.0000,0.9003,1395.0338,0.0000,0.1790,49.2087,0.0000,0.0893,6505.4326,0.0000,1.1686,6505.4326,24,0
11240.0000,1124,2003,2.7000,3,1000,1000,1,5068.1970,0.0000,0.9002,1442.8933,0.0000,0.1794,49.1650,0.0000,0.0892,6560.2553,0.0000,1.1689,6560.2554,24,0
11250.0000,1125,2001,2.7000,1,1000,1000,1,5072.9858,0.0000,0.9003,1441.6108,0.0000,0.1793,49.1213,0.0000,0.0892,6563.7178,0.0000,1.1687,6563.7178,24,0
11260.0000,1126,1999,2.7000,3,996,1000,1,5077.3881,0.0000,0.9000,1444.0188,0.0000,0.1795,49.0776,0.0000,0.0891,6570.4846,0.0000,1.1686,6570.4849,24,0
11270.0000,1127,2003,2.7000,3,1000,1000,1,5079.8490,0.0000,0.8999,1443.2765,0.0000,0.1797,49.0341,0.0000,0.0890,6572.1595,0.0000,1.1686,6572.1597,24,0
11280.0000,1128,2011,2.7000,11,1000,1000,1,5086.7091,0.0000,0.9004,1441.9970,0.0000,0.1795,48.9906,0.0000,0.0889,6577.6967,0.0000,1.1689,6577.6968,25,0
11290.0000,1129,2002,2.7000,2,1000,1000,1,5089.4639,0.0000,0.9002,1440.7197,0.0000,0.1794,48.9472,0.0000,0.0888,6579.1308,0.0000,1.1684,6579.1309,24,0
11300.0000,1130,2005,2.7000,5,1000,1000,1,5095.5404,0.0000,0.9004,1439.4447,0.0000,0.1792,48.9039,0.0000,0.0888,6583.8890,0.0000,1.1683,6583.8892,24,0
11310.0000,1131,2006,2.7000,6,1000,1000,1,5099.8047,0.0000,0.9007,1438.1720,0.0000,0.1790,48.8607,0.0000,0.0887,6586.8374,0.0000,1.1684,6586.8374,25,0
11320.0000,1132,2002,2.7000,2,1000,1000,1,5104.4670,0.0000,0.9007,1436.9016,0.0000,0.1789,48.8175,0.0000,0.0886,6590.1860,0.0000,1.1682,6590.1860,24,0
11330.0000,1133,2002,2.7000,2,1000,1000,1,5108.6324,0.0000,0.9003,1447.6063,0.0000,0.1793,48.7744,0.0000,0.0885,6605.0131,0.0000,1.1681,6605.0132,24,0
11340.0000,1134,2003,2.7000,4,999,1000,1,5113.6708,0.0000,0.9003,1447.9091,0.0000,0.1798,48.7314,0.0000,0.0884,6610.3113,0.0000,1.1685,6610.3115,24,0
11350.0000,1135,2008,2.7000,8,1000,1000,1,5117.8821,0.0000,0.9006,1447.0498,0.0000,0.1797,48.6885,0.0000,0.0884,6613.6204,0.0000,1.1687,6613.6201,25,0
11360.0000,1136,2005,2.7000,5,1000,1000,1,5121.5314,0.0000,0.9005,1445.7760,0.0000,0.1796,48.6456,0.0000,0.0883,6615.9530,0.0000,1.1684,6615.9531,24,0
11370.0000,1137,2003,2.7000,3,1000,1000,1,5126.3437,0.0000,0.9005,1444.5044,0.0000,0.1794,48.6028,0.0000,0.0882,6619.4509,0.0000,1.1682,6619.4507,24,0
11380.0000,1138,2001,2.7000,1,1000,1000,1,5131.4661,0.0000,0.9003,1443.2351,0.0000,0.1793,48.5601,0.0000,0.0881,6623.2613,0.0000,1.1677,6623.2612,24,0
11390.0000,1139,2003,2.7000,3,1000,1000,1,5135.4261,0.0000,0.9003,1450.5009,0.0000,0.1794,48.5175,0.0000,0.0881,6634.4444,0.0000,1.1677,6634.4443,24,0
11400.0000,1140,2001,2.7000,1,1000,1000,1,5139.0983,0.0000,0.9001,1450.7993,0.0000,0.1795,48.4749,0.0000,0.0880,6638.3725,0.0000,1.1675,6638.3726,24,0
11410.0000,1141,2003,2.7000,3,1000,1000,1,5143.8614,0.0000,0.9002,1450.7321,0.0000,0.1795,48.4325,0.0000,0.0879,6643.0260,0.0000,1.1676,6643.0259,24,0
11420.0000,1142,2009,2.7000,9,1000,1000,1,5149.0838,0.0000,0.9006,1449.4617,0.0000,0.1793,48.3900,0.0000,0.0878,6646.9355,0.0000,1.1678,6646.9355,25,0
11430.0000,1143,2004,2.7000,4,1000,1000,1,5151.2651,0.0000,0.9003,1448.1936,0.0000,0.1792,48.3477,0.0000,0.0878,6647.8064,0.0000,1.1673,6647.8062,24,0
11440.0000,1144,2002,2.7000,2,1000,1000,1,5158.1481,0.0000,0.9003,1446.9277,0.0000,0.1790,48.3054,0.0000,0.0877,6653.3813,0.0000,1.1670,6653.3813,24,0
11450.0000,1145,2001,2.7000,1,1000,1000,1,5161.6838,0.0000,0.9000,1445.6640,0.0000,0.1789,48.2633,0.0000,0.0876,6655.6110,0.0000,1.1665,6655.6108,24,0
11460.0000,1146,2008,2.7000,8,1000,1000,1,5167.0600,0.0000,0.9002,1444.4025,0.0000,0.1787,48.2211,0.0000,0.0875,6659.6836,0.0000,1.1664,6659.6836,25,0
11470.0000,1147,2006,2.7000,6,1000,1000,1,5171.0001,0.0000,0.9002,1443.1432,0.0000,0.1786,48.1791,0.0000,0.0874,6662.3224,0.0000,1.1662,6662.3223,25,0
11480.0000,1148,2003,2.7000,3,1000,1000,1,5175.7886,0.0000,0.9001,1441.8861,0.0000,0.1784,48.1371,0.0000,0.0874,6665.8118,0.0000,1.1659,6665.8120,24,0
11490.0000,1149,2002,2.7000,2,1000,1000,1,5180.7800,0.0000,0.8998,1455.7979,0.0000,0.1784,48.0952,0.0000,0.0873,6684.6732,0.0000,1.1655,6684.6733,24,0
11500.0000,1150,2002,2.7000,2,1000,1000,1,5185.2455,0.0000,0.8997,1456.2175,0.0000,0.1787,48.0534,0.0000,0.0872,6689.5164,0.0000,1.1656,6689.5166,24,0
11510.0000,1151,2004,2.7000,4,1000,1000,1,5189.9518,0.0000,0.8998,1454.9523,0.0000,0.1785,48.0117,0.0000,0.0871,6692.9157,0.0000,1.1655,6692.9155,24,0
11520.0000,1152,2006,2.7000,6,1000,1000,1,5194.1945,0.0000,0.9001,1453.6893,0.0000,0.1784,47.9700,0.0000,0.0871,6695.8538,0.0000,1.1655,6695.8540,25,0
11530.0000,1153,2007,2.7000,7,1000,1000,1,5196.8068,0.0000,0.9000,1452.4285,0.0000,0.1782,47.9284,0.0000,0.0870,6697.1637,0.0000,1.1652,6697.1636,25,0
11540.0000,1154,2005,2.7000,5,1000,1000,1,5203.4480,0.0000,0.8996,1451.1699,0.0000,0.1781,47.8869,0.0000,0.0869,6702.5048,0.0000,1.1646,6702.5049,24,0
11550.0000,1155,2010,2.7000,10,1000,1000,1,5206.8328,0.0000,0.8998,1449.9135,0.0000,0.1779,47.8454,0.0000,0.0868,6704.5916,0.0000,1.1646,6704.5918,25,0
11560.0000,1156,2008,2.7000,8,1000,1000,1,5211.2314,0.0000,0.8997,1448.6593,0.0000,0.1778,47.8040,0.0000,0.0868,6707.6947,0.0000,1.1642,6707.6948,25,0
11570.0000,1157,2005,2.7000,5,1000,1000,1,5215.4308,0.0000,0.8995,1447.4072,0.0000,0.1776,47.7627,0.0000,0.0867,6710.6007,0.0000,1.1638,6710.6006,24,0
11580.0000,1158,2002,2.7000,2,1000,1000,1,5221.4122,0.0000,0.8991,1446.1573,0.0000,0.1775,47.7214,0.0000,0.0866,6715.2909,0.0000,1.1632,6715.2910,24,0
11590.0000,1159,2002,2.7000,2,1000,1000,1,5225.4541,0.0000,0.8994,1460.4619,0.0000,0.1774,47.6803,0.0000,0.0865,6733.5962,0.0000,1.1633,6733.5962,24,0
11600.0000,1160,2000,2.7000,0,1000,1000,1,5228.5608,0.0000,0.8992,1461.1162,0.0000,0.1773,47.6392,0.0000,0.0865,6737.3161,0.0000,1.1630,6737.3159,24,0
11610.0000,1161,2004,2.7000,4,1000,1000,1,5234.1261,0.0000,0.8992,1461.1020,0.0000,0.1773,47.5981,0.0000,0.0864,6742.8263,0.0000,1.1629,6742.8262,24,0
11620.0000,1162,2004,2.7000,4,1000,1000,1,5238.2782,0.0000,0.8992,1459.8446,0.0000,0.1771,47.5572,0.0000,0.0863,6745.6799,0.0000,1.1627,6745.6797,24,0
11630.0000,1163,2009,2.7000,9,1000,1000,1,5243.1587,0.0000,0.8997,1458.5894,0.0000,0.1770,47.5163,0.0000,0.0862,6749.2644,0.0000,1.1629,6749.2642,25,0
11640.0000,1164,2008,2.7000,8,1000,1000,1,5248.3588,0.0000,0.8996,1457.3363,0.0000,0.1768,47.4755,0.0000,0.0862,6753.1705,0.0000,1.1625,6753.1704,25,0
11650.0000,1165,2016,2.7000,16,1000,1000,1,5252.8142,0.0000,0.9003,1456.0853,0.0000,0.1767,47.4347,0.0000,0.0861,6756.3343,0.0000,1.1630,6756.3345,25,0
11660.0000,1166,2017,2.7000,17,1000,1000,1,5254.7873,0.0000,0.9003,1454.8366,0.0000,0.1765,47.3940,0.0000,0.0860,6757.0179,0.0000,1.1629,6757.0181,25,0
11670.0000,1167,2015,2.7000,15,1000,1000,1,5261.1546,0.0000,0.9002,1453.5899,0.0000,0.1763,47.3534,0.0000,0.0859,6762.0979,0.0000,1.1625,6762.0981,25,0
11680.0000,1168,2007,2.7000,7,1000,1000,1,5265.9894,0.0000,0.8999,1452.3454,0.0000,0.1762,47.3129,0.0000,0.0859,6765.6476,0.0000,1.1620,6765.6475,25,0
11690.0000,1169,2008,2.7000,8,1000,1000,1,5270.6687,0.0000,0.8998,1451.1030,0.0000,0.1760,47.2724,0.0000,0.0858,6769.0441,0.0000,1.1617,6769.0439,25,0
11700.0000,1170,2001,2.7000,1,1000,1000,1,5275.3628,0.0000,0.8994,1449.8628,0.0000,0.1759,47.2320,0.0000,0.0857,6772.4575,0.0000,1.1610,6772.4575,24,0
11710.0000,1171,1995,2.7000,0,995,1000,1,5278.6507,0.0000,0.8992,1466.9178,0.0000,0.1758,47.1917,0.0000,0.0857,6792.7602,0.0000,1.1607,6792.7603,24,0
11720.0000,1172,2002,2.7000,5,997,1000,1,5283.0363,0.0000,0.8997,1467.6724,0.0000,0.1761,47.1514,0.0000,0.0856,6797.8600,0.0000,1.1614,6797.8599,24,0
11730.0000,1173,2004,2.7000,4,1000,1000,1,5287.0270,0.0000,0.8997,1466.8005,0.0000,0.1762,47.1112,0.0000,0.0855,6800.9387,0.0000,1.1615,6800.9385,24,0
11740.0000,1174,2002,2.7000,2,1000,1000,1,5292.8414,0.0000,0.8997,1465.5511,0.0000,0.1761,47.0711,0.0000,0.0854,6805.4636,0.0000,1.1612,6805.4634,24,0
11750.0000,1175,2008,2.7000,8,1000,1000,1,5296.7959,0.0000,0.8998,1464.3038,0.0000,0.1759,47.0310,0.0000,0.0854,6808.1307,0.0000,1.1611,6808.1309,25,0
11760.0000,1176,2017,2.7000,17,1000,1000,1,5301.8251,0.0000,0.9003,1463.0586,0.0000,0.1758,46.9910,0.0000,0.0853,6811.8748,0.0000,1.1613,6811.8750,25,0
11770.0000,1177,2026,2.7000,26,1000,1000,1,5306.5195,0.0000,0.9008,1461.8156,0.0000,0.1756,46.9511,0.0000,0.0852,6815.2862,0.0000,1.1616,6815.2861,26,0
11780.0000,1178,2027,2.7000,27,1000,1000,1,5309.9365,0.0000,0.9006,1460.5747,0.0000,0.1755,46.9112,0.0000,0.0851,6817.4224,0.0000,1.1612,6817.4224,26,0
11790.0000,1179,2025,2.7000,25,1000,1000,1,5314.8285,0.0000,0.9005,1459.3358,0.0000,0.1753,46.8714,0.0000,0.0851,6821.0357,0.0000,1.1609,6821.0356,26,0
11800.0000,1180,2026,2.7000,26,1000,1000,1,5320.1270,0.0000,0.9008,1458.0991,0.0000,0.1752,46.8317,0.0000,0.0850,6825.0578,0.0000,1.1610,6825.0576,26,0
11810.0000,1181,2022,2.7000,22,1000,1000,1,5324.4293,0.0000,0.9008,1456.8645,0.0000,0.1750,46.7921,0.0000,0.0849,6828.0859,0.0000,1.1607,6828.0859,26,0
11820.0000,1182,2026,2.7000,26,1000,1000,1,5328.9764,0.0000,0.9012,1455.6320,0.0000,0.1749,46.7525,0.0000,0.0849,6831.3608,0.0000,1.1609,6831.3608,26,0
11830.0000,1183,2024,2.7000,24,1000,1000,1,5333.1833,0.0000,0.9010,1454.4015,0.0000,0.1747,46.7130,0.0000,0.0848,6834.2978,0.0000,1.1605,6834.2979,26,0
11840.0000,1184,2017,2.7000,17,1000,1000,1,5337.7765,0.0000,0.9007,1453.1731,0.0000,0.1746,46.6735,0.0000,0.0847,6837.6232,0.0000,1.1600,6837.6230,25,0
11850.0000,1185,2019,2.7000,19,1000,1000,1,5342.3994,0.0000,0.9008,1451.9468,0.0000,0.1744,46.6341,0.0000,0.0846,6840.9803,0.0000,1.1599,6840.9805,25,0
11860.0000,1186,2016,2.7000,16,1000,1000,1,5347.2804,0.0000,0.9010,1450.7226,0.0000,0.1743,46.5948,0.0000,0.0846,6844.5978,0.0000,1.1599,6844.5977,25,0
11870.0000,1187,2018,2.7000,18,1000,1000,1,5351.5829,0.0000,0.9013,1449.5004,0.0000,0.1741,46.5555,0.0000,0.0845,6847.6389,0.0000,1.1600,6847.6387,25,0
11880.0000,1188,2021,2.7000,21,1000,1000,1,5355.7984,0.0000,0.9013,1448.2803,0.0000,0.1740,46.5164,0.0000,0.0844,6850.5950,0.0000,1.1598,6850.5952,26,0
11890.0000,1189,2014,2.7000,14,1000,1000,1,5360.7758,0.0000,0.9011,1447.0622,0.0000,0.1738,46.4772,0.0000,0.0844,6854.3152,0.0000,1.1593,6854.3154,25,0
11900.0000,1190,2015,2.7000,15,1000,1000,1,5364.7276,0.0000,0.9011,1445.8462,0.0000,0.1737,46.4382,0.0000,0.0843,6857.0120,0.0000,1.1591,6857.0117,25,0
11910.0000,1191,2021,2.7000,21,1000,1000,1,5368.7591,0.0000,0.9015,1444.6322,0.0000,0.1736,46.3992,0.0000,0.0842,6859.7905,0.0000,1.1593,6859.7905,26,0
11920.0000,1192,2024,2.7000,24,1000,1000,1,5373.2271,0.0000,0.9016,1443.4203,0.0000,0.1734,46.3603,0.0000,0.0841,6863.0077,0.0000,1.1591,6863.0078,26,0
11930.0000,1193,2020,2.7000,20,1000,1000,1,5378.5000,0.0000,0.9018,1442.2104,0.0000,0.1733,46.3214,0.0000,0.0841,6867.0318,0.0000,1.1591,6867.0317,25,0
11940.0000,1194,2015,2.7000,15,1000,1000,1,5383.2356,0.0000,0.9016,1441.0025,0.0000,0.1731,46.2826,0.0000,0.0840,6870.5207,0.0000,1.1587,6870.5205,25,0
11950.0000,1195,2009,2.7000,9,1000,1000,1,5386.8226,0.0000,0.9013,1439.7966,0.0000,0.1730,46.2439,0.0000,0.0839,6872.8631,0.0000,1.1582,6872.8633,25,0
11960.0000,1196,2002,2.7000,2,1000,1000,1,5390.0408,0.0000,0.9012,1438.5928,0.0000,0.1728,46.2052,0.0000,0.0839,6874.8388,0.0000,1.1579,6874.8389,24,0
11970.0000,1197,2001,2.7000,1,1000,1000,1,5396.5810,0.0000,0.9008,1480.1269,0.0000,0.1730,46.1666,0.0000,0.0838,6922.8745,0.0000,1.1576,6922.8745,24,0
11980.0000,1198,1997,2.7000,0,997,1000,1,5400.5458,0.0000,0.9004,1480.7173,0.0000,0.1733,46.1281,0.0000,0.0837,6927.3912,0.0000,1.1574,6927.3911,24,0
11990.0000,1199,2003,2.7000,3,1000,1000,1,5405.0550,0.0000,0.9003,1480.1030,0.0000,0.1736,46.0896,0.0000,0.0837,6931.2476,0.0000,1.1576,6931.2476,24,0
12000.0000,1200,2005,2.7000,5,1000,1000,1,5410.0662,0.0000,0.9007,1480.7087,0.0000,0.1737,46.0512,0.0000,0.0836,6936.8261,0.0000,1.1579,6936.8262,24,0
12010.0000,1201,2007,2.7000,7,1000,1000,1,5414.6220,0.0000,0.9007,1479.4758,0.0000,0.1735,46.0128,0.0000,0.0835,6940.1107,0.0000,1.1578,6940.1108,25,0
12020.0000,1202,2002,2.7000,2,1000,1000,1,5419.2101,0.0000,0.9006,1478.2450,0.0000,0.1734,45.9746,0.0000,0.0834,6943.4297,0.0000,1.1574,6943.4297,24,0
12030.0000,1203,1998,2.7000,1,997,1000,1,5422.6486,0.0000,0.9002,1483.0534,0.0000,0.1738,45.9363,0.0000,0.0834,6951.6383,0.0000,1.1574,6951.6382,24,0
12040.0000,1204,2006,2.7000,6,1000,1000,1,5426.3331,0.0000,0.9006,1482.9655,0.0000,0.1741,45.8982,0.0000,0.0833,6955.1968,0.0000,1.1580,6955.1968,25,0
12050.0000,1205,2001,2.7000,1,1000,1000,1,5430.7806,0.0000,0.9001,1481.7348,0.0000,0.1739,45.8601,0.0000,0.0832,6958.3755,0.0000,1.1573,6958.3755,24,0
12060.0000,1206,2001,2.7000,1,1000,1000,1,5435.9514,0.0000,0.9002,1484.7603,0.0000,0.1741,45.8221,0.0000,0.0832,6966.5338,0.0000,1.1575,6966.5337,24,0
12070.0000,1207,2009,2.7000,9,1000,1000,1,5441.7467,0.0000,0.9006,1483.6772,0.0000,0.1741,45.7841,0.0000,0.0831,6971.2080,0.0000,1.1577,6971.2080,25,0
12080.0000,1208,2005,2.7000,5,1000,1000,1,5446.2187,0.0000,0.9003,1482.4490,0.0000,0.1739,45.7462,0.0000,0.0830,6974.4139,0.0000,1.1573,6974.4141,24,0
12090.0000,1209,2004,2.7000,4,1000,1000,1,5450.5232,0.0000,0.9004,1481.2228,0.0000,0.1738,45.7084,0.0000,0.0830,6977.4544,0.0000,1.1572,6977.4546,24,0
12100.0000,1210,1996,2.7000,0,996,1000,1,5453.7302,0.0000,0.9002,1486.6122,0.0000,0.1739,45.6706,0.0000,0.0829,6986.0130,0.0000,1.1569,6986.0132,24,0
12110.0000,1211,1998,2.7000,0,998,1000,1,5458.1677,0.0000,0.9000,1487.1628,0.0000,0.1742,45.6329,0.0000,0.0828,6990.9634,0.0000,1.1571,6990.9634,24,0
12120.0000,1212,1998,2.7000,4,994,1000,1,5464.1569,0.0000,0.9002,1487.5946,0.0000,0.1744,45.5952,0.0000,0.0828,6997.3467,0.0000,1.1573,6997.3467,24,0
12130.0000,1213,2004,2.7000,4,1000,1000,1,5468.1581,0.0000,0.9002,1487.9816,0.0000,0.1752,45.5576,0.0000,0.0827,7001.6973,0.0000,1.1581,7001.6973,24,0
12140.0000,1214,2009,2.7000,9,1000,1000,1,5472.6869,0.0000,0.9004,1486.7559,0.0000,0.1750,45.5201,0.0000,0.0826,7004.9629,0.0000,1.1581,7004.9629,25,0
12150.0000,1215,2014,2.7000,14,1000,1000,1,5476.8276,0.0000,0.9008,1485.5322,0.0000,0.1749,45.4827,0.0000,0.0826,7007.8425,0.0000,1.1583,7007.8423,25,0
12160.0000,1216,2024,2.7000,24,1000,1000,1,5482.0436,0.0000,0.9012,1484.3106,0.0000,0.1748,45.4453,0.0000,0.0825,7011.7994,0.0000,1.1584,7011.7993,26,0
12170.0000,1217,2015,2.7000,15,1000,1000,1,5486.4595,0.0000,0.9007,1483.0909,0.0000,0.1746,45.4079,0.0000,0.0824,7014.9583,0.0000,1.1578,7014.9585,25,0
12180.0000,1218,2016,2.7000,16,1000,1000,1,5489.7787,0.0000,0.9010,1481.8733,0.0000,0.1745,45.3706,0.0000,0.0823,7017.0226,0.0000,1.1578,7017.0225,25,0
12190.0000,1219,2022,2.7000,22,1000,1000,1,5494.7756,0.0000,0.9012,1480.6576,0.0000,0.1743,45.3334,0.0000,0.0823,7020.7666,0.0000,1.1578,7020.7666,26,0
12200.0000,1220,2023,2.7000,23,1000,1000,1,5500.0555,0.0000,0.9012,1479.4440,0.0000,0.1742,45.2963,0.0000,0.0822,7024.7957,0.0000,1.1576,7024.7959,26,0
12210.0000,1221,2022,2.7000,22,1000,1000,1,5503.8980,0.0000,0.9012,1478.2323,0.0000,0.1740,45.2592,0.0000,0.0821,7027.3895,0.0000,1.1574,7027.3896,26,0
12220.0000,1222,2024,2.7000,24,1000,1000,1,5507.7103,0.0000,0.9014,1477.0226,0.0000,0.1739,45.2221,0.0000,0.0821,7029.9550,0.0000,1.1574,7029.9551,26,0
12230.0000,1223,2027,2.7000,27,1000,1000,1,5513.5639,0.0000,0.9016,1475.8149,0.0000,0.1738,45.1851,0.0000,0.0820,7034.5639,0.0000,1.1573,7034.5640,26,0
12240.0000,1224,2025,2.7000,25,1000,1000,1,5515.1161,0.0000,0.9012,1474.6092,0.0000,0.1736,45.1482,0.0000,0.0819,7034.8735,0.0000,1.1568,7034.8735,26,0
12250.0000,1225,2028,2.7000,28,1000,1000,1,5522.7305,0.0000,0.9016,1473.4054,0.0000,0.1735,45.1114,0.0000,0.0819,7041.2473,0.0000,1.1569,7041.2471,26,0
12260.0000,1226,2028,2.7000,28,1000,1000,1,5526.9749,0.0000,0.9014,1472.2036,0.0000,0.1733,45.0746,0.0000,0.0818,7044.2531,0.0000,1.1565,7044.2529,26,0
12270.0000,1227,2024,2.7000,24,1000,1000,1,5530.7997,0.0000,0.9014,1471.0038,0.0000,0.1732,45.0378,0.0000,0.0817,7046.8414,0.0000,1.1563,7046.8413,26,0
12280.0000,1228,2021,2.7000,21,1000,1000,1,5535.9510,0.0000,0.9013,1469.8059,0.0000,0.1730,45.0012,0.0000,0.0817,7050.7581,0.0000,1.1560,7050.7583,26,0
12290.0000,1229,2022,2.7000,22,1000,1000,1,5540.2113,0.0000,0.9011,1468.6100,0.0000,0.1729,44.9645,0.0000,0.0816,7053.7858,0.0000,1.1556,7053.7856,26,0
12300.0000,1230,2023,2.7000,23,1000,1000,1,5543.7209,0.0000,0.9013,1467.4160,0.0000,0.1728,44.9280,0.0000,0.0815,7056.0649,0.0000,1.1556,7056.0649,26,0
12310.0000,1231,2028,2.7000,28,1000,1000,1,5549.2826,0.0000,0.9015,1466.2239,0.0000,0.1726,44.8915,0.0000,0.0815,7060.3980,0.0000,1.1556,7060.3979,26,0
12320.0000,1232,2025,2.7000,25,1000,1000,1,5554.0038,0.0000,0.9014,1465.0338,0.0000,0.1725,44.8551,0.0000,0.0814,7063.8927,0.0000,1.1553,7063.8926,26,0
12330.0000,1233,2026,2.7000,26,1000,1000,1,5556.9173,0.0000,0.9015,1463.8456,0.0000,0.1723,44.8187,0.0000,0.0813,7065.5816,0.0000,1.1552,7065.5815,26,0
12340.0000,1234,2022,2.7000,22,1000,1000,1,5562.4421,0.0000,0.9014,1462.6594,0.0000,0.1722,44.7824,0.0000,0.0813,7069.8839,0.0000,1.1549,7069.8838,26,0
12350.0000,1235,2024,2.7000,24,1000,1000,1,5566.0627,0.0000,0.9012,1461.4750,0.0000,0.1721,44.7461,0.0000,0.0812,7072.2838,0.0000,1.1545,7072.2837,26,0
12360.0000,1236,2032,2.7000,32,1000,1000,1,5572.1380,0.0000,0.9015,1460.2926,0.0000,0.1719,44.7099,0.0000,0.0811,7077.1405,0.0000,1.1546,7077.1406,26,0
12370.0000,1237,2040,2.7000,40,1000,1000,1,5576.7798,0.0000,0.9022,1459.1121,0.0000,0.1718,44.6737,0.0000,0.0811,7080.5656,0.0000,1.1551,7080.5654,26,0
12380.0000,1238,2043,2.7000,43,1000,1000,1,5581.1010,0.0000,0.9020,1457.9335,0.0000,0.1716,44.6377,0.0000,0.0810,7083.6722,0.0000,1.1547,7083.6724,26,0
12390.0000,1239,2046,2.7000,46,1000,1000,1,5584.8722,0.0000,0.9020,1456.7568,0.0000,0.1715,44.6016,0.0000,0.0810,7086.2306,0.0000,1.1545,7086.2305,26,0
12400.0000,1240,2048,2.7000,48,1000,1000,1,5589.5012,0.0000,0.9023,1455.5820,0.0000,0.1714,44.5657,0.0000,0.0809,7089.6489,0.0000,1.1546,7089.6489,26,0
12410.0000,1241,2041,2.7000,41,1000,1000,1,5594.4873,0.0000,0.9022,1454.4091,0.0000,0.1712,44.5298,0.0000,0.0808,7093.4261,0.0000,1.1542,7093.4263,26,0
12420.0000,1242,2042,2.7000,42,1000,1000,1,5599.1213,0.0000,0.9022,1453.2381,0.0000,0.1711,44.4939,0.0000,0.0808,7096.8532,0.0000,1.1540,7096.8530,26,0
12430.0000,1243,2047,2.7000,47,1000,1000,1,5603.4593,0.0000,0.9024,1452.0689,0.0000,0.1710,44.4581,0.0000,0.0807,7099.9864,0.0000,1.1541,7099.9863,26,0
12440.0000,1244,2044,2.7000,44,1000,1000,1,5607.3605,0.0000,0.9022,1450.9017,0.0000,0.1708,44.4224,0.0000,0.0806,7102.6845,0.0000,1.1536,7102.6846,26,0
12450.0000,1245,2041,2.7000,41,1000,1000,1,5612.3304,0.0000,0.9017,1449.7363,0.0000,0.1707,44.3867,0.0000,0.0806,7106.4533,0.0000,1.1529,7106.4531,26,0
12460.0000,1246,2040,2.7000,40,1000,1000,1,5616.2961,0.0000,0.9018,1448.5728,0.0000,0.1705,44.3511,0.0000,0.0805,7109.2199,0.0000,1.1528,7109.2197,26,0
12470.0000,1247,2033,2.7000,33,1000,1000,1,5621.3372,0.0000,0.9015,1447.4111,0.0000,0.1704,44.3155,0.0000,0.0804,7113.0638,0.0000,1.1524,7113.0640,26,0
12480.0000,1248,2027,2.7000,27,1000,1000,1,5625.4491,0.0000,0.9014,1446.2513,0.0000,0.1703,44.2800,0.0000,0.0804,7115.9804,0.0000,1.1521,7115.9805,26,0
12490.0000,1249,2020,2.7000,20,1000,1000,1,5630.6695,0.0000,0.9012,1445.0934,0.0000,0.1701,44.2445,0.0000,0.0803,7120.0074,0.0000,1.1516,7120.0073,25,0
12500.0000,1250,2010,2.7000,10,1000,1000,1,5632.2120,0.0000,0.9010,1443.9373,0.0000,0.1700,44.2091,0.0000,0.0802,7120.3585,0.0000,1.1512,7120.3584,25,0
12510.0000,1251,2007,2.7000,7,1000,1000,1,5639.4846,0.0000,0.9010,1442.7831,0.0000,0.1699,44.1738,0.0000,0.0802,7126.4415,0.0000,1.1510,7126.4414,25,0
12520.0000,1252,2008,2.7000,8,1000,1000,1,5644.4672,0.0000,0.9011,1441.6307,0.0000,0.1697,44.1385,0.0000,0.0801,7130.2365,0.0000,1.1510,7130.2363,25,0
12530.0000,1253,2004,2.7000,4,1000,1000,1,5647.0148,0.0000,0.9009,1440.4802,0.0000,0.1696,44.1033,0.0000,0.0800,7131.5983,0.0000,1.1505,7131.5981,24,0
12540.0000,1254,2005,2.7000,5,1000,1000,1,5652.1661,0.0000,0.9010,1439.3315,0.0000,0.1695,44.0681,0.0000,0.0800,7135.5657,0.0000,1.1505,7135.5659,24,0
12550.0000,1255,2000,2.7000,0,1000,1000,1,5655.9619,0.0000,0.9008,1509.4182,0.0000,0.1697,44.0330,0.0000,0.0799,7209.4131,0.0000,1.1504,7209.4131,24,0
12560.0000,1256,2003,2.7000,3,1000,1000,1,5661.9751,0.0000,0.9007,1509.5471,0.0000,0.1699,43.9980,0.0000,0.0799,7215.5202,0.0000,1.1505,7215.5200,24,0
12570.0000,1257,2003,2.7000,3,1000,1000,1,5665.7568,0.0000,0.9005,1508.3462,0.0000,0.1698,43.9629,0.0000,0.0798,7218.0659,0.0000,1.1500,7218.0659,24,0
12580.0000,1258,2001,2.7000,1,1000,1000,1,5671.3720,0.0000,0.9002,1510.9553,0.0000,0.1700,43.9280,0.0000,0.0797,7226.2553,0.0000,1.1499,7226.2554,24,0
12590.0000,1259,1999,2.7000,0,999,1000,1,5672.0427,0.0000,0.8998,1511.5042,0.0000,0.1701,43.8931,0.0000,0.0797,7227.4399,0.0000,1.1495,7227.4399,24,0
12600.0000,1260,2000,2.7000,0,1000,1000,1,5679.7207,0.0000,0.8996,1512.0273,0.0000,0.1703,43.8583,0.0000,0.0796,7235.6063,0.0000,1.1495,7235.6064,24,0
12610.0000,1261,2009,2.7000,9,1000,1000,1,5683.3548,0.0000,0.9000,1510.8282,0.0000,0.1702,43.8235,0.0000,0.0795,7238.0065,0.0000,1.1497,7238.0063,25,0
12620.0000,1262,2011,2.7000,11,1000,1000,1,5687.5243,0.0000,0.9002,1509.6310,0.0000,0.1700,43.7888,0.0000,0.0795,7240.9441,0.0000,1.1498,7240.9443,25,0
12630.0000,1263,2013,2.7000,13,1000,1000,1,5692.4692,0.0000,0.9002,1508.4358,0.0000,0.1699,43.7541,0.0000,0.0794,7244.6591,0.0000,1.1495,7244.6592,25,0
12640.0000,1264,2015,2.7000,15,1000,1000,1,5698.2110,0.0000,0.9004,1507.2424,0.0000,0.1698,43.7195,0.0000,0.0794,7249.1729,0.0000,1.1495,7249.1729,25,0
12650.0000,1265,2015,2.7000,15,1000,1000,1,5701.8152,0.0000,0.9002,1506.0509,0.0000,0.1696,43.6849,0.0000,0.0793,7251.5510,0.0000,1.1492,7251.5508,25,0
12660.0000,1266,2014,2.7000,14,1000,1000,1,5705.7259,0.0000,0.9000,1504.8613,0.0000,0.1695,43.6504,0.0000,0.0792,7254.2376,0.0000,1.1487,7254.2378,25,0
12670.0000,1267,2013,2.7000,13,1000,1000,1,5711.6549,0.0000,0.8999,1503.6735,0.0000,0.1694,43.6160,0.0000,0.0792,7258.9444,0.0000,1.1485,7258.9443,25,0
12680.0000,1268,2016,2.7000,16,1000,1000,1,5714.8612,0.0000,0.9002,1502.4877,0.0000,0.1692,43.5816,0.0000,0.0791,7260.9305,0.0000,1.1485,7260.9307,25,0
12690.0000,1269,2017,2.7000,17,1000,1000,1,5719.9298,0.0000,0.9001,1501.3037,0.0000,0.1691,43.5472,0.0000,0.0790,7264.7807,0.0000,1.1482,7264.7808,25,0
12700.0000,1270,2024,2.7000,24,1000,1000,1,5725.3795,0.0000,0.9001,1500.1216,0.0000,0.1690,43.5129,0.0000,0.0790,7269.0140,0.0000,1.1480,7269.0142,26,0
12710.0000,1271,2017,2.7000,17,1000,1000,1,5727.5978,0.0000,0.9000,1498.9413,0.0000,0.1688,43.4787,0.0000,0.0789,7270.0178,0.0000,1.1478,7270.0176,25,0
12720.0000,1272,2021,2.7000,21,1000,1000,1,5731.2619,0.0000,0.9001,1497.7629,0.0000,0.1687,43.4445,0.0000,0.0789,7272.4693,0.0000,1.1476,7272.4692,26,0
12730.0000,1273,2016,2.7000,16,1000,1000,1,5737.2982,0.0000,0.8996,1496.5863,0.0000,0.1686,43.4104,0.0000,0.0788,7277.2949,0.0000,1.1470,7277.2949,25,0
12740.0000,1274,2015,2.7000,15,1000,1000,1,5741.9854,0.0000,0.8993,1495.4116,0.0000,0.1684,43.3763,0.0000,0.0787,7280.7733,0.0000,1.1465,7280.7734,25,0
12750.0000,1275,2012,2.7000,12,1000,1000,1,5747.1275,0.0000,0.8989,1494.2387,0.0000,0.1683,43.3423,0.0000,0.0787,7284.7085,0.0000,1.1459,7284.7085,25,0
12760.0000,1276,2008,2.7000,8,1000,1000,1,5749.5014,0.0000,0.8990,1493.0677,0.0000,0.1682,43.3083,0.0000,0.0786,7285.8774,0.0000,1.1458,7285.8774,25,0
12770.0000,1277,2006,2.7000,6,1000,1000,1,5754.8220,0.0000,0.8987,1491.8985,0.0000,0.1681,43.2744,0.0000,0.0785,7289.9949,0.0000,1.1453,7289.9946,25,0
12780.0000,1278,2008,2.7000,8,1000,1000,1,5760.6410,0.0000,0.8989,1490.7311,0.0000,0.1679,43.2406,0.0000,0.0785,7294.6127,0.0000,1.1453,7294.6128,25,0
12790.0000,1279,2009,2.7000,9,1000,1000,1,5765.5453,0.0000,0.8993,1489.5656,0.0000,0.1678,43.2067,0.0000,0.0784,7298.3176,0.0000,1.1455,7298.3179,25,0
12800.0000,1280,2002,2.7000,2,1000,1000,1,5768.2092,0.0000,0.8993,1488.4019,0.0000,0.1677,43.1730,0.0000,0.0784,7299.7840,0.0000,1.1453,7299.7842,24,0
12810.0000,1281,2001,2.7000,1,1000,1000,1,5774.6448,0.0000,0.8991,1522.0062,0.0000,0.1678,43.1393,0.0000,0.0783,7339.7903,0.0000,1.1453,7339.7900,24,0
12820.0000,1282,2005,2.7000,5,1000,1000,1,5777.8097,0.0000,0.8993,1520.8190,0.0000,0.1677,43.1056,0.0000,0.0782,7341.7343,0.0000,1.1452,7341.7344,24,0
12830.0000,1283,2011,2.7000,11,1000,1000,1,5783.1211,0.0000,0.8998,1519.6336,0.0000,0.1676,43.0720,0.0000,0.0782,7345.8267,0.0000,1.1455,7345.8267,25,0
12840.0000,1284,2007,2.7000,7,1000,1000,1,5788.1385,0.0000,0.8993,1518.4501,0.0000,0.1674,43.0385,0.0000,0.0781,7349.6271,0.0000,1.1449,7349.6270,25,0
12850.0000,1285,2004,2.7000,4,1000,1000,1,5792.0605,0.0000,0.8991,1517.2684,0.0000,0.1673,43.0050,0.0000,0.0781,7352.3339,0.0000,1.1444,7352.3340,24,0
12860.0000,1286,2001,2.7000,2,999,1000,1,5796.7252,0.0000,0.8989,1524.7163,0.0000,0.1674,42.9716,0.0000,0.0780,7364.4131,0.0000,1.1443,7364.4131,24,0
12870.0000,1287,2002,2.7000,2,1000,1000,1,5800.8616,0.0000,0.8991,1524.7891,0.0000,0.1674,42.9382,0.0000,0.0779,7368.5889,0.0000,1.1444,7368.5889,24,0
12880.0000,1288,2000,2.7000,1,999,1000,1,5806.0794,0.0000,0.8990,1525.8629,0.0000,0.1675,42.9048,0.0000,0.0779,7374.8472,0.0000,1.1444,7374.8472,24,0
12890.0000,1289,1996,2.7000,0,996,1000,1,5807.3265,0.0000,0.8985,1526.3373,0.0000,0.1679,42.8715,0.0000,0.0778,7376.5354,0.0000,1.1442,7376.5352,24,0
12900.0000,1290,2008,2.7000,8,1000,1000,1,5814.8764,0.0000,0.8988,1525.6485,0.0000,0.1681,42.8383,0.0000,0.0778,7383.3633,0.0000,1.1447,7383.3633,25,0
12910.0000,1291,2006,2.7000,6,1000,1000,1,5817.7974,0.0000,0.8988,1524.4668,0.0000,0.1679,42.8051,0.0000,0.0777,7385.0693,0.0000,1.1445,7385.0693,25,0
12920.0000,1292,2000,2.7000,1,999,1000,1,5823.6719,0.0000,0.8988,1527.1863,0.0000,0.1679,42.7720,0.0000,0.0776,7393.6303,0.0000,1.1443,7393.6304,24,0
12930.0000,1293,2004,2.7000,4,1000,1000,1,5828.1868,0.0000,0.8988,1527.6398,0.0000,0.1680,42.7389,0.0000,0.0776,7398.5655,0.0000,1.1443,7398.5654,24,0
12940.0000,1294,2001,2.7000,1,1000,1000,1,5831.2734,0.0000,0.8984,1526.4592,0.0000,0.1679,42.7059,0.0000,0.0775,7400.4385,0.0000,1.1437,7400.4385,24,0
12950.0000,1295,1997,2.7000,0,997,1000,1,5834.3585,0.0000,0.8981,1528.5347,0.0000,0.1680,42.6729,0.0000,0.0775,7405.5661,0.0000,1.1436,7405.5659,24,0
12960.0000,1296,2003,2.7000,3,1000,1000,1,5841.4037,0.0000,0.8984,1529.6316,0.0000,0.1684,42.6400,0.0000,0.0774,7413.6754,0.0000,1.1442,7413.6753,24,0
12970.0000,1297,2007,2.7000,7,1000,1000,1,5845.2374,0.0000,0.8985,1528.4523,0.0000,0.1683,42.6071,0.0000,0.0773,7416.2967,0.0000,1.1442,7416.2969,25,0
12980.0000,1298,2013,2.7000,13,1000,1000,1,5850.5800,0.0000,0.8988,1527.2747,0.0000,0.1682,42.5743,0.0000,0.0773,7420.4290,0.0000,1.1443,7420.4292,25,0
12990.0000,1299,2012,2.7000,12,1000,1000,1,5855.3424,0.0000,0.8986,1526.0990,0.0000,0.1681,42.5415,0.0000,0.0772,7423.9830,0.0000,1.1439,7423.9829,25,0
13000.0000,1300,2008,2.7000,8,1000,1000,1,5859.5383,0.0000,0.8986,1524.9251,0.0000,0.1679,42.5088,0.0000,0.0772,7426.9721,0.0000,1.1437,7426.9722,25,0
13010.0000,1301,2008,2.7000,8,1000,1000,1,5864.0190,0.0000,0.8988,1523.7530,0.0000,0.1678,42.4761,0.0000,0.0771,7430.2481,0.0000,1.1437,7430.2480,25,0
13020.0000,1302,2003,2.7000,3,1000,1000,1,5866.4462,0.0000,0.8987,1522.5826,0.0000,0.1677,42.4435,0.0000,0.0770,7431.4724,0.0000,1.1434,7431.4722,24,0
13030.0000,1303,2001,2.7000,1,1000,1000,1,5872.6804,0.0000,0.8985,1533.1660,0.0000,0.1676,42.4109,0.0000,0.0770,7448.2573,0.0000,1.1431,7448.2573,24,0
13040.0000,1304,2005,2.7000,6,999,1000,1,5877.3294,0.0000,0.8987,1533.4408,0.0000,0.1676,42.3784,0.0000,0.0769,7453.1485,0.0000,1.1433,7453.1484,25,0
13050.0000,1305,2003,2.7000,3,1000,1000,1,5880.8772,0.0000,0.8987,1532.9027,0.0000,0.1676,42.3459,0.0000,0.0769,7456.1258,0.0000,1.1431,7456.1260,24,0
13060.0000,1306,2003,2.7000,3,1000,1000,1,5885.7535,0.0000,0.8985,1531.7290,0.0000,0.1675,42.3135,0.0000,0.0768,7459.7960,0.0000,1.1428,7459.7959,24,0
13070.0000,1307,2005,2.7000,5,1000,1000,1,5891.1872,0.0000,0.8986,1530.5570,0.0000,0.1673,42.2811,0.0000,0.0767,7464.0254,0.0000,1.1427,7464.0254,24,0
13080.0000,1308,2003,2.7000,3,1000,1000,1,5895.4703,0.0000,0.8986,1529.3869,0.0000,0.1672,42.2488,0.0000,0.0767,7467.1060,0.0000,1.1425,7467.1060,24,0
13090.0000,1309,2000,2.7000,0,1000,1000,1,5900.0290,0.0000,0.8988,1536.1153,0.0000,0.1672,42.2165,0.0000,0.0766,7478.3609,0.0000,1.1426,7478.3608,24,0
13100.0000,1310,2000,2.7000,1,999,1000,1,5904.1058,0.0000,0.8989,1536.6600,0.0000,0.1672,42.1843,0.0000,0.0766,7482.9501,0.0000,1.1427,7482.9502,24,0
13110.0000,1311,2002,2.7000,2,1000,1000,1,5909.0032,0.0000,0.8990,1537.3501,0.0000,0.1674,42.1521,0.0000,0.0765,7488.5054,0.0000,1.1429,7488.5054,24,0
13120.0000,1312,2003,2.7000,3,1000,1000,1,5912.6544,0.0000,0.8988,1537.8382,0.0000,0.1678,42.1200,0.0000,0.0764,7492.6126,0.0000,1.1431,7492.6128,24,0
13130.0000,1313,2008,2.7000,8,1000,1000,1,5917.0072,0.0000,0.8989,1536.6669,0.0000,0.1677,42.0879,0.0000,0.0764,7495.7620,0.0000,1.1430,7495.7622,25,0
13140.0000,1314,2006,2.7000,6,1000,1000,1,5922.4218,0.0000,0.8990,1535.4975,0.0000,0.1676,42.0559,0.0000,0.0763,7499.9752,0.0000,1.1429,7499.9751,25,0
13150.0000,1315,2002,2.7000,2,1000,1000,1,5927.0063,0.0000,0.8989,1534.3298,0.0000,0.1675,42.0239,0.0000,0.0763,7503.3600,0.0000,1.1427,7503.3599,24,0
13160.0000,1316,2005,2.7000,5,1000,1000,1,5931.3280,0.0000,0.8991,1538.6090,0.0000,0.1674,41.9920,0.0000,0.0762,7511.9289,0.0000,1.1427,7511.9287,24,0
13170.0000,1317,2002,2.7000,3,999,1000,1,5935.2207,0.0000,0.8992,1537.4407,0.0000,0.1673,41.9601,0.0000,0.0762,7514.6215,0.0000,1.1426,7514.6216,24,0
13180.0000,1318,2004,2.7000,4,1000,1000,1,5940.2480,0.0000,0.8991,1539.4853,0.0000,0.1672,41.9282,0.0000,0.0761,7521.6616,0.0000,1.1424,7521.6616,24,0
13190.0000,1319,2000,2.7000,0,1000,1000,1,5944.1063,0.0000,0.8991,1541.1183,0.0000,0.1672,41.8965,0.0000,0.0760,7527.1211,0.0000,1.1424,7527.1211,24,0
13200.0000,1320,1999,2.7000,0,999,1000,1,5946.5465,0.0000,0.8989,1541.2210,0.0000,0.1673,41.8647,0.0000,0.0760,7529.6323,0.0000,1.1422,7529.6323,24,0
13210.0000,1321,2001,2.7000,1,1000,1000,1,5953.6289,0.0000,0.8992,1540.8308,0.0000,0.1673,41.8330,0.0000,0.0759,7536.2927,0.0000,1.1424,7536.2925,24,0
13220.0000,1322,2005,2.7000,5,1000,1000,1,5958.1488,0.0000,0.8995,1541.4016,0.0000,0.1672,41.8014,0.0000,0.0759,7541.3517,0.0000,1.1427,7541.3516,24,0
13230.0000,1323,2011,2.7000,11,1000,1000,1,5962.8703,0.0000,0.8998,1540.2365,0.0000,0.1671,41.7698,0.0000,0.0758,7544.8766,0.0000,1.1427,7544.8765,25,0
13240.0000,1324,2007,2.7000,7,1000,1000,1,5964.1412,0.0000,0.8996,1539.0732,0.0000,0.1670,41.7382,0.0000,0.0758,7544.9527,0.0000,1.1424,7544.9526,25,0
13250.0000,1325,2009,2.7000,9,1000,1000,1,5971.3826,0.0000,0.8997,1537.9116,0.0000,0.1669,41.7067,0.0000,0.0757,7551.0009,0.0000,1.1423,7551.0010,25,0
13260.0000,1326,2011,2.7000,11,1000,1000,1,5976.3883,0.0000,0.8998,1536.7518,0.0000,0.1667,41.6753,0.0000,0.0756,7554.8154,0.0000,1.1422,7554.8154,25,0
13270.0000,1327,2007,2.7000,7,1000,1000,1,5980.4530,0.0000,0.9001,1535.5937,0.0000,0.1666,41.6439,0.0000,0.0756,7557.6906,0.0000,1.1423,7557.6904,25,0
13280.0000,1328,2006,2.7000,6,1000,1000,1,5984.7615,0.0000,0.9002,1534.4374,0.0000,0.1665,41.6125,0.0000,0.0755,7560.8114,0.0000,1.1422,7560.8115,25,0
13290.0000,1329,2009,2.7000,9,1000,1000,1,5987.8420,0.0000,0.9002,1533.2828,0.0000,0.1664,41.5812,0.0000,0.0755,7562.7061,0.0000,1.1421,7562.7061,25,0
13300.0000,1330,2008,2.7000,8,1000,1000,1,5994.3068,0.0000,0.9003,1532.1300,0.0000,0.1662,41.5499,0.0000,0.0754,7567.9867,0.0000,1.1420,7567.9868,25,0
13310.0000,1331,2006,2.7000,6,1000,1000,1,5998.3657,0.0000,0.9002,1530.9789,0.0000,0.1661,41.5187,0.0000,0.0754,7570.8633,0.0000,1.1417,7570.8633,25,0
13320.0000,1332,2007,2.7000,7,1000,1000,1,6002.8088,0.0000,0.9005,1529.8295,0.0000,0.1660,41.4876,0.0000,0.0753,7574.1259,0.0000,1.1418,7574.1260,25,0
13330.0000,1333,2016,2.7000,16,1000,1000,1,6007.5550,0.0000,0.9009,1528.6818,0.0000,0.1659,41.4564,0.0000,0.0752,7577.6933,0.0000,1.1420,7577.6934,25,0
13340.0000,1334,2014,2.7000,14,1000,1000,1,6010.9163,0.0000,0.9010,1527.5359,0.0000,0.1657,41.4254,0.0000,0.0752,7579.8776,0.0000,1.1419,7579.8774,25,0
13350.0000,1335,2017,2.7000,17,1000,1000,1,6016.3702,0.0000,0.9010,1526.3917,0.0000,0.1656,41.3943,0.0000,0.0751,7584.1562,0.0000,1.1418,7584.1562,25,0
13360.0000,1336,2012,2.7000,12,1000,1000,1,6019.7578,0.0000,0.9008,1525.2492,0.0000,0.1655,41.3633,0.0000,0.0751,7586.3703,0.0000,1.1414,7586.3701,25,0
13370.0000,1337,2022,2.7000,22,1000,1000,1,6025.8576,0.0000,0.9016,1524.1084,0.0000,0.1654,41.3324,0.0000,0.0750,7591.2983,0.0000,1.1420,7591.2983,26,0
13380.0000,1338,2020,2.7000,20,1000,1000,1,6029.4735,0.0000,0.9015,1522.9693,0.0000,0.1652,41.3015,0.0000,0.0750,7593.7443,0.0000,1.1417,7593.7441,25,0
13390.0000,1339,2021,2.7000,21,1000,1000,1,6033.5314,0.0000,0.9018,1521.8319,0.0000,0.1651,41.2707,0.0000,0.0749,7596.6339,0.0000,1.1418,7596.6338,26,0
13400.0000,1340,2019,2.7000,19,1000,1000,1,6038.3475,0.0000,0.9017,1520.6962,0.0000,0.1650,41.2399,0.0000,0.0749,7600.2835,0.0000,1.1416,7600.2837,25,0
13410.0000,1341,2024,2.7000,24,1000,1000,1,6043.5350,0.0000,0.9019,1519.5622,0.0000,0.1649,41.2091,0.0000,0.0748,7604.3063,0.0000,1.1415,7604.3062,26,0
13420.0000,1342,2027,2.7000,27,1000,1000,1,6047.8536,0.0000,0.9021,1518.4299,0.0000,0.1648,41.1784,0.0000,0.0747,7607.4619,0.0000,1.1416,7607.4619,26,0
13430.0000,1343,2030,2.7000,30,1000,1000,1,6051.5622,0.0000,0.9023,1517.2992,0.0000,0.1646,41.1477,0.0000,0.0747,7610.0092,0.0000,1.1416,7610.0093,26,0
13440.0000,1344,2029,2.7000,29,1000,1000,1,6057.4165,0.0000,0.9021,1516.1703,0.0000,0.1645,41.1171,0.0000,0.0746,7614.7040,0.0000,1.1412,7614.7041,26,0
13450.0000,1345,2024,2.7000,24,1000,1000,1,6060.5851,0.0000,0.9017,1515.0430,0.0000,0.1644,41.0866,0.0000,0.0746,7616.7147,0.0000,1.1407,7616.7148,26,0
13460.0000,1346,2023,2.7000,23,1000,1000,1,6066.4238,0.0000,0.9016,1513.9174,0.0000,0.1643,41.0560,0.0000,0.0745,7621.3973,0.0000,1.1404,7621.3975,26,0
13470.0000,1347,2022,2.7000,22,1000,1000,1,6069.9173,0.0000,0.9019,1512.7935,0.0000,0.1641,41.0256,0.0000,0.0745,7623.7364,0.0000,1.1405,7623.7363,26,0
13480.0000,1348,2021,2.7000,21,1000,1000,1,6075.3683,0.0000,0.9020,1511.6713,0.0000,0.1640,40.9951,0.0000,0.0744,7628.0347,0.0000,1.1404,7628.0347,26,0
13490.0000,1349,2021,2.7000,21,1000,1000,1,6079.4484,0.0000,0.9019,1510.5507,0.0000,0.1639,40.9647,0.0000,0.0744,7630.9638,0.0000,1.1402,7630.9639,26,0
13500.0000,1350,2021,2.7000,21,1000,1000,1,6083.6209,0.0000,0.9019,1509.4318,0.0000,0.1638,40.9344,0.0000,0.0743,7633.9870,0.0000,1.1400,7633.9868,26,0
13510.0000,1351,2015,2.7000,15,1000,1000,1,6089.0217,0.0000,0.9015,1508.3145,0.0000,0.1637,40.9041,0.0000,0.0742,7638.2402,0.0000,1.1394,7638.2402,25,0
13520.0000,1352,2011,2.7000,11,1000,1000,1,6092.1648,0.0000,0.9016,1507.1989,0.0000,0.1635,40.8738,0.0000,0.0742,7640.2375,0.0000,1.1393,7640.2373,25,0
13530.0000,1353,2007,2.7000,7,1000,1000,1,6093.2786,0.0000,0.9015,1506.0849,0.0000,0.1634,40.8436,0.0000,0.0741,7640.2071,0.0000,1.1390,7640.2070,25,0
13540.0000,1354,2010,2.7000,10,1000,1000,1,6102.3160,0.0000,0.9016,1504.9726,0.0000,0.1633,40.8135,0.0000,0.0741,7648.1021,0.0000,1.1389,7648.1021,25,0
13550.0000,1355,2004,2.7000,4,1000,1000,1,6106.5299,0.0000,0.9015,1503.8619,0.0000,0.1632,40.7833,0.0000,0.0740,7651.1752,0.0000,1.1387,7651.1753,24,0
13560.0000,1356,2005,2.7000,5,1000,1000,1,6109.6919,0.0000,0.9013,1502.7529,0.0000,0.1631,40.7533,0.0000,0.0740,7653.1980,0.0000,1.1383,7653.1982,24,0
13570.0000,1357,2001,2.7000,1,1000,1000,1,6114.4211,0.0000,0.9013,1501.6455,0.0000,0.1629,40.7232,0.0000,0.0739,7656.7898,0.0000,1.1381,7656.7896,24,0
13580.0000,1358,2003,2.7000,3,1000,1000,1,6120.1027,0.0000,0.9011,1559.6570,0.0000,0.1631,40.6932,0.0000,0.0739,7720.4529,0.0000,1.1381,7720.4531,24,0
13590.0000,1359,2001,2.7000,1,1000,1000,1,6123.3982,0.0000,0.9010,1560.2139,0.0000,0.1631,40.6633,0.0000,0.0738,7724.2754,0.0000,1.1379,7724.2754,24,0
13600.0000,1360,2009,2.7000,9,1000,1000,1,6128.5694,0.0000,0.9017,1559.0667,0.0000,0.1629,40.6334,0.0000,0.0737,7728.2695,0.0000,1.1384,7728.2695,25,0
13610.0000,1361,2004,2.7000,4,1000,1000,1,6131.6625,0.0000,0.9015,1557.9211,0.0000,0.1628,40.6035,0.0000,0.0737,7730.1872,0.0000,1.1380,7730.1870,24,0
13620.0000,1362,2000,2.7000,0,1000,1000,1,6137.6632,0.0000,0.9012,1562.5790,0.0000,0.1628,40.5737,0.0000,0.0736,7740.8159,0.0000,1.1377,7740.8159,24,0
13630.0000,1363,1999,2.7000,1,998,1000,1,6142.2756,0.0000,0.9010,1562.9420,0.0000,0.1632,40.5440,0.0000,0.0736,7745.7615,0.0000,1.1378,7745.7617,24,0
13640.0000,1364,2003,2.7000,3,1000,1000,1,6146.9657,0.0000,0.9009,1562.8436,0.0000,0.1634,40.5142,0.0000,0.0735,7750.3236,0.0000,1.1378,7750.3237,24,0
13650.0000,1365,2003,2.7000,3,1000,1000,1,6150.2149,0.0000,0.9009,1561.6987,0.0000,0.1633,40.4846,0.0000,0.0735,7752.3981,0.0000,1.1377,7752.3979,24,0
13660.0000,1366,2001,2.7000,1,1000,1000,1,6155.1704,0.0000,0.9007,1560.5554,0.0000,0.1632,40.4549,0.0000,0.0734,7756.1808,0.0000,1.1373,7756.1807,24,0
13670.0000,1367,2005,2.7000,5,1000,1000,1,6157.6829,0.0000,0.9008,1559.4138,0.0000,0.1631,40.4253,0.0000,0.0734,7757.5221,0.0000,1.1372,7757.5220,24,0
13680.0000,1368,2004,2.7000,4,1000,1000,1,6165.5654,0.0000,0.9007,1558.2739,0.0000,0.1629,40.3958,0.0000,0.0733,7764.2351,0.0000,1.1369,7764.2349,24,0
13690.0000,1369,2000,2.7000,0,1000,1000,1,6168.4395,0.0000,0.9007,1557.1356,0.0000,0.1628,40.3663,0.0000,0.0733,7765.9414,0.0000,1.1367,7765.9414,24,0
13700.0000,1370,2001,2.7000,1,1000,1000,1,6173.5392,0.0000,0.9007,1566.1087,0.0000,0.1628,40.3368,0.0000,0.0732,7779.9847,0.0000,1.1368,7779.9849,24,0
13710.0000,1371,2006,2.7000,6,1000,1000,1,6179.1261,0.0000,0.9008,1566.0896,0.0000,0.1629,40.3074,0.0000,0.0732,7785.5231,0.0000,1.1368,7785.5229,25,0
13720.0000,1372,2004,2.7000,4,1000,1000,1,6183.3956,0.0000,0.9009,1564.9482,0.0000,0.1628,40.2780,0.0000,0.0731,7788.6218,0.0000,1.1367,7788.6216,24,0
13730.0000,1373,2002,2.7000,2,1000,1000,1,6185.2838,0.0000,0.9007,1563.8084,0.0000,0.1626,40.2487,0.0000,0.0731,7789.3408,0.0000,1.1363,7789.3408,24,0
13740.0000,1374,2000,2.7000,0,1000,1000,1,6189.8469,0.0000,0.9005,1567.6796,0.0000,0.1626,40.2194,0.0000,0.0730,7797.7459,0.0000,1.1361,7797.7461,24,0
13750.0000,1375,2005,2.7000,5,1000,1000,1,6197.0784,0.0000,0.9007,1567.9019,0.0000,0.1626,40.1901,0.0000,0.0729,7805.1704,0.0000,1.1362,7805.1704,24,0
13760.0000,1376,2009,2.7000,9,1000,1000,1,6201.6213,0.0000,0.9009,1566.7624,0.0000,0.1625,40.1609,0.0000,0.0729,7808.5447,0.0000,1.1363,7808.5449,25,0
13770.0000,1377,2011,2.7000,11,1000,1000,1,6204.7425,0.0000,0.9009,1565.6246,0.0000,0.1624,40.1318,0.0000,0.0728,7810.4989,0.0000,1.1361,7810.4990,25,0
13780.0000,1378,2010,2.7000,10,1000,1000,1,6210.4091,0.0000,0.9009,1564.4885,0.0000,0.1623,40.1026,0.0000,0.0728,7815.0002,0.0000,1.1360,7815.0000,25,0
13790.0000,1379,2019,2.7000,19,1000,1000,1,6214.9978,0.0000,0.9012,1563.3540,0.0000,0.1621,40.0736,0.0000,0.0727,7818.4253,0.0000,1.1361,7818.4253,25,0
13800.0000,1380,2020,2.7000,20,1000,1000,1,6219.3784,0.0000,0.9014,1562.2211,0.0000,0.1620,40.0445,0.0000,0.0727,7821.6440,0.0000,1.1362,7821.6440,25,0
13810.0000,1381,2031,2.7000,31,1000,1000,1,6223.5055,0.0000,0.9017,1561.0899,0.0000,0.1619,40.0155,0.0000,0.0726,7824.6109,0.0000,1.1363,7824.6108,26,0
13820.0000,1382,2030,2.7000,30,1000,1000,1,6227.4838,0.0000,0.9017,1559.9603,0.0000,0.1618,39.9866,0.0000,0.0726,7827.4307,0.0000,1.1361,7827.4307,26,0
13830.0000,1383,2029,2.7000,29,1000,1000,1,6232.3611,0.0000,0.9019,1558.8323,0.0000,0.1617,39.9576,0.0000,0.0725,7831.1511,0.0000,1.1361,7831.1509,26,0
13840.0000,1384,2024,2.7000,24,1000,1000,1,6237.2994,0.0000,0.9014,1557.7060,0.0000,0.1616,39.9288,0.0000,0.0725,7834.9342,0.0000,1.1355,7834.9341,26,0
13850.0000,1385,2021,2.7000,21,1000,1000,1,6241.8438,0.0000,0.9012,1556.5813,0.0000,0.1614,39.8999,0.0000,0.0724,7838.3251,0.0000,1.1351,7838.3252,26,0
13860.0000,1386,2020,2.7000,20,1000,1000,1,6246.2543,0.0000,0.9009,1555.4582,0.0000,0.1613,39.8712,0.0000,0.0724,7841.5837,0.0000,1.1346,7841.5835,25,0
13870.0000,1387,2023,2.7000,23,1000,1000,1,6249.5599,0.0000,0.9008,1554.3368,0.0000,0.1612,39.8424,0.0000,0.0723,7843.7391,0.0000,1.1343,7843.7393,26,0
13880.0000,1388,2019,2.7000,19,1000,1000,1,6255.5235,0.0000,0.9007,1553.2169,0.0000,0.1611,39.8137,0.0000,0.0723,7848.5542,0.0000,1.1341,7848.5542,25,0
13890.0000,1389,2019,2.7000,19,1000,1000,1,6259.8976,0.0000,0.9006,1552.0987,0.0000,0.1610,39.7850,0.0000,0.0722,7851.7814,0.0000,1.1338,7851.7812,25,0
13900.0000,1390,2017,2.7000,17,1000,1000,1,6263.1630,0.0000,0.9006,1550.9821,0.0000,0.1609,39.7564,0.0000,0.0722,7853.9015,0.0000,1.1337,7853.9014,25,0
13910.0000,1391,2013,2.7000,13,1000,1000,1,6268.8319,0.0000,0.9004,1549.8671,0.0000,0.1607,39.7278,0.0000,0.0721,7858.4268,0.0000,1.1333,7858.4268,25,0
13920.0000,1392,2017,2.7000,17,1000,1000,1,6272.9451,0.0000,0.9006,1548.7537,0.0000,0.1606,39.6993,0.0000,0.0721,7861.3981,0.0000,1.1333,7861.3979,25,0
13930.0000,1393,2021,2.7000,21,1000,1000,1,6277.4511,0.0000,0.9009,1547.6419,0.0000,0.1605,39.6708,0.0000,0.0720,7864.7637,0.0000,1.1334,7864.7637,26,0
13940.0000,1394,2019,2.7000,19,1000,1000,1,6282.2400,0.0000,0.9008,1546.5316,0.0000,0.1604,39.6423,0.0000,0.0720,7868.4140,0.0000,1.1331,7868.4141,25,0
13950.0000,1395,2017,2.7000,17,1000,1000,1,6286.6387,0.0000,0.9008,1545.4230,0.0000,0.1603,39.6139,0.0000,0.0719,7871.6756,0.0000,1.1330,7871.6758,25,0
13960.0000,1396,2021,2.7000,21,1000,1000,1,6291.6412,0.0000,0.9011,1544.3160,0.0000,0.1602,39.5855,0.0000,0.0718,7875.5427,0.0000,1.1331,7875.5430,26,0
13970.0000,1397,2023,2.7000,23,1000,1000,1,6294.2187,0.0000,0.9009,1543.2105,0.0000,0.1601,39.5572,0.0000,0.0718,7876.9865,0.0000,1.1328,7876.9863,26,0
13980.0000,1398,2019,2.7000,19,1000,1000,1,6300.5071,0.0000,0.9006,1542.1067,0.0000,0.1599,39.5289,0.0000,0.0717,7882.1427,0.0000,1.1323,7882.1426,25,0
13990.0000,1399,2014,2.7000,14,1000,1000,1,6304.8580,0.0000,0.9004,1541.0044,0.0000,0.1598,39.5007,0.0000,0.0717,7885.3631,0.0000,1.1319,7885.3633,25,0
14000.0000,1400,2016,2.7000,16,1000,1000,1,6308.1204,0.0000,0.9003,1539.9037,0.0000,0.1597,39.4724,0.0000,0.0716,7887.4965,0.0000,1.1316,7887.4966,25,0
14010.0000,1401,2017,2.7000,17,1000,1000,1,6312.9524,0.0000,0.9004,1538.8045,0.0000,0.1596,39.4443,0.0000,0.0716,7891.2011,0.0000,1.1315,7891.2012,25,0
14020.0000,1402,2019,2.7000,19,1000,1000,1,6317.8140,0.0000,0.9003,1537.7069,0.0000,0.1595,39.4161,0.0000,0.0715,7894.9371,0.0000,1.1313,7894.9370,25,0
14030.0000,1403,2024,2.7000,24,1000,1000,1,6322.7451,0.0000,0.9007,1536.6109,0.0000,0.1594,39.3880,0.0000,0.0715,7898.7441,0.0000,1.1316,7898.7441,26,0
14040.0000,1404,2031,2.7000,31,1000,1000,1,6327.4248,0.0000,0.9010,1535.5165,0.0000,0.1593,39.3600,0.0000,0.0714,7902.3013,0.0000,1.1317,7902.3013,26,0
14050.0000,1405,2038,2.7000,38,1000,1000,1,6331.7216,0.0000,0.9014,1534.4236,0.0000,0.1591,39.3320,0.0000,0.0714,7905.4772,0.0000,1.1319,7905.4771,26,0
14060.0000,1406,2042,2.7000,42,1000,1000,1,6336.3546,0.0000,0.9016,1533.3322,0.0000,0.1590,39.3040,0.0000,0.0713,7908.9908,0.0000,1.1319,7908.9907,26,0
14070.0000,1407,2046,2.7000,46,1000,1000,1,6341.0316,0.0000,0.9016,1532.2424,0.0000,0.1589,39.2761,0.0000,0.0713,7912.5501,0.0000,1.1318,7912.5503,26,0
14080.0000,1408,2046,2.7000,46,1000,1000,1,6345.4024,0.0000,0.9017,1531.1542,0.0000,0.1588,39.2482,0.0000,0.0712,7915.8048,0.0000,1.1317,7915.8047,26,0
14090.0000,1409,2036,2.7000,36,1000,1000,1,6348.6107,0.0000,0.9015,1530.0675,0.0000,0.1587,39.2203,0.0000,0.0712,7917.8985,0.0000,1.1314,7917.8984,26,0
14100.0000,1410,2037,2.7000,37,1000,1000,1,6354.2151,0.0000,0.9017,1528.9823,0.0000,0.1586,39.1925,0.0000,0.0711,7922.3899,0.0000,1.1314,7922.3901,26,0
14110.0000,1411,2039,2.7000,39,1000,1000,1,6358.2355,0.0000,0.9020,1527.8987,0.0000,0.1585,39.1647,0.0000,0.0711,7925.2990,0.0000,1.1315,7925.2988,26,0
14120.0000,1412,2036,2.7000,36,1000,1000,1,6360.8952,0.0000,0.9021,1526.8167,0.0000,0.1584,39.1370,0.0000,0.0710,7926.8489,0.0000,1.1314,7926.8486,26,0
14130.0000,1413,2029,2.7000,29,1000,1000,1,6366.9770,0.0000,0.9018,1525.7361,0.0000,0.1582,39.1093,0.0000,0.0710,7931.8224,0.0000,1.1311,7931.8223,26,0
14140.0000,1414,2033,2.7000,33,1000,1000,1,6372.6758,0.0000,0.9019,1524.6571,0.0000,0.1581,39.0816,0.0000,0.0709,7936.4145,0.0000,1.1310,7936.4146,26,0
14150.0000,1415,2033,2.7000,33,1000,1000,1,6376.8234,0.0000,0.9017,1523.5796,0.0000,0.1580,39.0540,0.0000,0.0709,7939.4570,0.0000,1.1306,7939.4570,26,0
14160.0000,1416,2035,2.7000,35,1000,1000,1,6381.7028,0.0000,0.9019,1522.5036,0.0000,0.1579,39.0264,0.0000,0.0708,7943.2328,0.0000,1.1306,7943.2329,26,0
14170.0000,1417,2029,2.7000,29,1000,1000,1,6384.1912,0.0000,0.9018,1521.4292,0.0000,0.1578,38.9989,0.0000,0.0708,7944.6192,0.0000,1.1303,7944.6191,26,0
14180.0000,1418,2027,2.7000,27,1000,1000,1,6390.4789,0.0000,0.9016,1520.3562,0.0000,0.1577,38.9714,0.0000,0.0707,7949.8065,0.0000,1.1300,7949.8066,26,0
14190.0000,1419,2019,2.7000,19,1000,1000,1,6390.8664,0.0000,0.9011,1519.2848,0.0000,0.1576,38.9439,0.0000,0.0707,7949.0951,0.0000,1.1293,7949.0952,25,0
14200.0000,1420,2022,2.7000,22,1000,1000,1,6397.2485,0.0000,0.9011,1518.2149,0.0000,0.1575,38.9165,0.0000,0.0706,7954.3798,0.0000,1.1292,7954.3799,26,0
14210.0000,1421,2018,2.7000,18,1000,1000,1,6403.4959,0.0000,0.9012,1517.1465,0.0000,0.1574,38.8891,0.0000,0.0706,7959.5314,0.0000,1.1291,7959.5312,25,0
14220.0000,1422,2022,2.7000,22,1000,1000,1,6403.7618,0.0000,0.9011,1516.0795,0.0000,0.1572,38.8618,0.0000,0.0705,7958.7031,0.0000,1.1289,7958.7031,26,0
14230.0000,1423,2017,2.7000,17,1000,1000,1,6413.1067,0.0000,0.9011,1515.0141,0.0000,0.1571,38.8345,0.0000,0.0705,7966.9553,0.0000,1.1287,7966.9551,25,0
14240.0000,1424,2011,2.7000,11,1000,1000,1,6417.6143,0.0000,0.9008,1513.9502,0.0000,0.1570,38.8072,0.0000,0.0704,7970.3717,0.0000,1.1282,7970.3716,25,0
14250.0000,1425,2012,2.7000,12,1000,1000,1,6421.9971,0.0000,0.9010,1512.8878,0.0000,0.1569,38.7799,0.0000,0.0704,7973.6648,0.0000,1.1283,7973.6650,25,0
14260.0000,1426,2007,2.7000,7,1000,1000,1,6426.6747,0.0000,0.9007,1511.8269,0.0000,0.1568,38.7528,0.0000,0.0703,7977.2543,0.0000,1.1278,7977.2544,25,0
14270.0000,1427,2006,2.7000,6,1000,1000,1,6430.9877,0.0000,0.9007,1510.7674,0.0000,0.1567,38.7256,0.0000,0.0703,7980.4807,0.0000,1.1277,7980.4805,25,0
14280.0000,1428,2002,2.7000,2,1000,1000,1,6435.6919,0.0000,0.9006,1509.7095,0.0000,0.1566,38.6985,0.0000,0.0702,7984.0999,0.0000,1.1275,7984.1001,24,0
14290.0000,1429,2001,2.7000,1,1000,1000,1,6439.0626,0.0000,0.9003,1508.6530,0.0000,0.1565,38.6714,0.0000,0.0702,7986.3870,0.0000,1.1270,7986.3867,24,0
14300.0000,1430,2000,2.7000,0,1000,1000,1,6443.9562,0.0000,0.9002,1594.1940,0.0000,0.1567,38.6444,0.0000,0.0701,8076.7945,0.0000,1.1271,8076.7944,24,0
14310.0000,1431,1999,2.7000,1,998,1000,1,6448.8429,0.0000,0.9002,1594.9233,0.0000,0.1568,38.6173,0.0000,0.0701,8082.3835,0.0000,1.1271,8082.3833,24,0
14320.0000,1432,2000,2.7000,1,999,1000,1,6453.2210,0.0000,0.9000,1595.2833,0.0000,0.1571,38.5904,0.0000,0.0700,8087.0947,0.0000,1.1271,8087.0947,24,0
14330.0000,1433,2012,2.7000,12,1000,1000,1,6458.2571,0.0000,0.9005,1594.4562,0.0000,0.1570,38.5635,0.0000,0.0700,8091.2767,0.0000,1.1275,8091.2769,25,0
14340.0000,1434,2012,2.7000,12,1000,1000,1,6461.2643,0.0000,0.9006,1593.3443,0.0000,0.1569,38.5366,0.0000,0.0699,8093.1451,0.0000,1.1275,8093.1450,25,0
14350.0000,1435,2013,2.7000,13,1000,1000,1,6467.1851,0.0000,0.9008,1592.2339,0.0000,0.1568,38.5097,0.0000,0.0699,8097.9288,0.0000,1.1275,8097.9287,25,0
14360.0000,1436,2007,2.7000,7,1000,1000,1,6469.3770,0.0000,0.9007,1591.1251,0.0000,0.1567,38.4829,0.0000,0.0698,8098.9851,0.0000,1.1272,8098.9849,25,0
14370.0000,1437,2006,2.7000,6,1000,1000,1,6475.4691,0.0000,0.9007,1590.0179,0.0000,0.1566,38.4561,0.0000,0.0698,8103.9431,0.0000,1.1271,8103.9434,25,0
14380.0000,1438,2001,2.7000,1,1000,1000,1,6477.8537,0.0000,0.9004,1588.9122,0.0000,0.1565,38.4294,0.0000,0.0697,8105.1953,0.0000,1.1266,8105.1953,24,0
14390.0000,1439,2002,2.7000,2,1000,1000,1,6484.5266,0.0000,0.9005,1587.8080,0.0000,0.1564,38.4027,0.0000,0.0697,8110.7372,0.0000,1.1265,8110.7373,24,0
14400.0000,1440,2005,2.7000,5,1000,1000,1,6487.0141,0.0000,0.9006,1586.7053,0.0000,0.1562,38.3760,0.0000,0.0697,8112.0954,0.0000,1.1265,8112.0952,24,0
14410.0000,1441,2005,2.7000,5,1000,1000,1,6494.0447,0.0000,0.9008,1585.6042,0.0000,0.1561,38.3494,0.0000,0.0696,8117.9983,0.0000,1.1266,8117.9980,24,0
14420.0000,1442,2005,2.7000,5,1000,1000,1,6497.6644,0.0000,0.9009,1584.5046,0.0000,0.1560,38.3228,0.0000,0.0696,8120.4918,0.0000,1.1265,8120.4917,24,0
14430.0000,1443,2007,2.7000,7,1000,1000,1,6502.6578,0.0000,0.9009,1583.4066,0.0000,0.1559,38.2962,0.0000,0.0695,8124.3606,0.0000,1.1263,8124.3604,25,0
14440.0000,1444,2004,2.7000,4,1000,1000,1,6507.4130,0.0000,0.9008,1582.3100,0.0000,0.1558,38.2697,0.0000,0.0695,8127.9927,0.0000,1.1261,8127.9927,24,0
14450.0000,1445,2005,2.7000,5,1000,1000,1,6512.1737,0.0000,0.9008,1600.4541,0.0000,0.1558,38.2432,0.0000,0.0694,8150.8709,0.0000,1.1260,8150.8711,24,0
14460.0000,1446,2014,2.7000,14,1000,1000,1,6516.7415,0.0000,0.9012,1599.3473,0.0000,0.1557,38.2168,0.0000,0.0694,8154.3056,0.0000,1.1263,8154.3057,25,0
14470.0000,1447,2011,2.7000,11,1000,1000,1,6521.2221,0.0000,0.9012,1598.2420,0.0000,0.1556,38.1903,0.0000,0.0693,8157.6545,0.0000,1.1262,8157.6543,25,0
14480.0000,1448,2009,2.7000,9,1000,1000,1,6523.4786,0.0000,0.9012,1597.1382,0.0000,0.1555,38.1640,0.0000,0.0693,8158.7808,0.0000,1.1260,8158.7808,25,0
14490.0000,1449,2003,2.7000,3,1000,1000,1,6529.5040,0.0000,0.9012,1596.0360,0.0000,0.1554,38.1376,0.0000,0.0692,8163.6776,0.0000,1.1259,8163.6777,24,0
14500.0000,1450,2001,2.7000,1,1000,1000,1,6533.8626,0.0000,0.9010,1594.9353,0.0000,0.1553,38.1113,0.0000,0.0692,8166.9092,0.0000,1.1254,8166.9092,24,0
14510.0000,1451,2002,2.7000,2,1000,1000,1,6538.8889,0.0000,0.9008,1602.9741,0.0000,0.1553,38.0851,0.0000,0.0691,8179.9481,0.0000,1.1253,8179.9482,24,0
14520.0000,1452,2006,2.7000,6,1000,1000,1,6542.8647,0.0000,0.9010,1601.8702,0.0000,0.1552,38.0588,0.0000,0.0691,8182.7937,0.0000,1.1253,8182.7939,25,0
14530.0000,1453,2002,2.7000,2,1000,1000,1,6545.9955,0.0000,0.9010,1600.7677,0.0000,0.1551,38.0326,0.0000,0.0690,8184.7959,0.0000,1.1251,8184.7959,24,0
14540.0000,1454,2011,2.7000,11,1000,1000,1,6551.8873,0.0000,0.9012,1599.6668,0.0000,0.1550,38.0065,0.0000,0.0690,8189.5606,0.0000,1.1252,8189.5605,25,0
14550.0000,1455,2010,2.7000,10,1000,1000,1,6556.1571,0.0000,0.9011,1598.5673,0.0000,0.1549,37.9804,0.0000,0.0689,8192.7048,0.0000,1.1249,8192.7051,25,0
14560.0000,1456,2005,2.7000,5,1000,1000,1,6561.6225,0.0000,0.9010,1597.4694,0.0000,0.1548,37.9543,0.0000,0.0689,8197.0462,0.0000,1.1247,8197.0459,24,0
14570.0000,1457,2008,2.7000,8,1000,1000,1,6566.2834,0.0000,0.9012,1596.3730,0.0000,0.1547,37.9282,0.0000,0.0688,8200.5847,0.0000,1.1248,8200.5850,25,0
14580.0000,1458,2014,2.7000,14,1000,1000,1,6569.1884,0.0000,0.9013,1595.2781,0.0000,0.1546,37.9022,0.0000,0.0688,8202.3687,0.0000,1.1247,8202.3691,25,0
14590.0000,1459,2017,2.7000,17,1000,1000,1,6575.0881,0.0000,0.9014,1594.1847,0.0000,0.1545,37.8762,0.0000,0.0687,8207.1490,0.0000,1.1246,8207.1494,25,0
14600.0000,1460,2012,2.7000,12,1000,1000,1,6578.5772,0.0000,0.9013,1593.0928,0.0000,0.1544,37.8503,0.0000,0.0687,8209.5203,0.0000,1.1244,8209.5205,25,0
14610.0000,1461,2016,2.7000,16,1000,1000,1,6583.6345,0.0000,0.9018,1592.0024,0.0000,0.1543,37.8244,0.0000,0.0687,8213.4613,0.0000,1.1247,8213.4609,25,0
14620.0000,1462,2023,2.7000,23,1000,1000,1,6588.3905,0.0000,0.9021,1590.9135,0.0000,0.1542,37.7985,0.0000,0.0686,8217.1025,0.0000,1.1248,8217.1025,26,0
14630.0000,1463,2023,2.7000,23,1000,1000,1,6592.7660,0.0000,0.9022,1589.8260,0.0000,0.1541,37.7727,0.0000,0.0686,8220.3647,0.0000,1.1248,8220.3643,26,0
14640.0000,1464,2023,2.7000,23,1000,1000,1,6592.8113,0.0000,0.9018,1588.7401,0.0000,0.1540,37.7469,0.0000,0.0685,8219.2982,0.0000,1.1243,8219.2979,26,0
14650.0000,1465,2021,2.7000,21,1000,1000,1,6601.5361,0.0000,0.9018,1587.6556,0.0000,0.1539,37.7211,0.0000,0.0685,8226.9128,0.0000,1.1242,8226.9131,26,0
14660.0000,1466,2020,2.7000,20,1000,1000,1,6606.4383,0.0000,0.9016,1586.5726,0.0000,0.1538,37.6954,0.0000,0.0684,8230.7063,0.0000,1.1237,8230.7061,25,0
14670.0000,1467,2023,2.7000,23,1000,1000,1,6611.3894,0.0000,0.9020,1585.4911,0.0000,0.1536,37.6697,0.0000,0.0684,8234.5502,0.0000,1.1240,8234.5498,26,0
14680.0000,1468,2017,2.7000,17,1000,1000,1,6614.4042,0.0000,0.9019,1584.4111,0.0000,0.1535,37.6440,0.0000,0.0683,8236.4594,0.0000,1.1238,8236.4590,25,0
14690.0000,1469,2018,2.7000,18,1000,1000,1,6620.1004,0.0000,0.9018,1583.3325,0.0000,0.1534,37.6184,0.0000,0.0683,8241.0513,0.0000,1.1235,8241.0518,25,0
14700.0000,1470,2013,2.7000,13,1000,1000,1,6621.8497,0.0000,0.9016,1582.2554,0.0000,0.1533,37.5928,0.0000,0.0682,8241.6979,0.0000,1.1231,8241.6982,25,0
14710.0000,1471,2010,2.7000,10,1000,1000,1,6628.9808,0.0000,0.9014,1581.1798,0.0000,0.1532,37.5673,0.0000,0.0682,8247.7278,0.0000,1.1228,8247.7275,25,0
14720.0000,1472,2014,2.7000,14,1000,1000,1,6633.8653,0.0000,0.9014,1580.1056,0.0000,0.1531,37.5417,0.0000,0.0681,8251.5126,0.0000,1.1227,8251.5127,25,0
14730.0000,1473,2007,2.7000,7,1000,1000,1,6637.6500,0.0000,0.9012,1579.0329,0.0000,0.1530,37.5162,0.0000,0.0681,8254.1991,0.0000,1.1223,8254.1992,25,0
14740.0000,1474,2008,2.7000,8,1000,1000,1,6642.6117,0.0000,0.9012,1577.9617,0.0000,0.1529,37.4908,0.0000,0.0680,8258.0641,0.0000,1.1222,8258.0645,25,0
14750.0000,1475,2013,2.7000,13,1000,1000,1,6646.8516,0.0000,0.9018,1576.8919,0.0000,0.1528,37.4654,0.0000,0.0680,8261.2088,0.0000,1.1226,8261.2090,25,0
14760.0000,1476,2012,2.7000,12,1000,1000,1,6650.9253,0.0000,0.9020,1575.8235,0.0000,0.1527,37.4400,0.0000,0.0680,8264.1888,0.0000,1.1226,8264.1885,25,0
14770.0000,1477,2011,2.7000,11,1000,1000,1,6654.6008,0.0000,0.9020,1574.7566,0.0000,0.1526,37.4146,0.0000,0.0679,8266.7720,0.0000,1.1225,8266.7725,25,0
14780.0000,1478,2018,2.7000,18,1000,1000,1,6660.5800,0.0000,0.9026,1573.6911,0.0000,0.1525,37.3893,0.0000,0.0679,8271.6605,0.0000,1.1230,8271.6602,25,0
14790.0000,1479,2016,2.7000,16,1000,1000,1,6665.3599,0.0000,0.9026,1572.6271,0.0000,0.1524,37.3640,0.0000,0.0678,8275.3511,0.0000,1.1229,8275.3516,25,0
14800.0000,1480,2015,2.7000,15,1000,1000,1,6669.3688,0.0000,0.9028,1571.5645,0.0000,0.1523,37.3388,0.0000,0.0678,8278.2721,0.0000,1.1228,8278.2725,25,0
14810.0000,1481,2012,2.7000,12,1000,1000,1,6674.4364,0.0000,0.9030,1570.5034,0.0000,0.1522,37.3136,0.0000,0.0677,8282.2533,0.0000,1.1230,8282.2529,25,0
14820.0000,1482,2006,2.7000,6,1000,1000,1,6679.0445,0.0000,0.9030,1569.4436,0.0000,0.1521,37.2884,0.0000,0.0677,8285.7765,0.0000,1.1227,8285.7764,25,0
14830.0000,1483,2008,2.7000,8,1000,1000,1,6683.0383,0.0000,0.9029,1568.3854,0.0000,0.1520,37.2633,0.0000,0.0676,8288.6869,0.0000,1.1225,8288.6865,25,0
14840.0000,1484,2008,2.7000,8,1000,1000,1,6687.2809,0.0000,0.9028,1567.3285,0.0000,0.1519,37.2382,0.0000,0.0676,8291.8475,0.0000,1.1222,8291.8477,25,0
14850.0000,1485,2010,2.7000,10,1000,1000,1,6690.5549,0.0000,0.9028,1566.2731,0.0000,0.1518,37.2131,0.0000,0.0675,8294.0411,0.0000,1.1222,8294.0410,25,0
14860.0000,1486,2009,2.7000,9,1000,1000,1,6696.9145,0.0000,0.9027,1565.2190,0.0000,0.1517,37.1880,0.0000,0.0675,8299.3216,0.0000,1.1219,8299.3213,25,0
14870.0000,1487,2015,2.7000,15,1000,1000,1,6699.5487,0.0000,0.9028,1564.1664,0.0000,0.1516,37.1630,0.0000,0.0675,8300.8782,0.0000,1.1218,8300.8779,25,0
14880.0000,1488,2017,2.7000,17,1000,1000,1,6706.0445,0.0000,0.9030,1563.1152,0.0000,0.1515,37.1381,0.0000,0.0674,8306.2978,0.0000,1.1219,8306.2979,25,0
14890.0000,1489,2007,2.7000,7,1000,1000,1,6708.6092,0.0000,0.9028,1562.0655,0.0000,0.1514,37.1131,0.0000,0.0674,8307.7877,0.0000,1.1215,8307.7881,25,0
14900.0000,1490,2004,2.7000,4,1000,1000,1,6713.4479,0.0000,0.9026,1561.0171,0.0000,0.1513,37.0882,0.0000,0.0673,8311.5532,0.0000,1.1212,8311.5527,24,0
14910.0000,1491,2006,2.7000,6,1000,1000,1,6717.9856,0.0000,0.9026,1559.9701,0.0000,0.1512,37.0633,0.0000,0.0673,8315.0191,0.0000,1.1211,8315.0195,25,0
14920.0000,1492,2002,2.7000,2,1000,1000,1,6722.1147,0.0000,0.9025,1558.9246,0.0000,0.1511,37.0385,0.0000,0.0672,8318.0778,0.0000,1.1208,8318.0781,24,0
14930.0000,1493,2003,2.7000,3,1000,1000,1,6727.7439,0.0000,0.9027,1622.2253,0.0000,0.1512,37.0137,0.0000,0.0672,8386.9829,0.0000,1.1210,8386.9824,24,0
14940.0000,1494,2004,2.7000,4,1000,1000,1,6732.8376,0.0000,0.9028,1621.1395,0.0000,0.1511,36.9889,0.0000,0.0671,8390.9660,0.0000,1.1210,8390.9658,24,0
14950.0000,1495,2000,2.7000,0,1000,1000,1,6735.0468,0.0000,0.9026,1623.2019,0.0000,0.1512,36.9642,0.0000,0.0671,8395.2129,0.0000,1.1209,8395.2129,24,0
14960.0000,1496,2003,2.7000,3,1000,1000,1,6742.1797,0.0000,0.9026,1623.0575,0.0000,0.1513,36.9395,0.0000,0.0670,8402.1767,0.0000,1.1209,8402.1768,24,0
14970.0000,1497,2003,2.7000,3,1000,1000,1,6745.5187,0.0000,0.9027,1621.9733,0.0000,0.1512,36.9148,0.0000,0.0670,8404.4068,0.0000,1.1208,8404.4072,24,0
14980.0000,1498,1999,2.7000,0,999,1000,1,6750.2152,0.0000,0.9023,1624.4157,0.0000,0.1513,36.8901,0.0000,0.0670,8411.5211,0.0000,1.1206,8411.5215,24,0
14990.0000,1499,2003,2.7000,3,1000,1000,1,6755.9659,0.0000,0.9023,1623.6203,0.0000,0.1514,36.8655,0.0000,0.0669,8416.4518,0.0000,1.1206,8416.4521,24,0
15000.0000,1500,1998,2.7000,1,997,1000,1,6759.7339,0.0000,0.9021,1622.5379,0.0000,0.1513,36.8410,0.0000,0.0669,8419.1128,0.0000,1.1203,8419.1123,24,0
15010.0000,1501,1999,2.7000,0,999,1000,1,6764.3709,0.0000,0.9020,1625.7319,0.0000,0.1516,36.8164,0.0000,0.0668,8426.9192,0.0000,1.1205,8426.9189,24,0
15020.0000,1502,2000,2.7000,0,1000,1000,1,6768.5489,0.0000,0.9019,1626.0361,0.0000,0.1519,36.7919,0.0000,0.0668,8431.3769,0.0000,1.1205,8431.3770,24,0
15030.0000,1503,2001,2.7000,1,1000,1000,1,6772.3606,0.0000,0.9017,1626.3003,0.0000,0.1522,36.7674,0.0000,0.0667,8435.4283,0.0000,1.1207,8435.4287,24,0
15040.0000,1504,2007,2.7000,7,1000,1000,1,6778.4938,0.0000,0.9019,1625.9510,0.0000,0.1523,36.7430,0.0000,0.0667,8441.1878,0.0000,1.1209,8441.1875,25,0
15050.0000,1505,2011,2.7000,11,1000,1000,1,6782.7528,0.0000,0.9023,1624.8706,0.0000,0.1522,36.7186,0.0000,0.0666,8444.3420,0.0000,1.1211,8444.3418,25,0
15060.0000,1506,2016,2.7000,16,1000,1000,1,6787.5073,0.0000,0.9027,1623.7917,0.0000,0.1521,36.6942,0.0000,0.0666,8447.9932,0.0000,1.1214,8447.9932,25,0
15070.0000,1507,2022,2.7000,22,1000,1000,1,6791.1030,0.0000,0.9027,1622.7142,0.0000,0.1520,36.6698,0.0000,0.0666,8450.4870,0.0000,1.1212,8450.4873,26,0
15080.0000,1508,2018,2.7000,18,1000,1000,1,6794.8837,0.0000,0.9027,1621.6381,0.0000,0.1519,36.6455,0.0000,0.0665,8453.1673,0.0000,1.1210,8453.1670,25,0
15090.0000,1509,2014,2.7000,14,1000,1000,1,6800.6325,0.0000,0.9026,1620.5635,0.0000,0.1518,36.6212,0.0000,0.0665,8457.8172,0.0000,1.1208,8457.8174,25,0
15100.0000,1510,2019,2.7000,19,1000,1000,1,6805.4760,0.0000,0.9028,1619.4903,0.0000,0.1517,36.5970,0.0000,0.0664,8461.5632,0.0000,1.1209,8461.5635,25,0
15110.0000,1511,2019,2.7000,19,1000,1000,1,6809.3872,0.0000,0.9028,1618.4185,0.0000,0.1516,36.5728,0.0000,0.0664,8464.3784,0.0000,1.1207,8464.3779,25,0
15120.0000,1512,2025,2.7000,25,1000,1000,1,6814.6964,0.0000,0.9031,1617.3481,0.0000,0.1515,36.5486,0.0000,0.0663,8468.5930,0.0000,1.1209,8468.5928,26,0
15130.0000,1513,2026,2.7000,26,1000,1000,1,6818.4413,0.0000,0.9032,1616.2791,0.0000,0.1514,36.5244,0.0000,0.0663,8471.2448,0.0000,1.1209,8471.2451,26,0
15140.0000,1514,2032,2.7000,32,1000,1000,1,6823.4561,0.0000,0.9035,1615.2115,0.0000,0.1513,36.5003,0.0000,0.0662,8475.1679,0.0000,1.1210,8475.1680,26,0
15150.0000,1515,2035,2.7000,35,1000,1000,1,6828.3068,0.0000,0.9038,1614.1454,0.0000,0.1512,36.4762,0.0000,0.0662,8478.9284,0.0000,1.1211,8478.9287,26,0
15160.0000,1516,2026,2.7000,26,1000,1000,1,6831.8491,0.0000,0.9036,1613.0807,0.0000,0.1511,36.4521,0.0000,0.0662,8481.3819,0.0000,1.1208,8481.3818,26,0
15170.0000,1517,2020,2.7000,20,1000,1000,1,6836.2359,0.0000,0.9036,1612.0173,0.0000,0.1510,36.4281,0.0000,0.0661,8484.6813,0.0000,1.1206,8484.6816,25,0
15180.0000,1518,2012,2.7000,12,1000,1000,1,6840.2519,0.0000,0.9034,1610.9554,0.0000,0.1509,36.4041,0.0000,0.0661,8487.6113,0.0000,1.1204,8487.6113,25,0
15190.0000,1519,2008,2.7000,8,1000,1000,1,6845.2146,0.0000,0.9037,1609.8949,0.0000,0.1508,36.3801,0.0000,0.0660,8491.4896,0.0000,1.1205,8491.4893,25,0
15200.0000,1520,2012,2.7000,12,1000,1000,1,6850.1332,0.0000,0.9038,1608.8357,0.0000,0.1507,36.3562,0.0000,0.0660,8495.3251,0.0000,1.1205,8495.3252,25,0
15210.0000,1521,2004,2.7000,4,1000,1000,1,6852.6655,0.0000,0.9036,1607.7780,0.0000,0.1506,36.3323,0.0000,0.0659,8496.7758,0.0000,1.1201,8496.7754,24,0
15220.0000,1522,2010,2.7000,10,1000,1000,1,6858.1799,0.0000,0.9039,1606.7216,0.0000,0.1505,36.3084,0.0000,0.0659,8501.2099,0.0000,1.1202,8501.2100,25,0
15230.0000,1523,2006,2.7000,6,1000,1000,1,6862.9298,0.0000,0.9038,1605.6666,0.0000,0.1504,36.2846,0.0000,0.0659,8504.8810,0.0000,1.1200,8504.8809,25,0
15240.0000,1524,2004,2.7000,4,1000,1000,1,6868.7741,0.0000,0.9039,1604.6130,0.0000,0.1503,36.2608,0.0000,0.0658,8509.6480,0.0000,1.1200,8509.6484,24,0
15250.0000,1525,1998,2.7000,0,998,1000,1,6870.9930,0.0000,0.9037,1635.7325,0.0000,0.1504,36.2370,0.0000,0.0658,8542.9625,0.0000,1.1199,8542.9629,24,0
15260.0000,1526,2008,2.7000,8,1000,1000,1,6878.0164,0.0000,0.9039,1635.8404,0.0000,0.1506,36.2133,0.0000,0.0657,8550.0701,0.0000,1.1202,8550.0703,25,0
15270.0000,1527,2013,2.7000,13,1000,1000,1,6882.0704,0.0000,0.9042,1634.7691,0.0000,0.1505,36.1895,0.0000,0.0657,8553.0290,0.0000,1.1204,8553.0293,25,0
15280.0000,1528,2014,2.7000,14,1000,1000,1,6887.1435,0.0000,0.9044,1633.6992,0.0000,0.1504,36.1659,0.0000,0.0656,8557.0085,0.0000,1.1204,8557.0088,25,0
15290.0000,1529,2015,2.7000,15,1000,1000,1,6890.7980,0.0000,0.9046,1632.6307,0.0000,0.1503,36.1422,0.0000,0.0656,8559.5710,0.0000,1.1205,8559.5713,25,0
15300.0000,1530,2015,2.7000,15,1000,1000,1,6895.3743,0.0000,0.9046,1631.5637,0.0000,0.1502,36.1186,0.0000,0.0656,8563.0565,0.0000,1.1204,8563.0566,25,0
15310.0000,1531,2018,2.7000,18,1000,1000,1,6899.8355,0.0000,0.9046,1630.4980,0.0000,0.1501,36.0950,0.0000,0.0655,8566.4285,0.0000,1.1202,8566.4287,25,0
15320.0000,1532,2018,2.7000,18,1000,1000,1,6904.7262,0.0000,0.9047,1629.4337,0.0000,0.1500,36.0714,0.0000,0.0655,8570.2313,0.0000,1.1202,8570.2314,25,0
15330.0000,1533,2023,2.7000,23,1000,1000,1,6909.4003,0.0000,0.9048,1628.3708,0.0000,0.1499,36.0479,0.0000,0.0654,8573.8190,0.0000,1.1201,8573.8193,26,0
15340.0000,1534,2028,2.7000,28,1000,1000,1,6913.1046,0.0000,0.9048,1627.3093,0.0000,0.1498,36.0244,0.0000,0.0654,8576.4383,0.0000,1.1200,8576.4385,26,0
15350.0000,1535,2028,2.7000,28,1000,1000,1,6917.4783,0.0000,0.9049,1626.2491,0.0000,0.1497,36.0009,0.0000,0.0653,8579.7284,0.0000,1.1199,8579.7285,26,0
15360.0000,1536,2030,2.7000,30,1000,1000,1,6922.2765,0.0000,0.9051,1625.1904,0.0000,0.1496,35.9775,0.0000,0.0653,8583.4443,0.0000,1.1201,8583.4443,26,0
15370.0000,1537,2027,2.7000,27,1000,1000,1,6927.5714,0.0000,0.9050,1624.1330,0.0000,0.1495,35.9541,0.0000,0.0653,8587.6585,0.0000,1.1198,8587.6582,26,0
15380.0000,1538,2026,2.7000,26,1000,1000,1,6931.3589,0.0000,0.9051,1623.0770,0.0000,0.1494,35.9307,0.0000,0.0652,8590.3666,0.0000,1.1198,8590.3662,26,0
15390.0000,1539,2021,2.7000,21,1000,1000,1,6937.1556,0.0000,0.9050,1622.0223,0.0000,0.1493,35.9074,0.0000,0.0652,8595.0853,0.0000,1.1195,8595.0850,26,0
15400.0000,1540,2019,2.7000,19,1000,1000,1,6941.0837,0.0000,0.9051,1620.9691,0.0000,0.1492,35.8840,0.0000,0.0651,8597.9368,0.0000,1.1195,8597.9365,25,0
15410.0000,1541,2012,2.7000,12,1000,1000,1,6945.3991,0.0000,0.9049,1619.9172,0.0000,0.1491,35.8608,0.0000,0.0651,8601.1770,0.0000,1.1191,8601.1768,25,0
15420.0000,1542,2015,2.7000,15,1000,1000,1,6950.5765,0.0000,0.9051,1618.8667,0.0000,0.1490,35.8375,0.0000,0.0650,8605.2806,0.0000,1.1191,8605.2803,25,0
15430.0000,1543,2017,2.7000,17,1000,1000,1,6954.7792,0.0000,0.9051,1617.8175,0.0000,0.1489,35.8143,0.0000,0.0650,8608.4109,0.0000,1.1191,8608.4111,25,0
15440.0000,1544,2012,2.7000,12,1000,1000,1,6959.0594,0.0000,0.9052,1616.7697,0.0000,0.1488,35.7911,0.0000,0.0650,8611.6202,0.0000,1.1190,8611.6201,25,0
15450.0000,1545,2009,2.7000,9,1000,1000,1,6963.5769,0.0000,0.9051,1615.7232,0.0000,0.1487,35.7679,0.0000,0.0649,8615.0680,0.0000,1.1188,8615.0684,25,0
15460.0000,1546,2009,2.7000,9,1000,1000,1,6968.8099,0.0000,0.9052,1614.6781,0.0000,0.1486,35.7448,0.0000,0.0649,8619.2328,0.0000,1.1187,8619.2324,25,0
15470.0000,1547,2010,2.7000,10,1000,1000,1,6972.9688,0.0000,0.9053,1613.6344,0.0000,0.1485,35.7217,0.0000,0.0648,8622.3248,0.0000,1.1187,8622.3252,25,0
15480.0000,1548,2013,2.7000,13,1000,1000,1,6977.9669,0.0000,0.9056,1612.5920,0.0000,0.1484,35.6986,0.0000,0.0648,8626.2575,0.0000,1.1188,8626.2578,25,0
15490.0000,1549,2011,2.7000,11,1000,1000,1,6982.0654,0.0000,0.9055,1611.5509,0.0000,0.1484,35.6755,0.0000,0.0648,8629.2919,0.0000,1.1186,8629.2920,25,0
15500.0000,1550,2009,2.7000,9,1000,1000,1,6987.0898,0.0000,0.9055,1610.5112,0.0000,0.1483,35.6525,0.0000,0.0647,8633.2536,0.0000,1.1185,8633.2539,25,0
15510.0000,1551,2006,2.7000,6,1000,1000,1,6991.5124,0.0000,0.9054,1609.4729,0.0000,0.1482,35.6295,0.0000,0.0647,8636.6148,0.0000,1.1182,8636.6152,25,0
15520.0000,1552,2008,2.7000,8,1000,1000,1,6994.2561,0.0000,0.9053,1608.4358,0.0000,0.1481,35.6066,0.0000,0.0646,8638.2985,0.0000,1.1180,8638.2988,25,0
15530.0000,1553,2001,2.7000,1,1000,1000,1,7000.6190,0.0000,0.9053,1648.0980,0.0000,0.1480,35.5837,0.0000,0.0646,8684.3007,0.0000,1.1180,8684.3008,24,0
15540.0000,1554,1999,2.7000,0,999,1000,1,7004.3381,0.0000,0.9052,1648.5577,0.0000,0.1482,35.5608,0.0000,0.0645,8688.4565,0.0000,1.1180,8688.4561,24,0
15550.0000,1555,2002,2.7000,2,1000,1000,1,7007.9567,0.0000,0.9053,1647.5571,0.0000,0.1482,35.5379,0.0000,0.0645,8691.0516,0.0000,1.1179,8691.0518,24,0
15560.0000,1556,2007,2.7000,7,1000,1000,1,7013.8800,0.0000,0.9055,1646.4983,0.0000,0.1481,35.5151,0.0000,0.0645,8695.8933,0.0000,1.1181,8695.8936,25,0
15570.0000,1557,2011,2.7000,11,1000,1000,1,7017.6614,0.0000,0.9056,1645.4408,0.0000,0.1480,35.4922,0.0000,0.0644,8698.5944,0.0000,1.1180,8698.5947,25,0
15580.0000,1558,2003,2.7000,3,1000,1000,1,7022.4732,0.0000,0.9053,1644.3846,0.0000,0.1479,35.4695,0.0000,0.0644,8702.3273,0.0000,1.1176,8702.3271,24,0
15590.0000,1559,2002,2.7000,2,1000,1000,1,7024.3582,0.0000,0.9055,1643.3299,0.0000,0.1478,35.4467,0.0000,0.0643,8703.1347,0.0000,1.1176,8703.1348,24,0
15600.0000,1560,2000,2.7000,0,1000,1000,1,7031.0545,0.0000,0.9051,1650.7407,0.0000,0.1479,35.4240,0.0000,0.0643,8717.2192,0.0000,1.1174,8717.2188,24,0
15610.0000,1561,1999,2.7000,0,999,1000,1,7035.1375,0.0000,0.9049,1651.5054,0.0000,0.1479,35.4013,0.0000,0.0643,8722.0442,0.0000,1.1170,8722.0439,24,0
15620.0000,1562,2001,2.7000,3,998,1000,1,7041.1192,0.0000,0.9048,1651.6730,0.0000,0.1481,35.3786,0.0000,0.0642,8728.1709,0.0000,1.1172,8728.1709,24,0
15630.0000,1563,2001,2.7000,1,1000,1000,1,7043.7421,0.0000,0.9046,1651.0469,0.0000,0.1482,35.3560,0.0000,0.0642,8730.1450,0.0000,1.1170,8730.1455,24,0
15640.0000,1564,1996,2.7000,0,996,1000,1,7050.0768,0.0000,0.9043,1652.7281,0.0000,0.1485,35.3334,0.0000,0.0641,8738.1383,0.0000,1.1170,8738.1387,24,0
15650.0000,1565,2009,2.7000,9,1000,1000,1,7053.4987,0.0000,0.9047,1653.0477,0.0000,0.1487,35.3108,0.0000,0.0641,8741.8572,0.0000,1.1175,8741.8574,25,0
15660.0000,1566,2006,2.7000,6,1000,1000,1,7059.3938,0.0000,0.9048,1651.9922,0.0000,0.1486,35.2883,0.0000,0.0640,8746.6742,0.0000,1.1174,8746.6738,25,0
15670.0000,1567,2003,2.7000,3,1000,1000,1,7062.6056,0.0000,0.9046,1650.9379,0.0000,0.1485,35.2657,0.0000,0.0640,8748.8093,0.0000,1.1171,8748.8096,24,0
15680.0000,1568,1999,2.7000,1,998,1000,1,7068.6674,0.0000,0.9043,1654.1543,0.0000,0.1485,35.2433,0.0000,0.0640,8758.0649,0.0000,1.1168,8758.0645,24,0
15690.0000,1569,2001,2.7000,1,1000,1000,1,7071.7613,0.0000,0.9043,1653.5671,0.0000,0.1486,35.2208,0.0000,0.0639,8760.5492,0.0000,1.1168,8760.5488,24,0
15700.0000,1570,2000,2.7000,1,999,1000,1,7077.9123,0.0000,0.9040,1652.5139,0.0000,0.1485,35.1984,0.0000,0.0639,8765.6246,0.0000,1.1164,8765.6250,24,0
15710.0000,1571,2000,2.7000,0,1000,1000,1,7080.9090,0.0000,0.9039,1655.7461,0.0000,0.1486,35.1760,0.0000,0.0638,8771.8310,0.0000,1.1164,8771.8311,24,0
15720.0000,1572,1999,2.7000,3,996,1000,1,7086.9444,0.0000,0.9038,1656.0924,0.0000,0.1490,35.1536,0.0000,0.0638,8778.1904,0.0000,1.1166,8778.1904,24,0
15730.0000,1573,2004,2.7000,4,1000,1000,1,7090.8050,0.0000,0.9041,1655.6844,0.0000,0.1491,35.1312,0.0000,0.0638,8781.6206,0.0000,1.1170,8781.6201,24,0
15740.0000,1574,2000,2.7000,0,1000,1000,1,7094.0106,0.0000,0.9041,1654.6325,0.0000,0.1490,35.1089,0.0000,0.0637,8783.7520,0.0000,1.1168,8783.7520,24,0
15750.0000,1575,2003,2.7000,3,1000,1000,1,7098.5030,0.0000,0.9041,1656.5483,0.0000,0.1491,35.0866,0.0000,0.0637,8790.1380,0.0000,1.1169,8790.1377,24,0
15760.0000,1576,2002,2.7000,2,1000,1000,1,7102.7998,0.0000,0.9040,1655.4972,0.0000,0.1490,35.0644,0.0000,0.0636,8793.3614,0.0000,1.1166,8793.3613,24,0
15770.0000,1577,2000,2.7000,0,1000,1000,1,7107.4714,0.0000,0.9039,1654.4475,0.0000,0.1489,35.0421,0.0000,0.0636,8796.9610,0.0000,1.1164,8796.9609,24,0
15780.0000,1578,2005,2.7000,5,1000,1000,1,7113.2921,0.0000,0.9039,1657.4145,0.0000,0.1489,35.0199,0.0000,0.0636,8805.7266,0.0000,1.1163,8805.7266,24,0
15790.0000,1579,2010,2.7000,10,1000,1000,1,7117.4805,0.0000,0.9042,1656.3649,0.0000,0.1488,34.9977,0.0000,0.0635,8808.8431,0.0000,1.1165,8808.8428,25,0
15800.0000,1580,2012,2.7000,12,1000,1000,1,7123.1338,0.0000,0.9043,1655.3165,0.0000,0.1487,34.9756,0.0000,0.0635,8813.4259,0.0000,1.1165,8813.4258,25,0
15810.0000,1581,2010,2.7000,10,1000,1000,1,7127.6039,0.0000,0.9041,1654.2695,0.0000,0.1486,34.9535,0.0000,0.0634,8816.8268,0.0000,1.1161,8816.8271,25,0
15820.0000,1582,2011,2.7000,11,1000,1000,1,7131.3519,0.0000,0.9042,1653.2239,0.0000,0.1485,34.9314,0.0000,0.0634,8819.5071,0.0000,1.1161,8819.5068,25,0
15830.0000,1583,2006,2.7000,6,1000,1000,1,7132.8991,0.0000,0.9040,1652.1795,0.0000,0.1484,34.9093,0.0000,0.0634,8819.9879,0.0000,1.1157,8819.9883,25,0
15840.0000,1584,2007,2.7000,7,1000,1000,1,7137.4805,0.0000,0.9038,1651.1364,0.0000,0.1483,34.8873,0.0000,0.0633,8823.5042,0.0000,1.1154,8823.5039,25,0
15850.0000,1585,2015,2.7000,15,1000,1000,1,7142.6100,0.0000,0.9040,1650.0947,0.0000,0.1482,34.8653,0.0000,0.0633,8827.5700,0.0000,1.1155,8827.5703,25,0
15860.0000,1586,2010,2.7000,10,1000,1000,1,7149.7874,0.0000,0.9038,1649.0543,0.0000,0.1481,34.8433,0.0000,0.0632,8833.6850,0.0000,1.1152,8833.6846,25,0
15870.0000,1587,2010,2.7000,10,1000,1000,1,7154.8605,0.0000,0.9039,1648.0152,0.0000,0.1480,34.8213,0.0000,0.0632,8837.6970,0.0000,1.1151,8837.6973,25,0
15880.0000,1588,2009,2.7000,9,1000,1000,1,7156.2456,0.0000,0.9041,1646.9774,0.0000,0.1479,34.7994,0.0000,0.0632,8838.0224,0.0000,1.1152,8838.0225,25,0
15890.0000,1589,2007,2.7000,7,1000,1000,1,7163.9631,0.0000,0.9039,1645.9409,0.0000,0.1478,34.7775,0.0000,0.0631,8844.6815,0.0000,1.1149,8844.6816,25,0
15900.0000,1590,2002,2.7000,2,1000,1000,1,7167.1358,0.0000,0.9040,1663.2099,0.0000,0.1478,34.7556,0.0000,0.0631,8865.1013,0.0000,1.1148,8865.1016,24,0
15910.0000,1591,2005,2.7000,5,1000,1000,1,7172.9450,0.0000,0.9043,1662.1645,0.0000,0.1477,34.7338,0.0000,0.0630,8869.8433,0.0000,1.1150,8869.8438,24,0
15920.0000,1592,2008,2.7000,8,1000,1000,1,7177.2586,0.0000,0.9044,1661.1204,0.0000,0.1476,34.7120,0.0000,0.0630,8873.0909,0.0000,1.1150,8873.0908,25,0
15930.0000,1593,2009,2.7000,9,1000,1000,1,7181.9431,0.0000,0.9043,1660.0777,0.0000,0.1475,34.6902,0.0000,0.0630,8876.7110,0.0000,1.1148,8876.7109,25,0
15940.0000,1594,2014,2.7000,14,1000,1000,1,7185.9953,0.0000,0.9045,1659.0362,0.0000,0.1474,34.6684,0.0000,0.0629,8879.6999,0.0000,1.1148,8879.7002,25,0
15950.0000,1595,2005,2.7000,5,1000,1000,1,7188.8217,0.0000,0.9044,1657.9961,0.0000,0.1473,34.6467,0.0000,0.0629,8881.4644,0.0000,1.1146,8881.4648,24,0
15960.0000,1596,2004,2.7000,4,1000,1000,1,7195.7652,0.0000,0.9044,1656.9572,0.0000,0.1472,34.6250,0.0000,0.0628,8887.3474,0.0000,1.1145,8887.3477,24,0
15970.0000,1597,2007,2.7000,7,1000,1000,1,7199.3432,0.0000,0.9047,1655.9197,0.0000,0.1472,34.6033,0.0000,0.0628,8889.8661,0.0000,1.1147,8889.8662,25,0
15980.0000,1598,2006,2.7000,6,1000,1000,1,7204.7101,0.0000,0.9048,1667.4802,0.0000,0.1474,34.5816,0.0000,0.0628,8906.7719,0.0000,1.1149,8906.7715,25,0
15990.0000,1599,2007,2.7000,7,1000,1000,1,7207.6392,0.0000,0.9049,1666.4374,0.0000,0.1473,34.5600,0.0000,0.0627,8908.6366,0.0000,1.1149,8908.6367,25,0
16000.0000,1600,2006,2.7000,6,1000,1000,1,7213.9723,0.0000,0.9049,1665.3959,0.0000,0.1472,34.5384,0.0000,0.0627,8913.9065,0.0000,1.1147,8913.9062,25,0
16010.0000,1601,2006,2.7000,6,1000,1000,1,7218.2250,0.0000,0.9049,1664.3556,0.0000,0.1471,34.5168,0.0000,0.0626,8917.0974,0.0000,1.1147,8917.0977,25,0
16020.0000,1602,2001,2.7000,1,1000,1000,1,7222.7283,0.0000,0.9047,1668.7371,0.0000,0.1471,34.4953,0.0000,0.0626,8925.9607,0.0000,1.1144,8925.9609,24,0
16030.0000,1603,1999,2.7000,0,999,1000,1,7223.0713,0.0000,0.9046,1669.2888,0.0000,0.1473,34.4738,0.0000,0.0626,8926.8338,0.0000,1.1145,8926.8340,24,0
16040.0000,1604,1999,2.7000,0,999,1000,1,7229.4730,0.0000,0.9044,1668.8057,0.0000,0.1474,34.4523,0.0000,0.0625,8932.7309,0.0000,1.1144,8932.7305,24,0
16050.0000,1605,2002,2.7000,2,1000,1000,1,7236.5655,0.0000,0.9044,1669.1003,0.0000,0.1474,34.4308,0.0000,0.0625,8940.0966,0.0000,1.1143,8940.0967,24,0
16060.0000,1606,2000,2.7000,1,999,1000,1,7240.7324,0.0000,0.9041,1668.0610,0.0000,0.1473,34.4094,0.0000,0.0625,8943.2028,0.0000,1.1139,8943.2031,24,0
16070.0000,1607,2002,2.7000,2,1000,1000,1,7245.4087,0.0000,0.9040,1670.9874,0.0000,0.1475,34.3879,0.0000,0.0624,8950.7840,0.0000,1.1139,8950.7842,24,0
16080.0000,1608,2001,2.7000,1,1000,1000,1,7249.7614,0.0000,0.9041,1671.7557,0.0000,0.1475,34.3666,0.0000,0.0624,8955.8836,0.0000,1.1139,8955.8838,24,0
16090.0000,1609,2008,2.7000,8,1000,1000,1,7253.9286,0.0000,0.9044,1670.7167,0.0000,0.1474,34.3452,0.0000,0.0623,8958.9905,0.0000,1.1141,8958.9902,25,0
16100.0000,1610,2008,2.7000,8,1000,1000,1,7259.1251,0.0000,0.9044,1669.6789,0.0000,0.1473,34.3239,0.0000,0.0623,8963.1279,0.0000,1.1140,8963.1279,25,0
16110.0000,1611,2010,2.7000,10,1000,1000,1,7263.4992,0.0000,0.9048,1668.6425,0.0000,0.1472,34.3026,0.0000,0.0623,8966.4443,0.0000,1.1142,8966.4443,25,0
16120.0000,1612,2011,2.7000,11,1000,1000,1,7266.5495,0.0000,0.9048,1667.6074,0.0000,0.1471,34.2813,0.0000,0.0622,8968.4382,0.0000,1.1141,8968.4385,25,0
16130.0000,1613,2010,2.7000,10,1000,1000,1,7271.9024,0.0000,0.9048,1666.5735,0.0000,0.1470,34.2600,0.0000,0.0622,8972.7359,0.0000,1.1140,8972.7363,25,0
16140.0000,1614,2012,2.7000,12,1000,1000,1,7277.2555,0.0000,0.9050,1665.5410,0.0000,0.1469,34.2388,0.0000,0.0621,8977.0352,0.0000,1.1140,8977.0352,25,0
16150.0000,1615,2011,2.7000,11,1000,1000,1,7277.9986,0.0000,0.9049,1664.5097,0.0000,0.1468,34.2176,0.0000,0.0621,8976.7259,0.0000,1.1138,8976.7256,25,0
16160.0000,1616,2001,2.7000,1,1000,1000,1,7284.3014,0.0000,0.9046,1663.4796,0.0000,0.1467,34.1964,0.0000,0.0621,8981.9774,0.0000,1.1134,8981.9775,24,0
16170.0000,1617,2005,2.7000,5,1000,1000,1,7290.8803,0.0000,0.9049,1674.3879,0.0000,0.1467,34.1753,0.0000,0.0620,8999.4435,0.0000,1.1136,8999.4434,24,0
16180.0000,1618,2007,2.7000,7,1000,1000,1,7295.1717,0.0000,0.9048,1673.3531,0.0000,0.1466,34.1542,0.0000,0.0620,9002.6789,0.0000,1.1134,9002.6787,25,0
16190.0000,1619,2002,2.7000,2,1000,1000,1,7299.0024,0.0000,0.9047,1672.3195,0.0000,0.1465,34.1331,0.0000,0.0620,9005.4550,0.0000,1.1132,9005.4551,24,0
16200.0000,1620,2000,2.7000,0,1000,1000,1,7303.4434,0.0000,0.9046,1676.4529,0.0000,0.1467,34.1120,0.0000,0.0619,9014.0083,0.0000,1.1132,9014.0078,24,0
16210.0000,1621,2001,2.7000,1,1000,1000,1,7309.0633,0.0000,0.9044,1677.4020,0.0000,0.1470,34.0909,0.0000,0.0619,9020.5562,0.0000,1.1133,9020.5566,24,0
16220.0000,1622,2001,2.7000,1,1000,1000,1,7308.5728,0.0000,0.9044,1676.3678,0.0000,0.1469,34.0699,0.0000,0.0618,9019.0105,0.0000,1.1131,9019.0107,24,0
16230.0000,1623,2000,2.7000,1,999,1000,1,7318.2921,0.0000,0.9041,1677.4280,0.0000,0.1470,34.0489,0.0000,0.0618,9029.7690,0.0000,1.1129,9029.7686,24,0
16240.0000,1624,1997,2.7000,0,997,1000,1,7321.5342,0.0000,0.9039,1678.6502,0.0000,0.1472,34.0280,0.0000,0.0618,9034.2124,0.0000,1.1128,9034.2129,24,0
16250.0000,1625,2000,2.7000,0,1000,1000,1,7325.9828,0.0000,0.9039,1679.0782,0.0000,0.1474,34.0070,0.0000,0.0617,9039.0680,0.0000,1.1130,9039.0684,24,0
16260.0000,1626,1999,2.7000,1,998,1000,1,7331.0043,0.0000,0.9036,1679.5543,0.0000,0.1478,33.9861,0.0000,0.0617,9044.5447,0.0000,1.1130,9044.5449,24,0
16270.0000,1627,2003,2.7000,3,1000,1000,1,7334.6021,0.0000,0.9036,1678.9382,0.0000,0.1478,33.9652,0.0000,0.0616,9047.5056,0.0000,1.1131,9047.5059,24,0
16280.0000,1628,2006,2.7000,6,1000,1000,1,7339.8629,0.0000,0.9037,1677.9069,0.0000,0.1477,33.9444,0.0000,0.0616,9051.7143,0.0000,1.1131,9051.7139,25,0
16290.0000,1629,2010,2.7000,10,1000,1000,1,7344.9523,0.0000,0.9041,1676.8769,0.0000,0.1476,33.9235,0.0000,0.0616,9055.7527,0.0000,1.1133,9055.7529,25,0
16300.0000,1630,2007,2.7000,7,1000,1000,1,7349.7779,0.0000,0.9042,1675.8482,0.0000,0.1475,33.9027,0.0000,0.0615,9059.5288,0.0000,1.1133,9059.5283,25,0
16310.0000,1631,2004,2.7000,4,1000,1000,1,7353.5736,0.0000,0.9040,1674.8207,0.0000,0.1475,33.8819,0.0000,0.0615,9062.2762,0.0000,1.1129,9062.2764,24,0
16320.0000,1632,1998,2.7000,0,998,1000,1,7356.4345,0.0000,0.9038,1681.8247,0.0000,0.1475,33.8612,0.0000,0.0615,9072.1203,0.0000,1.1128,9072.1201,24,0
16330.0000,1633,2004,2.7000,4,1000,1000,1,7362.0926,0.0000,0.9037,1681.5493,0.0000,0.1476,33.8404,0.0000,0.0614,9077.4823,0.0000,1.1128,9077.4824,24,0
16340.0000,1634,2007,2.7000,7,1000,1000,1,7367.5383,0.0000,0.9039,1680.5202,0.0000,0.1476,33.8197,0.0000,0.0614,9081.8782,0.0000,1.1128,9081.8779,25,0
16350.0000,1635,2008,2.7000,8,1000,1000,1,7372.2373,0.0000,0.9039,1679.4923,0.0000,0.1475,33.7990,0.0000,0.0613,9085.5287,0.0000,1.1127,9085.5283,25,0
16360.0000,1636,2007,2.7000,7,1000,1000,1,7376.7982,0.0000,0.9039,1678.4657,0.0000,0.1474,33.7784,0.0000,0.0613,9089.0423,0.0000,1.1125,9089.0420,25,0
16370.0000,1637,2004,2.7000,4,1000,1000,1,7381.4355,0.0000,0.9038,1677.4404,0.0000,0.1473,33.7577,0.0000,0.0613,9092.6337,0.0000,1.1123,9092.6338,24,0
16380.0000,1638,2004,2.7000,4,1000,1000,1,7385.5736,0.0000,0.9037,1676.4163,0.0000,0.1472,33.7371,0.0000,0.0612,9095.7271,0.0000,1.1121,9095.7275,24,0
16390.0000,1639,2000,2.7000,0,1000,1000,1,7389.9770,0.0000,0.9036,1675.3935,0.0000,0.1471,33.7166,0.0000,0.0612,9099.0871,0.0000,1.1119,9099.0869,24,0
16400.0000,1640,2006,2.7000,6,1000,1000,1,7394.7042,0.0000,0.9039,1674.3719,0.0000,0.1470,33.6960,0.0000,0.0612,9102.7721,0.0000,1.1121,9102.7725,25,0
16410.0000,1641,2006,2.7000,6,1000,1000,1,7399.5774,0.0000,0.9039,1673.3516,0.0000,0.1469,33.6755,0.0000,0.0611,9106.6044,0.0000,1.1119,9106.6045,25,0
16420.0000,1642,2005,2.7000,5,1000,1000,1,7400.8036,0.0000,0.9037,1672.3325,0.0000,0.1468,33.6549,0.0000,0.0611,9106.7910,0.0000,1.1116,9106.7910,24,0
16430.0000,1643,2006,2.7000,6,1000,1000,1,7405.9386,0.0000,0.9035,1671.3146,0.0000,0.1467,33.6345,0.0000,0.0610,9110.8877,0.0000,1.1113,9110.8877,25,0
16440.0000,1644,2005,2.7000,5,1000,1000,1,7413.1802,0.0000,0.9038,1670.2980,0.0000,0.1467,33.6140,0.0000,0.0610,9117.0922,0.0000,1.1115,9117.0918,24,0
16450.0000,1645,1999,2.7000,0,999,1000,1,7413.3080,0.0000,0.9034,1669.2826,0.0000,0.1466,33.5936,0.0000,0.0610,9116.1843,0.0000,1.1109,9116.1846,24,0
16460.0000,1646,1999,2.7000,0,999,1000,1,7421.5296,0.0000,0.9034,1688.2041,0.0000,0.1467,33.5732,0.0000,0.0609,9143.3069,0.0000,1.1111,9143.3066,24,0
16470.0000,1647,2003,2.7000,3,1000,1000,1,7425.9446,0.0000,0.9033,1688.0177,0.0000,0.1468,33.5528,0.0000,0.0609,9147.5151,0.0000,1.1110,9147.5146,24,0
16480.0000,1648,1998,2.7000,0,998,1000,1,7429.9087,0.0000,0.9032,1688.8891,0.0000,0.1468,33.5324,0.0000,0.0609,9152.3301,0.0000,1.1109,9152.3301,24,0
16490.0000,1649,2000,2.7000,0,1000,1000,1,7433.9906,0.0000,0.9030,1689.5767,0.0000,0.1469,33.5121,0.0000,0.0608,9157.0793,0.0000,1.1108,9157.0791,24,0
16500.0000,1650,1998,2.7000,0,998,1000,1,7439.1322,0.0000,0.9029,1690.1783,0.0000,0.1472,33.4918,0.0000,0.0608,9162.8023,0.0000,1.1108,9162.8027,24,0
16510.0000,1651,2005,2.7000,5,1000,1000,1,7444.9046,0.0000,0.9029,1689.9533,0.0000,0.1473,33.4715,0.0000,0.0608,9168.3295,0.0000,1.1110,9168.3291,24,0
16520.0000,1652,2004,2.7000,4,1000,1000,1,7449.1984,0.0000,0.9030,1688.9304,0.0000,0.1472,33.4512,0.0000,0.0607,9171.5800,0.0000,1.1109,9171.5801,24,0
16530.0000,1653,2001,2.7000,1,1000,1000,1,7453.3770,0.0000,0.9030,1687.9086,0.0000,0.1471,33.4310,0.0000,0.0607,9174.7167,0.0000,1.1108,9174.7168,24,0
16540.0000,1654,2000,2.7000,0,1000,1000,1,7458.3252,0.0000,0.9032,1686.8881,0.0000,0.1470,33.4108,0.0000,0.0606,9178.6241,0.0000,1.1109,9178.6240,24,0
16550.0000,1655,1996,2.7000,1,995,1000,1,7462.8798,0.0000,0.9031,1692.3617,0.0000,0.1472,33.3906,0.0000,0.0606,9188.6321,0.0000,1.1109,9188.6318,24,0
16560.0000,1656,1995,2.7000,0,995,1000,1,7466.9592,0.0000,0.9028,1692.8199,0.0000,0.1475,33.3704,0.0000,0.0606,9193.1496,0.0000,1.1109,9193.1494,24,0
16570.0000,1657,2001,2.7000,1,1000,1000,1,7472.1427,0.0000,0.9029,1693.3248,0.0000,0.1479,33.3503,0.0000,0.0605,9198.8177,0.0000,1.1113,9198.8174,24,0
16580.0000,1658,2002,2.7000,2,1000,1000,1,7475.1468,0.0000,0.9030,1692.3035,0.0000,0.1478,33.3302,0.0000,0.0605,9200.7804,0.0000,1.1113,9200.7803,24,0
16590.0000,1659,2003,2.7000,3,1000,1000,1,7480.4324,0.0000,0.9031,1694.1674,0.0000,0.1480,33.3101,0.0000,0.0605,9207.9099,0.0000,1.1115,9207.9102,24,0
16600.0000,1660,2001,2.7000,1,1000,1000,1,7485.5317,0.0000,0.9027,1694.7129,0.0000,0.1481,33.2900,0.0000,0.0604,9213.5346,0.0000,1.1113,9213.5342,24,0
16610.0000,1661,2005,2.7000,5,1000,1000,1,7490.1267,0.0000,0.9028,1694.9701,0.0000,0.1483,33.2700,0.0000,0.0604,9218.3667,0.0000,1.1114,9218.3672,24,0
16620.0000,1662,2003,2.7000,3,1000,1000,1,7494.0965,0.0000,0.9028,1693.9502,0.0000,0.1482,33.2500,0.0000,0.0603,9221.2967,0.0000,1.1114,9221.2969,24,0
16630.0000,1663,2004,2.7000,4,1000,1000,1,7498.6230,0.0000,0.9029,1692.9316,0.0000,0.1481,33.2300,0.0000,0.0603,9224.7846,0.0000,1.1114,9224.7842,24,0
16640.0000,1664,2003,2.7000,3,1000,1000,1,7500.5944,0.0000,0.9029,1691.9142,0.0000,0.1480,33.2100,0.0000,0.0603,9225.7186,0.0000,1.1112,9225.7188,24,0
16650.0000,1665,2003,2.7000,3,1000,1000,1,7507.2622,0.0000,0.9030,1696.4111,0.0000,0.1480,33.1900,0.0000,0.0602,9236.8633,0.0000,1.1113,9236.8633,24,0
16660.0000,1666,2003,2.7000,3,1000,1000,1,7512.1240,0.0000,0.9029,1695.3929,0.0000,0.1480,33.1701,0.0000,0.0602,9240.6870,0.0000,1.1111,9240.6875,24,0
16670.0000,1667,2006,2.7000,6,1000,1000,1,7515.9532,0.0000,0.9029,1694.3758,0.0000,0.1479,33.1502,0.0000,0.0602,9243.4792,0.0000,1.1109,9243.4795,25,0
16680.0000,1668,2002,2.7000,2,1000,1000,1,7520.0485,0.0000,0.9028,1693.3600,0.0000,0.1478,33.1304,0.0000,0.0601,9246.5389,0.0000,1.1107,9246.5391,24,0
16690.0000,1669,2005,2.7000,5,1000,1000,1,7526.2698,0.0000,0.9030,1698.2314,0.0000,0.1478,33.1105,0.0000,0.0601,9257.6117,0.0000,1.1109,9257.6113,24,0
16700.0000,1670,2002,2.7000,2,1000,1000,1,7530.4011,0.0000,0.9032,1698.7382,0.0000,0.1478,33.0907,0.0000,0.0601,9262.2300,0.0000,1.1111,9262.2295,24,0
16710.0000,1671,1999,2.7000,0,999,1000,1,7534.9331,0.0000,0.9031,1699.8422,0.0000,0.1481,33.0709,0.0000,0.0600,9267.8462,0.0000,1.1112,9267.8457,24,0
16720.0000,1672,2003,2.7000,3,1000,1000,1,7539.9179,0.0000,0.9032,1699.0842,0.0000,0.1481,33.0511,0.0000,0.0600,9272.0532,0.0000,1.1112,9272.0527,24,0
16730.0000,1673,2004,2.7000,4,1000,1000,1,7543.3668,0.0000,0.9035,1698.0687,0.0000,0.1480,33.0313,0.0000,0.0600,9274.4668,0.0000,1.1114,9274.4668,24,0
16740.0000,1674,1997,2.7000,0,997,1000,1,7546.2874,0.0000,0.9033,1697.0543,0.0000,0.1479,33.0116,0.0000,0.0599,9276.3533,0.0000,1.1112,9276.3535,24,0
16750.0000,1675,2002,2.7000,2,1000,1000,1,7552.5328,0.0000,0.9033,1701.5866,0.0000,0.1484,32.9919,0.0000,0.0599,9287.1114,0.0000,1.1116,9287.1113,24,0
16760.0000,1676,2008,2.7000,8,1000,1000,1,7557.8470,0.0000,0.9034,1700.5714,0.0000,0.1483,32.9722,0.0000,0.0598,9291.3906,0.0000,1.1115,9291.3906,25,0
16770.0000,1677,2018,2.7000,18,1000,1000,1,7562.1531,0.0000,0.9037,1699.5573,0.0000,0.1482,32.9525,0.0000,0.0598,9294.6630,0.0000,1.1117,9294.6631,25,0
16780.0000,1678,2016,2.7000,16,1000,1000,1,7566.8586,0.0000,0.9035,1698.5445,0.0000,0.1481,32.9329,0.0000,0.0598,9298.3360,0.0000,1.1114,9298.3359,25,0
16790.0000,1679,2012,2.7000,12,1000,1000,1,7571.5885,0.0000,0.9035,1697.5328,0.0000,0.1480,32.9133,0.0000,0.0597,9302.0346,0.0000,1.1112,9302.0342,25,0
16800.0000,1680,2007,2.7000,7,1000,1000,1,7572.9976,0.0000,0.9033,1696.5224,0.0000,0.1479,32.8937,0.0000,0.0597,9302.4137,0.0000,1.1110,9302.4141,25,0
16810.0000,1681,2000,2.7000,0,1000,1000,1,7578.6675,0.0000,0.9032,1703.8434,0.0000,0.1479,32.8741,0.0000,0.0597,9315.3851,0.0000,1.1107,9315.3848,24,0
16820.0000,1682,2000,2.7000,0,1000,1000,1,7583.9948,0.0000,0.9033,1703.7723,0.0000,0.1479,32.8546,0.0000,0.0596,9320.6217,0.0000,1.1109,9320.6221,24,0
16830.0000,1683,1999,2.7000,0,999,1000,1,7588.3997,0.0000,0.9032,1704.9090,0.0000,0.1480,32.8351,0.0000,0.0596,9326.1437,0.0000,1.1108,9326.1436,24,0
16840.0000,1684,1998,2.7000,1,997,1000,1,7593.2523,0.0000,0.9030,1705.8963,0.0000,0.1481,32.8156,0.0000,0.0596,9331.9642,0.0000,1.1107,9331.9639,24,0
16850.0000,1685,1997,2.7000,0,997,1000,1,7597.5811,0.0000,0.9030,1706.3127,0.0000,0.1487,32.7961,0.0000,0.0595,9336.6900,0.0000,1.1112,9336.6904,24,0
16860.0000,1686,2003,2.7000,3,1000,1000,1,7602.8643,0.0000,0.9031,1705.6109,0.0000,0.1488,32.7766,0.0000,0.0595,9341.2518,0.0000,1.1114,9341.2520,24,0
16870.0000,1687,2002,2.7000,3,999,1000,1,7607.2955,0.0000,0.9030,1707.1793,0.0000,0.1488,32.7572,0.0000,0.0595,9347.2320,0.0000,1.1113,9347.2324,24,0
16880.0000,1688,2004,2.7000,4,1000,1000,1,7612.3756,0.0000,0.9031,1706.3232,0.0000,0.1488,32.7378,0.0000,0.0594,9351.4366,0.0000,1.1114,9351.4365,24,0
16890.0000,1689,2001,2.7000,1,1000,1000,1,7615.6197,0.0000,0.9030,1705.3129,0.0000,0.1487,32.7184,0.0000,0.0594,9353.6510,0.0000,1.1111,9353.6514,24,0
16900.0000,1690,2000,2.7000,0,1000,1000,1,7620.9068,0.0000,0.9031,1708.4220,0.0000,0.1488,32.6991,0.0000,0.0593,9362.0279,0.0000,1.1112,9362.0283,24,0
16910.0000,1691,2001,2.7000,3,998,1000,1,7625.6745,0.0000,0.9029,1708.7875,0.0000,0.1488,32.6797,0.0000,0.0593,9367.1417,0.0000,1.1111,9367.1416,24,0
16920.0000,1692,2007,2.7000,7,1000,1000,1,7628.9230,0.0000,0.9030,1708.3467,0.0000,0.1489,32.6604,0.0000,0.0593,9369.9301,0.0000,1.1112,9369.9297,25,0
16930.0000,1693,2005,2.7000,5,1000,1000,1,7634.1572,0.0000,0.9029,1707.3376,0.0000,0.1488,32.6411,0.0000,0.0592,9374.1359,0.0000,1.1109,9374.1357,24,0
16940.0000,1694,1997,2.7000,3,994,1000,1,7639.3082,0.0000,0.9030,1706.3297,0.0000,0.1487,32.6219,0.0000,0.0592,9378.2598,0.0000,1.1109,9378.2598,24,0
16950.0000,1695,1997,2.7000,0,997,1000,1,7641.4939,0.0000,0.9026,1710.8962,0.0000,0.1490,32.6026,0.0000,0.0592,9384.9927,0.0000,1.1108,9384.9932,24,0
16960.0000,1696,2000,2.7000,3,997,1000,1,7648.4863,0.0000,0.9026,1711.4598,0.0000,0.1492,32.5834,0.0000,0.0591,9392.5294,0.0000,1.1109,9392.5293,24,0
16970.0000,1697,2003,2.7000,3,1000,1000,1,7651.5873,0.0000,0.9023,1710.8367,0.0000,0.1493,32.5642,0.0000,0.0591,9394.9881,0.0000,1.1107,9394.9883,24,0
16980.0000,1698,2005,2.7000,5,1000,1000,1,7657.0903,0.0000,0.9025,1709.8291,0.0000,0.1492,32.5450,0.0000,0.0591,9399.4644,0.0000,1.1107,9399.4648,24,0
16990.0000,1699,2009,2.7000,9,1000,1000,1,7661.9921,0.0000,0.9028,1708.8227,0.0000,0.1491,32.5259,0.0000,0.0590,9403.3407,0.0000,1.1109,9403.3408,25,0
17000.0000,1700,2014,2.7000,14,1000,1000,1,7665.0490,0.0000,0.9028,1707.8175,0.0000,0.1490,32.5067,0.0000,0.0590,9405.3733,0.0000,1.1108,9405.3730,25,0
17010.0000,1701,2012,2.7000,12,1000,1000,1,7670.8242,0.0000,0.9026,1706.8135,0.0000,0.1489,32.4876,0.0000,0.0590,9410.1254,0.0000,1.1105,9410.1250,25,0
17020.0000,1702,2011,2.7000,11,1000,1000,1,7674.6036,0.0000,0.9028,1705.8107,0.0000,0.1488,32.4685,0.0000,0.0589,9412.8828,0.0000,1.1105,9412.8828,25,0
17030.0000,1703,2007,2.7000,7,1000,1000,1,7679.2384,0.0000,0.9025,1704.8090,0.0000,0.1487,32.4495,0.0000,0.0589,9416.4969,0.0000,1.1102,9416.4971,25,0
17040.0000,1704,2000,2.7000,0,1000,1000,1,7682.5135,0.0000,0.9022,1714.8375,0.0000,0.1487,32.4304,0.0000,0.0589,9429.7814,0.0000,1.1098,9429.7812,24,0
17050.0000,1705,2004,2.7000,4,1000,1000,1,7688.6525,0.0000,0.9022,1715.6843,0.0000,0.1489,32.4114,0.0000,0.0588,9436.7483,0.0000,1.1099,9436.7480,24,0
17060.0000,1706,1998,2.7000,0,998,1000,1,7690.9346,0.0000,0.9019,1716.3814,0.0000,0.1488,32.3924,0.0000,0.0588,9439.7084,0.0000,1.1095,9439.7080,24,0
17070.0000,1707,2002,2.7000,2,1000,1000,1,7696.4281,0.0000,0.9018,1716.7898,0.0000,0.1491,32.3734,0.0000,0.0588,9445.5914,0.0000,1.1097,9445.5918,24,0
17080.0000,1708,2002,2.7000,2,1000,1000,1,7701.1639,0.0000,0.9019,1715.7847,0.0000,0.1490,32.3545,0.0000,0.0587,9449.3031,0.0000,1.1097,9449.3027,24,0
17090.0000,1709,2005,2.7000,5,1000,1000,1,7707.1208,0.0000,0.9019,1714.7807,0.0000,0.1489,32.3355,0.0000,0.0587,9454.2371,0.0000,1.1095,9454.2373,24,0
17100.0000,1710,2002,2.7000,2,1000,1000,1,7710.6775,0.0000,0.9019,1713.7779,0.0000,0.1488,32.3166,0.0000,0.0587,9456.7721,0.0000,1.1094,9456.7725,24,0
17110.0000,1711,1998,2.7000,0,998,1000,1,7714.2888,0.0000,0.9016,1718.6240,0.0000,0.1489,32.2977,0.0000,0.0586,9465.2105,0.0000,1.1091,9465.2109,24,0
17120.0000,1712,2002,2.7000,3,999,1000,1,7719.7310,0.0000,0.9015,1719.2752,0.0000,0.1491,32.2789,0.0000,0.0586,9471.2850,0.0000,1.1091,9471.2852,24,0
17130.0000,1713,2011,2.7000,11,1000,1000,1,7724.3541,0.0000,0.9016,1718.3961,0.0000,0.1490,32.2600,0.0000,0.0586,9475.0101,0.0000,1.1092,9475.0098,25,0
17140.0000,1714,2009,2.7000,9,1000,1000,1,7728.4427,0.0000,0.9014,1717.3935,0.0000,0.1489,32.2412,0.0000,0.0585,9478.0773,0.0000,1.1089,9478.0771,25,0
17150.0000,1715,2016,2.7000,16,1000,1000,1,7733.3341,0.0000,0.9017,1716.3921,0.0000,0.1489,32.2224,0.0000,0.0585,9481.9486,0.0000,1.1091,9481.9482,25,0
17160.0000,1716,2015,2.7000,15,1000,1000,1,7738.4793,0.0000,0.9018,1715.3919,0.0000,0.1488,32.2036,0.0000,0.0584,9486.0748,0.0000,1.1090,9486.0752,25,0
17170.0000,1717,2023,2.7000,23,1000,1000,1,7742.8880,0.0000,0.9021,1714.3928,0.0000,0.1487,32.1849,0.0000,0.0584,9489.4657,0.0000,1.1092,9489.4658,26,0
17180.0000,1718,2018,2.7000,18,1000,1000,1,7747.3319,0.0000,0.9021,1713.3949,0.0000,0.1486,32.1661,0.0000,0.0584,9492.8930,0.0000,1.1091,9492.8926,25,0
17190.0000,1719,2014,2.7000,14,1000,1000,1,7751.2034,0.0000,0.9020,1712.3982,0.0000,0.1485,32.1474,0.0000,0.0583,9495.7489,0.0000,1.1089,9495.7490,25,0
17200.0000,1720,2011,2.7000,11,1000,1000,1,7755.8516,0.0000,0.9019,1711.4026,0.0000,0.1484,32.1287,0.0000,0.0583,9499.3829,0.0000,1.1087,9499.3828,25,0
17210.0000,1721,2006,2.7000,6,1000,1000,1,7757.7622,0.0000,0.9017,1710.4082,0.0000,0.1483,32.1101,0.0000,0.0583,9500.2804,0.0000,1.1084,9500.2803,25,0
17220.0000,1722,2003,2.7000,3,1000,1000,1,7765.8032,0.0000,0.9017,1709.4149,0.0000,0.1483,32.0914,0.0000,0.0582,9507.3095,0.0000,1.1082,9507.3096,24,0
17230.0000,1723,2005,2.7000,5,1000,1000,1,7770.1727,0.0000,0.9020,1708.4228,0.0000,0.1482,32.0728,0.0000,0.0582,9510.6683,0.0000,1.1084,9510.6680,24,0
17240.0000,1724,2009,2.7000,9,1000,1000,1,7773.8645,0.0000,0.9021,1707.4318,0.0000,0.1481,32.0542,0.0000,0.0582,9513.3505,0.0000,1.1084,9513.3506,25,0
17250.0000,1725,2002,2.7000,2,1000,1000,1,7778.0044,0.0000,0.9021,1706.4420,0.0000,0.1480,32.0356,0.0000,0.0581,9516.4820,0.0000,1.1083,9516.4824,24,0
17260.0000,1726,1998,2.7000,0,998,1000,1,7781.7945,0.0000,0.9019,1725.9118,0.0000,0.1481,32.0170,0.0000,0.0581,9539.7233,0.0000,1.1081,9539.7236,24,0
17270.0000,1727,2003,2.7000,3,1000,1000,1,7788.1717,0.0000,0.9021,1725.9392,0.0000,0.1482,31.9985,0.0000,0.0581,9546.1094,0.0000,1.1083,9546.1094,24,0
17280.0000,1728,2003,2.7000,3,1000,1000,1,7792.6361,0.0000,0.9021,1726.9852,0.0000,0.1483,31.9800,0.0000,0.0580,9551.6013,0.0000,1.1084,9551.6016,24,0
17290.0000,1729,1999,2.7000,2,997,1000,1,7796.8896,0.0000,0.9019,1727.3980,0.0000,0.1484,31.9615,0.0000,0.0580,9556.2491,0.0000,1.1083,9556.2490,24,0
17300.0000,1730,2001,2.7000,1,1000,1000,1,7801.8661,0.0000,0.9016,1727.3902,0.0000,0.1484,31.9430,0.0000,0.0580,9561.1993,0.0000,1.1080,9561.1992,24,0
17310.0000,1731,1997,2.7000,0,997,1000,1,7803.7851,0.0000,0.9014,1728.4251,0.0000,0.1486,31.9246,0.0000,0.0579,9564.1348,0.0000,1.1079,9564.1348,24,0
17320.0000,1732,1995,2.7000,0,995,1000,1,7808.2392,0.0000,0.9013,1728.5820,0.0000,0.1487,31.9061,0.0000,0.0579,9568.7273,0.0000,1.1079,9568.7275,24,0
17330.0000,1733,2002,2.7000,2,1000,1000,1,7814.1381,0.0000,0.9010,1729.3396,0.0000,0.1490,31.8877,0.0000,0.0579,9575.3654,0.0000,1.1080,9575.3652,24,0
17340.0000,1734,1996,2.7000,0,996,1000,1,7818.9724,0.0000,0.9010,1729.9950,0.0000,0.1490,31.8693,0.0000,0.0578,9580.8367,0.0000,1.1078,9580.8369,24,0
17350.0000,1735,1998,2.7000,2,996,1000,1,7823.5108,0.0000,0.9008,1730.4898,0.0000,0.1495,31.8510,0.0000,0.0578,9585.8516,0.0000,1.1081,9585.8516,24,0
17360.0000,1736,2002,2.7000,2,1000,1000,1,7827.9274,0.0000,0.9007,1730.7821,0.0000,0.1500,31.8326,0.0000,0.0578,9590.5422,0.0000,1.1085,9590.5420,24,0
17370.0000,1737,2002,2.7000,2,1000,1000,1,7832.7962,0.0000,0.9007,1729.7857,0.0000,0.1499,31.8143,0.0000,0.0577,9594.3962,0.0000,1.1083,9594.3965,24,0
17380.0000,1738,2011,2.7000,11,1000,1000,1,7837.5593,0.0000,0.9011,1728.7904,0.0000,0.1498,31.7960,0.0000,0.0577,9598.1457,0.0000,1.1086,9598.1455,25,0
17390.0000,1739,2005,2.7000,5,1000,1000,1,7840.7015,0.0000,0.9008,1727.7963,0.0000,0.1497,31.7777,0.0000,0.0577,9600.2755,0.0000,1.1082,9600.2754,24,0
17400.0000,1740,2009,2.7000,9,1000,1000,1,7846.7309,0.0000,0.9007,1726.8033,0.0000,0.1497,31.7594,0.0000,0.0576,9605.2936,0.0000,1.1080,9605.2939,25,0
17410.0000,1741,2009,2.7000,9,1000,1000,1,7850.6157,0.0000,0.9008,1725.8115,0.0000,0.1496,31.7412,0.0000,0.0576,9608.1684,0.0000,1.1080,9608.1680,25,0
17420.0000,1742,2001,2.7000,1,1000,1000,1,7854.5546,0.0000,0.9005,1724.8208,0.0000,0.1495,31.7230,0.0000,0.0576,9611.0984,0.0000,1.1076,9611.0986,24,0
17430.0000,1743,2007,2.7000,7,1000,1000,1,7859.2953,0.0000,0.9007,1723.8312,0.0000,0.1494,31.7048,0.0000,0.0575,9614.8312,0.0000,1.1077,9614.8311,25,0
17440.0000,1744,2009,2.7000,9,1000,1000,1,7864.5694,0.0000,0.9008,1722.8428,0.0000,0.1493,31.6866,0.0000,0.0575,9619.0988,0.0000,1.1076,9619.0986,25,0
17450.0000,1745,2008,2.7000,8,1000,1000,1,7869.0380,0.0000,0.9007,1721.8555,0.0000,0.1492,31.6684,0.0000,0.0575,9622.5619,0.0000,1.1074,9622.5615,25,0
17460.0000,1746,2006,2.7000,6,1000,1000,1,7871.3962,0.0000,0.9006,1720.8693,0.0000,0.1491,31.6503,0.0000,0.0574,9623.9158,0.0000,1.1072,9623.9160,25,0
17470.0000,1747,2005,2.7000,5,1000,1000,1,7878.3187,0.0000,0.9006,1719.8842,0.0000,0.1491,31.6322,0.0000,0.0574,9629.8351,0.0000,1.1071,9629.8350,24,0
17480.0000,1748,1998,2.7000,0,998,1000,1,7881.6449,0.0000,0.9005,1736.9801,0.0000,0.1491,31.6141,0.0000,0.0574,9650.2390,0.0000,1.1070,9650.2393,24,0
17490.0000,1749,2005,2.7000,5,1000,1000,1,7887.1448,0.0000,0.9005,1736.7463,0.0000,0.1493,31.5960,0.0000,0.0573,9655.4871,0.0000,1.1071,9655.4873,24,0
17500.0000,1750,1996,2.7000,0,996,1000,1,7887.0471,0.0000,0.9003,1737.8890,0.0000,0.1494,31.5780,0.0000,0.0573,9656.5140,0.0000,1.1070,9656.5137,24,0
17510.0000,1751,1997,2.7000,0,997,1000,1,7894.7617,0.0000,0.9001,1738.4812,0.0000,0.1499,31.5599,0.0000,0.0573,9664.8028,0.0000,1.1073,9664.8027,24,0
17520.0000,1752,1995,2.7000,3,992,1000,1,7899.8676,0.0000,0.8999,1738.8228,0.0000,0.1501,31.5419,0.0000,0.0572,9670.2322,0.0000,1.1072,9670.2324,24,0
17530.0000,1753,1994,2.7000,0,994,1000,1,7903.9645,0.0000,0.8997,1738.4584,0.0000,0.1503,31.5239,0.0000,0.0572,9673.9468,0.0000,1.1072,9673.9473,24,0
17540.0000,1754,1999,2.7000,0,999,1000,1,7909.3727,0.0000,0.8995,1739.3373,0.0000,0.1506,31.5059,0.0000,0.0572,9680.2160,0.0000,1.1073,9680.2158,24,0
17550.0000,1755,2004,2.7000,4,1000,1000,1,7914.1913,0.0000,0.8994,1740.4396,0.0000,0.1510,31.4880,0.0000,0.0572,9686.1188,0.0000,1.1076,9686.1191,24,0
17560.0000,1756,2003,2.7000,3,1000,1000,1,7918.1403,0.0000,0.8994,1740.2202,0.0000,0.1510,31.4701,0.0000,0.0571,9689.8306,0.0000,1.1075,9689.8311,24,0
17570.0000,1757,2001,2.7000,1,1000,1000,1,7922.8689,0.0000,0.8994,1741.5368,0.0000,0.1509,31.4521,0.0000,0.0571,9695.8578,0.0000,1.1074,9695.8574,24,0
17580.0000,1758,2003,2.7000,3,1000,1000,1,7926.4046,0.0000,0.8995,1740.5462,0.0000,0.1509,31.4343,0.0000,0.0571,9698.3850,0.0000,1.1074,9698.3848,24,0
17590.0000,1759,1999,2.7000,0,999,1000,1,7931.5768,0.0000,0.8994,1742.3411,0.0000,0.1509,31.4164,0.0000,0.0570,9705.3342,0.0000,1.1073,9705.3340,24,0
17600.0000,1760,2003,2.7000,3,1000,1000,1,7935.2113,0.0000,0.8995,1742.9168,0.0000,0.1510,31.3985,0.0000,0.0570,9709.5267,0.0000,1.1075,9709.5264,24,0
17610.0000,1761,2001,2.7000,1,1000,1000,1,7941.1010,0.0000,0.8993,1743.6336,0.0000,0.1511,31.3807,0.0000,0.0570,9716.1153,0.0000,1.1073,9716.1152,24,0
17620.0000,1762,2005,2.7000,5,1000,1000,1,7945.7042,0.0000,0.8995,1743.1866,0.0000,0.1511,31.3629,0.0000,0.0569,9720.2536,0.0000,1.1075,9720.2539,24,0
17630.0000,1763,2005,2.7000,5,1000,1000,1,7948.7743,0.0000,0.8994,1742.1978,0.0000,0.1510,31.3451,0.0000,0.0569,9722.3172,0.0000,1.1073,9722.3174,24,0
17640.0000,1764,2003,2.7000,3,1000,1000,1,7953.9385,0.0000,0.8993,1741.2102,0.0000,0.1509,31.3273,0.0000,0.0569,9726.4760,0.0000,1.1070,9726.4756,24,0
17650.0000,1765,1999,2.7000,0,999,1000,1,7957.3955,0.0000,0.8991,1745.7200,0.0000,0.1510,31.3096,0.0000,0.0568,9734.4251,0.0000,1.1070,9734.4248,24,0
17660.0000,1766,2002,2.7000,2,1000,1000,1,7962.4734,0.0000,0.8993,1744.9167,0.0000,0.1510,31.2919,0.0000,0.0568,9738.6820,0.0000,1.1071,9738.6816,24,0
17670.0000,1767,2007,2.7000,7,1000,1000,1,7966.2190,0.0000,0.8994,1743.9292,0.0000,0.1509,31.2742,0.0000,0.0568,9741.4223,0.0000,1.1071,9741.4219,25,0
17680.0000,1768,2002,2.7000,2,1000,1000,1,7970.0771,0.0000,0.8992,1742.9429,0.0000,0.1508,31.2565,0.0000,0.0567,9744.2764,0.0000,1.1068,9744.2764,24,0
17690.0000,1769,2002,2.7000,2,1000,1000,1,7975.3427,0.0000,0.8993,1747.6802,0.0000,0.1509,31.2388,0.0000,0.0567,9754.2618,0.0000,1.1070,9754.2617,24,0
17700.0000,1770,2000,2.7000,0,1000,1000,1,7980.0547,0.0000,0.8994,1747.9929,0.0000,0.1510,31.2211,0.0000,0.0567,9759.2688,0.0000,1.1070,9759.2686,24,0
17710.0000,1771,2002,2.7000,3,999,1000,1,7984.8871,0.0000,0.8993,1748.7419,0.0000,0.1513,31.2035,0.0000,0.0566,9764.8325,0.0000,1.1072,9764.8320,24,0
17720.0000,1772,2006,2.7000,6,1000,1000,1,7989.7113,0.0000,0.8992,1747.8934,0.0000,0.1512,31.1859,0.0000,0.0566,9768.7906,0.0000,1.1070,9768.7910,25,0
17730.0000,1773,2007,2.7000,7,1000,1000,1,7994.7250,0.0000,0.8993,1746.9075,0.0000,0.1512,31.1683,0.0000,0.0566,9772.8009,0.0000,1.1070,9772.8008,25,0
17740.0000,1774,2008,2.7000,8,1000,1000,1,7999.3449,0.0000,0.8994,1745.9228,0.0000,0.1511,31.1507,0.0000,0.0565,9776.4184,0.0000,1.1070,9776.4180,25,0
17750.0000,1775,2003,2.7000,3,1000,1000,1,8003.2850,0.0000,0.8992,1744.9392,0.0000,0.1510,31.1332,0.0000,0.0565,9779.3574,0.0000,1.1067,9779.3574,24,0
17760.0000,1776,2005,2.7000,5,1000,1000,1,8005.9510,0.0000,0.8994,1743.9567,0.0000,0.1509,31.1157,0.0000,0.0565,9781.0233,0.0000,1.1068,9781.0234,24,0
17770.0000,1777,2004,2.7000,4,1000,1000,1,8011.2901,0.0000,0.8993,1742.9753,0.0000,0.1508,31.0982,0.0000,0.0564,9785.3635,0.0000,1.1065,9785.3633,24,0
17780.0000,1778,2012,2.7000,12,1000,1000,1,8015.7258,0.0000,0.8995,1741.9950,0.0000,0.1507,31.0807,0.0000,0.0564,9788.8014,0.0000,1.1066,9788.8018,25,0
17790.0000,1779,2011,2.7000,11,1000,1000,1,8021.7632,0.0000,0.8994,1741.0158,0.0000,0.1506,31.0632,0.0000,0.0564,9793.8422,0.0000,1.1065,9793.8418,25,0
17800.0000,1780,2010,2.7000,10,1000,1000,1,8023.6788,0.0000,0.8993,1740.0377,0.0000,0.1506,31.0457,0.0000,0.0563,9794.7623,0.0000,1.1062,9794.7627,25,0
17810.0000,1781,2010,2.7000,10,1000,1000,1,8030.5115,0.0000,0.8992,1739.0607,0.0000,0.1505,31.0283,0.0000,0.0563,9800.6005,0.0000,1.1060,9800.6006,25,0
17820.0000,1782,2009,2.7000,9,1000,1000,1,8033.8253,0.0000,0.8991,1738.0848,0.0000,0.1504,31.0109,0.0000,0.0563,9802.9210,0.0000,1.1058,9802.9209,25,0
17830.0000,1783,2012,2.7000,12,1000,1000,1,8037.0633,0.0000,0.8990,1737.1100,0.0000,0.1503,30.9935,0.0000,0.0563,9805.1668,0.0000,1.1056,9805.1670,25,0
17840.0000,1784,2012,2.7000,12,1000,1000,1,8044.1335,0.0000,0.8989,1736.1362,0.0000,0.1502,30.9761,0.0000,0.0562,9811.2459,0.0000,1.1053,9811.2461,25,0
17850.0000,1785,2010,2.7000,10,1000,1000,1,8047.5969,0.0000,0.8990,1735.1636,0.0000,0.1501,30.9588,0.0000,0.0562,9813.7193,0.0000,1.1053,9813.7197,25,0
17860.0000,1786,2012,2.7000,12,1000,1000,1,8051.7474,0.0000,0.8990,1734.1921,0.0000,0.1501,30.9414,0.0000,0.0562,9816.8809,0.0000,1.1052,9816.8809,25,0
17870.0000,1787,2021,2.7000,21,1000,1000,1,8057.0649,0.0000,0.8991,1733.2216,0.0000,0.1500,30.9241,0.0000,0.0561,9821.2107,0.0000,1.1052,9821.2109,26,0
17880.0000,1788,2022,2.7000,22,1000,1000,1,8061.6068,0.0000,0.8990,1732.2523,0.0000,0.1499,30.9068,0.0000,0.0561,9824.7659,0.0000,1.1050,9824.7656,26,0
17890.0000,1789,2027,2.7000,27,1000,1000,1,8065.0061,0.0000,0.8992,1731.2840,0.0000,0.1498,30.8896,0.0000,0.0561,9827.1796,0.0000,1.1051,9827.1797,26,0
17900.0000,1790,2020,2.7000,20,1000,1000,1,8070.6646,0.0000,0.8991,1730.3168,0.0000,0.1497,30.8723,0.0000,0.0560,9831.8537,0.0000,1.1048,9831.8535,25,0
17910.0000,1791,2021,2.7000,21,1000,1000,1,8075.7065,0.0000,0.8992,1729.3507,0.0000,0.1496,30.8551,0.0000,0.0560,9835.9123,0.0000,1.1048,9835.9121,26,0
17920.0000,1792,2018,2.7000,18,1000,1000,1,8079.5059,0.0000,0.8989,1728.3856,0.0000,0.1496,30.8378,0.0000,0.0560,9838.7294,0.0000,1.1045,9838.7295,25,0
17930.0000,1793,2018,2.7000,18,1000,1000,1,8083.1339,0.0000,0.8989,1727.4217,0.0000,0.1495,30.8207,0.0000,0.0559,9841.3763,0.0000,1.1043,9841.3760,25,0
17940.0000,1794,2014,2.7000,14,1000,1000,1,8088.2246,0.0000,0.8988,1726.4588,0.0000,0.1494,30.8035,0.0000,0.0559,9845.4868,0.0000,1.1041,9845.4873,25,0
17950.0000,1795,2005,2.7000,5,1000,1000,1,8092.4125,0.0000,0.8988,1725.4970,0.0000,0.1493,30.7863,0.0000,0.0559,9848.6958,0.0000,1.1040,9848.6953,24,0
17960.0000,1796,2004,2.7000,4,1000,1000,1,8097.9554,0.0000,0.8990,1724.5362,0.0000,0.1492,30.7692,0.0000,0.0558,9853.2608,0.0000,1.1041,9853.2607,24,0
17970.0000,1797,2008,2.7000,8,1000,1000,1,8101.7983,0.0000,0.8992,1723.5765,0.0000,0.1491,30.7520,0.0000,0.0558,9856.1269,0.0000,1.1041,9856.1270,25,0
17980.0000,1798,2004,2.7000,4,1000,1000,1,8105.5818,0.0000,0.8992,1722.6179,0.0000,0.1491,30.7349,0.0000,0.0558,9858.9347,0.0000,1.1040,9858.9346,24,0
17990.0000,1799,1999,2.7000,0,999,1000,1,8109.1615,0.0000,0.8991,1721.6604,0.0000,0.1490,30.7179,0.0000,0.0558,9861.5398,0.0000,1.1038,9861.5400,24,0
18000.0000,1800,2001,2.7000,1,1000,1000,1,8115.0407,0.0000,0.8989,1763.4064,0.0000,0.1492,30.7008,0.0000,0.0557,9909.1478,0.0000,1.1038,9909.1475,24,0
18010.0000,1801,2000,2.7000,0,1000,1000,1,8119.2676,0.0000,0.8990,1764.0858,0.0000,0.1494,30.6837,0.0000,0.0557,9914.0372,0.0000,1.1041,9914.0371,24,0
18020.0000,1802,1996,2.7000,0,996,1000,1,8122.8291,0.0000,0.8987,1764.8035,0.0000,0.1498,30.6667,0.0000,0.0557,9918.2994,0.0000,1.1042,9918.2998,24,0
18030.0000,1803,2001,2.7000,3,998,1000,1,8127.6131,0.0000,0.8988,1765.2692,0.0000,0.1501,30.6497,0.0000,0.0556,9923.5319,0.0000,1.1046,9923.5322,24,0
18040.0000,1804,2001,2.7000,1,1000,1000,1,8133.8174,0.0000,0.8988,1764.7199,0.0000,0.1502,30.6327,0.0000,0.0556,9929.1700,0.0000,1.1045,9929.1699,24,0
18050.0000,1805,2002,2.7000,2,1000,1000,1,8135.7933,0.0000,0.8987,1763.7422,0.0000,0.1501,30.6157,0.0000,0.0556,9930.1512,0.0000,1.1044,9930.1514,24,0
18060.0000,1806,2000,2.7000,1,999,1000,1,8142.8126,0.0000,0.8988,1762.7656,0.0000,0.1500,30.5988,0.0000,0.0555,9936.1770,0.0000,1.1043,9936.1768,24,0
18070.0000,1807,2001,2.7000,2,999,1000,1,8145.9215,0.0000,0.8987,1767.1946,0.0000,0.1501,30.5819,0.0000,0.0555,9943.6979,0.0000,1.1043,9943.6982,24,0
18080.0000,1808,2000,2.7000,0,1000,1000,1,8151.2429,0.0000,0.8985,1767.7765,0.0000,0.1503,30.5649,0.0000,0.0555,9949.5843,0.0000,1.1043,9949.5840,24,0
18090.0000,1809,2001,2.7000,1,1000,1000,1,8155.9158,0.0000,0.8986,1766.7993,0.0000,0.1502,30.5481,0.0000,0.0554,9953.2631,0.0000,1.1042,9953.2627,24,0
18100.0000,1810,1996,2.7000,0,996,1000,1,8159.8002,0.0000,0.8984,1768.9861,0.0000,0.1504,30.5312,0.0000,0.0554,9959.3175,0.0000,1.1042,9959.3174,24,0
18110.0000,1811,1990,2.7000,0,990,1000,1,8163.0402,0.0000,0.8980,1769.4186,0.0000,0.1506,30.5143,0.0000,0.0554,9962.9731,0.0000,1.1040,9962.9727,24,0
18120.0000,1812,2000,2.7000,2,998,1000,1,8168.3389,0.0000,0.8978,1770.0626,0.0000,0.1512,30.4975,0.0000,0.0554,9968.8990,0.0000,1.1043,9968.8994,24,0
18130.0000,1813,2010,2.7000,10,1000,1000,1,8173.9360,0.0000,0.8981,1769.4742,0.0000,0.1512,30.4807,0.0000,0.0553,9973.8909,0.0000,1.1046,9973.8906,25,0
18140.0000,1814,2014,2.7000,14,1000,1000,1,8178.6235,0.0000,0.8982,1768.4988,0.0000,0.1511,30.4639,0.0000,0.0553,9977.5862,0.0000,1.1046,9977.5859,25,0
18150.0000,1815,2014,2.7000,14,1000,1000,1,8182.7428,0.0000,0.8982,1767.5244,0.0000,0.1510,30.4471,0.0000,0.0553,9980.7143,0.0000,1.1045,9980.7139,25,0
18160.0000,1816,2006,2.7000,6,1000,1000,1,8185.3175,0.0000,0.8979,1766.5511,0.0000,0.1509,30.4303,0.0000,0.0552,9982.2988,0.0000,1.1041,9982.2988,25,0
18170.0000,1817,2006,2.7000,6,1000,1000,1,8192.0673,0.0000,0.8980,1765.5789,0.0000,0.1509,30.4136,0.0000,0.0552,9988.0597,0.0000,1.1040,9988.0596,25,0
18180.0000,1818,2007,2.7000,7,1000,1000,1,8196.0448,0.0000,0.8981,1764.6077,0.0000,0.1508,30.3968,0.0000,0.0552,9991.0493,0.0000,1.1040,9991.0488,25,0
18190.0000,1819,2007,2.7000,7,1000,1000,1,8200.2619,0.0000,0.8982,1763.6376,0.0000,0.1507,30.3801,0.0000,0.0551,9994.2796,0.0000,1.1040,9994.2793,25,0
18200.0000,1820,2010,2.7000,10,1000,1000,1,8205.4557,0.0000,0.8982,1762.6686,0.0000,0.1506,30.3634,0.0000,0.0551,9998.4876,0.0000,1.1039,9998.4873,25,0
18210.0000,1821,2006,2.7000,6,1000,1000,1,8209.7006,0.0000,0.8980,1761.7006,0.0000,0.1505,30.3467,0.0000,0.0551,10001.7479,0.0000,1.1036,10001.7480,25,0
18220.0000,1822,2006,2.7000,6,1000,1000,1,8214.3726,0.0000,0.8979,1760.7337,0.0000,0.1504,30.3301,0.0000,0.0550,10005.4364,0.0000,1.1034,10005.4365,25,0
18230.0000,1823,2008,2.7000,8,1000,1000,1,8218.5891,0.0000,0.8980,1759.7678,0.0000,0.1504,30.3135,0.0000,0.0550,10008.6704,0.0000,1.1033,10008.6699,25,0
18240.0000,1824,2004,2.7000,4,1000,1000,1,8221.6473,0.0000,0.8978,1758.8031,0.0000,0.1503,30.2968,0.0000,0.0550,10010.7472,0.0000,1.1031,10010.7471,24,0
18250.0000,1825,2002,2.7000,2,1000,1000,1,8227.4966,0.0000,0.8976,1757.8393,0.0000,0.1502,30.2802,0.0000,0.0550,10015.6161,0.0000,1.1028,10015.6162,24,0
18260.0000,1826,2001,2.7000,1,1000,1000,1,8230.7713,0.0000,0.8976,1776.7644,0.0000,0.1502,30.2637,0.0000,0.0549,10037.7994,0.0000,1.1028,10037.7998,24,0
18270.0000,1827,2001,2.7000,1,1000,1000,1,8235.8232,0.0000,0.8974,1777.9770,0.0000,0.1505,30.2471,0.0000,0.0549,10044.0472,0.0000,1.1028,10044.0469,24,0
18280.0000,1828,2001,2.7000,1,1000,1000,1,8237.5070,0.0000,0.8974,1777.0044,0.0000,0.1504,30.2305,0.0000,0.0549,10044.7419,0.0000,1.1027,10044.7422,24,0
18290.0000,1829,2004,2.7000,4,1000,1000,1,8245.0712,0.0000,0.8974,1777.9094,0.0000,0.1504,30.2140,0.0000,0.0548,10053.1946,0.0000,1.1027,10053.1943,24,0
18300.0000,1830,2004,2.7000,4,1000,1000,1,8248.2766,0.0000,0.8977,1776.9378,0.0000,0.1503,30.1975,0.0000,0.0548,10055.4119,0.0000,1.1028,10055.4121,24,0
18310.0000,1831,2004,2.7000,4,1000,1000,1,8252.4969,0.0000,0.8977,1775.9674,0.0000,0.1502,30.1810,0.0000,0.0548,10058.6453,0.0000,1.1027,10058.6455,24,0
18320.0000,1832,2007,2.7000,7,1000,1000,1,8257.4385,0.0000,0.8979,1774.9979,0.0000,0.1502,30.1645,0.0000,0.0547,10062.6010,0.0000,1.1028,10062.6006,25,0
18330.0000,1833,2005,2.7000,5,1000,1000,1,8263.3985,0.0000,0.8978,1774.0296,0.0000,0.1501,30.1481,0.0000,0.0547,10067.5761,0.0000,1.1026,10067.5762,24,0
18340.0000,1834,2009,2.7000,9,1000,1000,1,8267.7310,0.0000,0.8978,1773.0623,0.0000,0.1500,30.1316,0.0000,0.0547,10070.9249,0.0000,1.1025,10070.9248,25,0
18350.0000,1835,2013,2.7000,13,1000,1000,1,8272.2640,0.0000,0.8979,1772.0960,0.0000,0.1499,30.1152,0.0000,0.0547,10074.4753,0.0000,1.1025,10074.4756,25,0
18360.0000,1836,2014,2.7000,14,1000,1000,1,8276.8767,0.0000,0.8980,1771.1308,0.0000,0.1498,30.0988,0.0000,0.0546,10078.1063,0.0000,1.1025,10078.1064,25,0
18370.0000,1837,2002,2.7000,2,1000,1000,1,8280.5504,0.0000,0.8979,1770.1667,0.0000,0.1498,30.0824,0.0000,0.0546,10080.7996,0.0000,1.1023,10080.7998,24,0
18380.0000,1838,1997,2.7000,0,997,1000,1,8281.6649,0.0000,0.8978,1769.2036,0.0000,0.1497,30.0661,0.0000,0.0546,10080.9346,0.0000,1.1020,10080.9346,24,0
18390.0000,1839,2004,2.7000,4,1000,1000,1,8288.1812,0.0000,0.8977,1783.5186,0.0000,0.1498,30.0497,0.0000,0.0545,10101.7495,0.0000,1.1020,10101.7490,24,0
18400.0000,1840,1999,2.7000,0,999,1000,1,8293.7907,0.0000,0.8976,1784.9541,0.0000,0.1497,30.0334,0.0000,0.0545,10108.7782,0.0000,1.1018,10108.7783,24,0
18410.0000,1841,2000,2.7000,0,1000,1000,1,8296.2405,0.0000,0.8976,1784.6432,0.0000,0.1498,30.0171,0.0000,0.0545,10110.9008,0.0000,1.1018,10110.9004,24,0
18420.0000,1842,2001,2.7000,1,1000,1000,1,8303.4911,0.0000,0.8975,1784.8794,0.0000,0.1498,30.0008,0.0000,0.0545,10118.3713,0.0000,1.1017,10118.3711,24,0
18430.0000,1843,2002,2.7000,2,1000,1000,1,8308.2441,0.0000,0.8974,1786.4976,0.0000,0.1499,29.9845,0.0000,0.0544,10124.7262,0.0000,1.1017,10124.7266,24,0
18440.0000,1844,2001,2.7000,1,1000,1000,1,8311.8136,0.0000,0.8973,1786.2732,0.0000,0.1500,29.9682,0.0000,0.0544,10128.0551,0.0000,1.1017,10128.0547,24,0
18450.0000,1845,1999,2.7000,0,999,1000,1,8313.5269,0.0000,0.8970,1787.4649,0.0000,0.1503,29.9520,0.0000,0.0544,10130.9438,0.0000,1.1016,10130.9434,24,0
18460.0000,1846,2005,2.7000,5,1000,1000,1,8321.2485,0.0000,0.8970,1788.1492,0.0000,0.1507,29.9358,0.0000,0.0543,10139.3335,0.0000,1.1020,10139.3330,24,0
18470.0000,1847,2003,2.7000,3,1000,1000,1,8326.1400,0.0000,0.8970,1787.1811,0.0000,0.1506,29.9196,0.0000,0.0543,10143.2406,0.0000,1.1019,10143.2402,24,0
18480.0000,1848,2003,2.7000,3,1000,1000,1,8330.3101,0.0000,0.8968,1788.5313,0.0000,0.1506,29.9034,0.0000,0.0543,10148.7448,0.0000,1.1017,10148.7451,24,0
18490.0000,1849,2009,2.7000,9,1000,1000,1,8333.7901,0.0000,0.8968,1787.5640,0.0000,0.1505,29.8872,0.0000,0.0542,10151.2413,0.0000,1.1015,10151.2412,25,0
18500.0000,1850,2014,2.7000,14,1000,1000,1,8337.9835,0.0000,0.8970,1786.5978,0.0000,0.1504,29.8710,0.0000,0.0542,10154.4524,0.0000,1.1017,10154.4521,25,0
18510.0000,1851,2009,2.7000,9,1000,1000,1,8343.3078,0.0000,0.8971,1785.6326,0.0000,0.1504,29.8549,0.0000,0.0542,10158.7953,0.0000,1.1016,10158.7949,25,0
18520.0000,1852,2004,2.7000,4,1000,1000,1,8348.0903,0.0000,0.8969,1784.6684,0.0000,0.1503,29.8388,0.0000,0.0542,10162.5975,0.0000,1.1013,10162.5977,24,0
18530.0000,1853,2007,2.7000,7,1000,1000,1,8352.9363,0.0000,0.8971,1783.7053,0.0000,0.1502,29.8227,0.0000,0.0541,10166.4642,0.0000,1.1014,10166.4639,25,0
18540.0000,1854,2000,2.7000,0,1000,1000,1,8355.7331,0.0000,0.8969,1782.7432,0.0000,0.1501,29.8066,0.0000,0.0541,10168.2829,0.0000,1.1011,10168.2832,24,0
18550.0000,1855,2000,2.7000,0,1000,1000,1,8358.8670,0.0000,0.8967,1792.9046,0.0000,0.1502,29.7905,0.0000,0.0541,10181.5621,0.0000,1.1010,10181.5625,24,0
18560.0000,1856,2004,2.7000,4,1000,1000,1,8364.9508,0.0000,0.8970,1791.9386,0.0000,0.1502,29.7745,0.0000,0.0540,10186.6639,0.0000,1.1012,10186.6641,24,0
18570.0000,1857,2002,2.7000,2,1000,1000,1,8369.1055,0.0000,0.8972,1793.3797,0.0000,0.1501,29.7584,0.0000,0.0540,10192.2436,0.0000,1.1013,10192.2432,24,0
18580.0000,1858,2001,2.7000,2,999,1000,1,8374.8499,0.0000,0.8972,1794.0609,0.0000,0.1503,29.7424,0.0000,0.0540,10198.6531,0.0000,1.1015,10198.6533,24,0
18590.0000,1859,2000,2.7000,0,1000,1000,1,8376.0877,0.0000,0.8970,1794.0923,0.0000,0.1502,29.7264,0.0000,0.0540,10199.9064,0.0000,1.1012,10199.9062,24,0
18600.0000,1860,2002,2.7000,2,1000,1000,1,8383.5613,0.0000,0.8972,1793.1277,0.0000,0.1502,29.7104,0.0000,0.0539,10206.3994,0.0000,1.1013,10206.3994,24,0
18610.0000,1861,2000,2.7000,0,1000,1000,1,8387.7891,0.0000,0.8972,1796.0097,0.0000,0.1502,29.6945,0.0000,0.0539,10213.4933,0.0000,1.1012,10213.4932,24,0
18620.0000,1862,2003,2.7000,3,1000,1000,1,8392.4537,0.0000,0.8972,1796.4456,0.0000,0.1503,29.6785,0.0000,0.0539,10218.5779,0.0000,1.1013,10218.5781,24,0
18630.0000,1863,2002,2.7000,2,1000,1000,1,8397.5081,0.0000,0.8972,1796.6850,0.0000,0.1503,29.6626,0.0000,0.0538,10223.8556,0.0000,1.1013,10223.8555,24,0
18640.0000,1864,2001,2.7000,2,999,1000,1,8401.6599,0.0000,0.8968,1795.7211,0.0000,0.1502,29.6467,0.0000,0.0538,10227.0277,0.0000,1.1009,10227.0273,24,0
18650.0000,1865,2002,2.7000,2,1000,1000,1,8406.0191,0.0000,0.8969,1797.8846,0.0000,0.1503,29.6308,0.0000,0.0538,10233.5344,0.0000,1.1010,10233.5342,24,0
18660.0000,1866,2002,2.7000,2,1000,1000,1,8410.3809,0.0000,0.8968,1798.4365,0.0000,0.1504,29.6149,0.0000,0.0538,10238.4323,0.0000,1.1010,10238.4326,24,0
18670.0000,1867,2001,2.7000,1,1000,1000,1,8414.2370,0.0000,0.8967,1798.8354,0.0000,0.1506,29.5990,0.0000,0.0537,10242.6715,0.0000,1.1011,10242.6719,24,0
18680.0000,1868,2000,2.7000,0,1000,1000,1,8418.5251,0.0000,0.8966,1797.8725,0.0000,0.1505,29.5832,0.0000,0.0537,10245.9807,0.0000,1.1009,10245.9805,24,0
18690.0000,1869,2002,2.7000,2,1000,1000,1,8419.5854,0.0000,0.8966,1796.9105,0.0000,0.1505,29.5674,0.0000,0.0537,10246.0633,0.0000,1.1007,10246.0635,24,0
18700.0000,1870,2007,2.7000,7,1000,1000,1,8428.1137,0.0000,0.8966,1795.9496,0.0000,0.1504,29.5516,0.0000,0.0536,10253.6148,0.0000,1.1006,10253.6152,25,0
18710.0000,1871,2007,2.7000,7,1000,1000,1,8432.2956,0.0000,0.8966,1794.9897,0.0000,0.1503,29.5358,0.0000,0.0536,10256.8210,0.0000,1.1005,10256.8213,25,0
18720.0000,1872,2003,2.7000,3,1000,1000,1,8434.0778,0.0000,0.8964,1794.0308,0.0000,0.1502,29.5200,0.0000,0.0536,10257.6286,0.0000,1.1002,10257.6289,24,0
18730.0000,1873,2003,2.7000,3,1000,1000,1,8441.6543,0.0000,0.8962,1793.0730,0.0000,0.1501,29.5042,0.0000,0.0536,10264.2315,0.0000,1.0999,10264.2314,24,0
18740.0000,1874,2012,2.7000,12,1000,1000,1,8446.1451,0.0000,0.8966,1792.1162,0.0000,0.1501,29.4885,0.0000,0.0535,10267.7498,0.0000,1.1002,10267.7500,25,0
18750.0000,1875,2003,2.7000,3,1000,1000,1,8450.1310,0.0000,0.8963,1791.1604,0.0000,0.1500,29.4728,0.0000,0.0535,10270.7641,0.0000,1.0998,10270.7637,24,0
18760.0000,1876,2005,2.7000,5,1000,1000,1,8455.4286,0.0000,0.8963,1790.2056,0.0000,0.1499,29.4570,0.0000,0.0535,10275.0912,0.0000,1.0997,10275.0908,24,0
18770.0000,1877,2004,2.7000,4,1000,1000,1,8459.5903,0.0000,0.8963,1789.2519,0.0000,0.1498,29.4414,0.0000,0.0534,10278.2836,0.0000,1.0996,10278.2832,24,0
18780.0000,1878,2013,2.7000,13,1000,1000,1,8463.9196,0.0000,0.8967,1788.2991,0.0000,0.1497,29.4257,0.0000,0.0534,10281.6444,0.0000,1.0998,10281.6445,25,0
18790.0000,1879,2017,2.7000,17,1000,1000,1,8468.0536,0.0000,0.8968,1787.3474,0.0000,0.1497,29.4100,0.0000,0.0534,10284.8110,0.0000,1.0998,10284.8105,25,0
18800.0000,1880,2018,2.7000,18,1000,1000,1,8471.6743,0.0000,0.8968,1786.3967,0.0000,0.1496,29.3944,0.0000,0.0534,10287.4653,0.0000,1.0997,10287.4648,25,0
18810.0000,1881,2003,2.7000,3,1000,1000,1,8475.0456,0.0000,0.8964,1785.4470,0.0000,0.1495,29.3787,0.0000,0.0533,10289.8713,0.0000,1.0992,10289.8711,24,0
18820.0000,1882,1998,2.7000,0,998,1000,1,8477.4850,0.0000,0.8961,1807.4608,0.0000,0.1496,29.3631,0.0000,0.0533,10314.3090,0.0000,1.0990,10314.3086,24,0
18830.0000,1883,2004,2.7000,4,1000,1000,1,8485.5365,0.0000,0.8962,1807.1054,0.0000,0.1498,29.3475,0.0000,0.0533,10321.9894,0.0000,1.0993,10321.9893,24,0
18840.0000,1884,1999,2.7000,0,999,1000,1,8488.3322,0.0000,0.8961,1808.4480,0.0000,0.1499,29.3320,0.0000,0.0532,10326.1121,0.0000,1.0993,10326.1123,24,0
18850.0000,1885,2009,2.7000,9,1000,1000,1,8495.5650,0.0000,0.8963,1808.5704,0.0000,0.1501,29.3164,0.0000,0.0532,10333.4518,0.0000,1.0996,10333.4521,25,0
18860.0000,1886,2011,2.7000,11,1000,1000,1,8499.6928,0.0000,0.8965,1807.6115,0.0000,0.1500,29.3009,0.0000,0.0532,10336.6051,0.0000,1.0997,10336.6055,25,0
18870.0000,1887,2006,2.7000,6,1000,1000,1,8503.1565,0.0000,0.8965,1806.6535,0.0000,0.1499,29.2853,0.0000,0.0532,10339.0953,0.0000,1.0996,10339.0957,25,0
18880.0000,1888,1999,2.7000,0,999,1000,1,8508.6382,0.0000,0.8963,1805.6966,0.0000,0.1498,29.2698,0.0000,0.0531,10343.6046,0.0000,1.0993,10343.6045,24,0
18890.0000,1889,2003,2.7000,3,1000,1000,1,8513.4123,0.0000,0.8965,1810.5768,0.0000,0.1499,29.2543,0.0000,0.0531,10353.2434,0.0000,1.0995,10353.2432,24,0
18900.0000,1890,2002,2.7000,2,1000,1000,1,8517.3014,0.0000,0.8963,1811.7883,0.0000,0.1499,29.2388,0.0000,0.0531,10358.3285,0.0000,1.0993,10358.3281,24,0
18910.0000,1891,2003,2.7000,3,1000,1000,1,8522.2215,0.0000,0.8963,1811.2528,0.0000,0.1499,29.2234,0.0000,0.0530,10362.6977,0.0000,1.0992,10362.6973,24,0
18920.0000,1892,2004,2.7000,4,1000,1000,1,8526.4452,0.0000,0.8965,1812.4589,0.0000,0.1499,29.2079,0.0000,0.0530,10368.1120,0.0000,1.0995,10368.1123,24,0
18930.0000,1893,2004,2.7000,4,1000,1000,1,8530.6710,0.0000,0.8965,1811.5015,0.0000,0.1499,29.1925,0.0000,0.0530,10371.3650,0.0000,1.0993,10371.3652,24,0
18940.0000,1894,1999,2.7000,0,999,1000,1,8534.3148,0.0000,0.8965,1813.6246,0.0000,0.1498,29.1771,0.0000,0.0530,10377.1165,0.0000,1.0993,10377.1162,24,0
18950.0000,1895,2003,2.7000,3,1000,1000,1,8540.0661,0.0000,0.8965,1813.4389,0.0000,0.1498,29.1617,0.0000,0.0529,10382.6668,0.0000,1.0993,10382.6670,24,0
18960.0000,1896,2005,2.7000,5,1000,1000,1,8544.1862,0.0000,0.8965,1812.4825,0.0000,0.1497,29.1463,0.0000,0.0529,10385.8150,0.0000,1.0991,10385.8154,24,0
18970.0000,1897,2006,2.7000,6,1000,1000,1,8548.9608,0.0000,0.8966,1815.0474,0.0000,0.1497,29.1310,0.0000,0.0529,10393.1392,0.0000,1.0992,10393.1387,25,0
18980.0000,1898,1999,2.7000,0,999,1000,1,8553.1322,0.0000,0.8965,1814.0911,0.0000,0.1496,29.1156,0.0000,0.0528,10396.3389,0.0000,1.0989,10396.3389,24,0
18990.0000,1899,2002,2.7000,3,999,1000,1,8557.8440,0.0000,0.8965,1816.6190,0.0000,0.1497,29.1003,0.0000,0.0528,10403.5633,0.0000,1.0991,10403.5635,24,0
19000.0000,1900,2007,2.7000,7,1000,1000,1,8562.4206,0.0000,0.8967,1816.1968,0.0000,0.1497,29.0850,0.0000,0.0528,10407.7023,0.0000,1.0992,10407.7021,25,0
19010.0000,1901,2011,2.7000,11,1000,1000,1,8566.4349,0.0000,0.8967,1815.2414,0.0000,0.1497,29.0697,0.0000,0.0528,10410.7460,0.0000,1.0992,10410.7461,25,0
19020.0000,1902,2006,2.7000,6,1000,1000,1,8571.2200,0.0000,0.8967,1814.2870,0.0000,0.1496,29.0544,0.0000,0.0527,10414.5614,0.0000,1.0991,10414.5615,25,0
19030.0000,1903,2002,2.7000,2,1000,1000,1,8574.9332,0.0000,0.8968,1813.3336,0.0000,0.1495,29.0391,0.0000,0.0527,10417.3059,0.0000,1.0990,10417.3057,24,0
19040.0000,1904,2004,2.7000,4,1000,1000,1,8579.4592,0.0000,0.8966,1812.3813,0.0000,0.1494,29.0239,0.0000,0.0527,10420.8643,0.0000,1.0987,10420.8643,24,0
19050.0000,1905,2011,2.7000,11,1000,1000,1,8582.3983,0.0000,0.8968,1811.4299,0.0000,0.1493,29.0086,0.0000,0.0527,10422.8368,0.0000,1.0988,10422.8369,25,0
19060.0000,1906,2008,2.7000,8,1000,1000,1,8588.2192,0.0000,0.8969,1810.4795,0.0000,0.1493,28.9934,0.0000,0.0526,10427.6921,0.0000,1.0988,10427.6924,25,0
19070.0000,1907,2007,2.7000,7,1000,1000,1,8593.7377,0.0000,0.8967,1809.5301,0.0000,0.1492,28.9782,0.0000,0.0526,10432.2460,0.0000,1.0985,10432.2461,25,0
19080.0000,1908,2009,2.7000,9,1000,1000,1,8597.6262,0.0000,0.8968,1808.5817,0.0000,0.1491,28.9630,0.0000,0.0526,10435.1709,0.0000,1.0985,10435.1709,25,0
19090.0000,1909,2012,2.7000,12,1000,1000,1,8601.0407,0.0000,0.8971,1807.6343,0.0000,0.1490,28.9478,0.0000,0.0525,10437.6229,0.0000,1.0986,10437.6230,25,0
19100.0000,1910,2012,2.7000,12,1000,1000,1,8605.7439,0.0000,0.8971,1806.6879,0.0000,0.1490,28.9327,0.0000,0.0525,10441.3645,0.0000,1.0986,10441.3643,25,0
19110.0000,1911,2004,2.7000,4,1000,1000,1,8610.3257,0.0000,0.8970,1805.7425,0.0000,0.1489,28.9175,0.0000,0.0525,10444.9858,0.0000,1.0984,10444.9854,24,0
19120.0000,1912,2005,2.7000,5,1000,1000,1,8615.6805,0.0000,0.8971,1804.7981,0.0000,0.1488,28.9024,0.0000,0.0525,10449.3810,0.0000,1.0984,10449.3809,24,0
19130.0000,1913,2002,2.7000,2,1000,1000,1,8620.4884,0.0000,0.8970,1824.1434,0.0000,0.1488,28.8873,0.0000,0.0524,10473.5191,0.0000,1.0982,10473.5195,24,0
19140.0000,1914,2004,2.7000,4,1000,1000,1,8624.5697,0.0000,0.8971,1823.6278,0.0000,0.1487,28.8722,0.0000,0.0524,10477.0697,0.0000,1.0983,10477.0693,24,0
19150.0000,1915,2000,2.7000,1,999,1000,1,8629.4164,0.0000,0.8971,1825.0664,0.0000,0.1487,28.8571,0.0000,0.0524,10483.3399,0.0000,1.0982,10483.3398,24,0
19160.0000,1916,2001,2.7000,1,1000,1000,1,8633.8835,0.0000,0.8968,1825.7007,0.0000,0.1490,28.8421,0.0000,0.0523,10488.4263,0.0000,1.0981,10488.4268,24,0
19170.0000,1917,2006,2.7000,6,1000,1000,1,8637.6573,0.0000,0.8972,1824.9739,0.0000,0.1490,28.8270,0.0000,0.0523,10491.4582,0.0000,1.0985,10491.4580,25,0
19180.0000,1918,2008,2.7000,8,1000,1000,1,8642.7960,0.0000,0.8971,1824.0224,0.0000,0.1489,28.8120,0.0000,0.0523,10495.6304,0.0000,1.0983,10495.6299,25,0
19190.0000,1919,2014,2.7000,14,1000,1000,1,8646.5621,0.0000,0.8976,1823.0718,0.0000,0.1488,28.7970,0.0000,0.0523,10498.4309,0.0000,1.0987,10498.4307,25,0
19200.0000,1920,2018,2.7000,18,1000,1000,1,8651.7192,0.0000,0.8980,1822.1223,0.0000,0.1487,28.7820,0.0000,0.0522,10502.6235,0.0000,1.0990,10502.6230,25,0
19210.0000,1921,2014,2.7000,14,1000,1000,1,8654.6519,0.0000,0.8978,1821.1738,0.0000,0.1487,28.7670,0.0000,0.0522,10504.5927,0.0000,1.0987,10504.5928,25,0
19220.0000,1922,2012,2.7000,12,1000,1000,1,8660.0289,0.0000,0.8980,1820.2263,0.0000,0.1486,28.7520,0.0000,0.0522,10509.0072,0.0000,1.0988,10509.0068,25,0
19230.0000,1923,2006,2.7000,6,1000,1000,1,8663.7539,0.0000,0.8979,1819.2797,0.0000,0.1485,28.7371,0.0000,0.0522,10511.7707,0.0000,1.0986,10511.7705,25,0
19240.0000,1924,2006,2.7000,6,1000,1000,1,8667.8782,0.0000,0.8979,1818.3341,0.0000,0.1484,28.7222,0.0000,0.0521,10514.9345,0.0000,1.0984,10514.9346,25,0
19250.0000,1925,2005,2.7000,5,1000,1000,1,8674.1235,0.0000,0.8977,1817.3895,0.0000,0.1484,28.7072,0.0000,0.0521,10520.2203,0.0000,1.0981,10520.2207,24,0
19260.0000,1926,2001,2.7000,1,1000,1000,1,8677.0925,0.0000,0.8975,1816.4459,0.0000,0.1483,28.6923,0.0000,0.0521,10522.2308,0.0000,1.0979,10522.2305,24,0
19270.0000,1927,2001,2.7000,3,998,1000,1,8683.0577,0.0000,0.8975,1831.6122,0.0000,0.1484,28.6774,0.0000,0.0520,10543.3473,0.0000,1.0980,10543.3477,24,0
19280.0000,1928,2001,2.7000,1,1000,1000,1,8680.1176,0.0000,0.8971,1830.8225,0.0000,0.1484,28.6626,0.0000,0.0520,10539.6026,0.0000,1.0976,10539.6025,24,0
19290.0000,1929,2001,2.7000,1,1000,1000,1,8691.8113,0.0000,0.8970,1832.7637,0.0000,0.1485,28.6477,0.0000,0.0520,10553.2228,0.0000,1.0975,10553.2227,24,0
19300.0000,1930,2003,2.7000,3,1000,1000,1,8693.9182,0.0000,0.8970,1831.8141,0.0000,0.1484,28.6329,0.0000,0.0520,10554.3651,0.0000,1.0974,10554.3652,24,0
19310.0000,1931,2001,2.7000,1,1000,1000,1,8700.6262,0.0000,0.8969,1830.8655,0.0000,0.1483,28.6180,0.0000,0.0519,10560.1097,0.0000,1.0972,10560.1094,24,0
19320.0000,1932,2010,2.7000,10,1000,1000,1,8705.1963,0.0000,0.8972,1829.9178,0.0000,0.1482,28.6032,0.0000,0.0519,10563.7173,0.0000,1.0973,10563.7178,25,0
19330.0000,1933,2015,2.7000,15,1000,1000,1,8708.8064,0.0000,0.8974,1828.9711,0.0000,0.1482,28.5884,0.0000,0.0519,10566.3660,0.0000,1.0974,10566.3662,25,0
19340.0000,1934,2018,2.7000,18,1000,1000,1,8714.0984,0.0000,0.8975,1828.0255,0.0000,0.1481,28.5736,0.0000,0.0519,10570.6975,0.0000,1.0975,10570.6973,25,0
19350.0000,1935,2030,2.7000,30,1000,1000,1,8718.5902,0.0000,0.8980,1827.0807,0.0000,0.1480,28.5589,0.0000,0.0518,10574.2298,0.0000,1.0978,10574.2295,26,0
19360.0000,1936,2031,2.7000,31,1000,1000,1,8723.1104,0.0000,0.8981,1826.1370,0.0000,0.1479,28.5441,0.0000,0.0518,10577.7916,0.0000,1.0978,10577.7920,26,0
19370.0000,1937,2036,2.7000,36,1000,1000,1,8727.3560,0.0000,0.8982,1825.1942,0.0000,0.1479,28.5294,0.0000,0.0518,10581.0796,0.0000,1.0978,10581.0801,26,0
19380.0000,1938,2032,2.7000,32,1000,1000,1,8731.1159,0.0000,0.8981,1824.2524,0.0000,0.1478,28.5147,0.0000,0.0518,10583.8830,0.0000,1.0976,10583.8828,26,0
19390.0000,1939,2036,2.7000,36,1000,1000,1,8735.4828,0.0000,0.8983,1823.3116,0.0000,0.1477,28.5000,0.0000,0.0517,10587.2943,0.0000,1.0977,10587.2939,26,0
19400.0000,1940,2034,2.7000,34,1000,1000,1,8741.0634,0.0000,0.8985,1822.3718,0.0000,0.1476,28.4853,0.0000,0.0517,10591.9204,0.0000,1.0978,10591.9199,26,0
19410.0000,1941,2036,2.7000,36,1000,1000,1,8745.5274,0.0000,0.8987,1821.4329,0.0000,0.1476,28.4706,0.0000,0.0517,10595.4308,0.0000,1.0979,10595.4307,26,0
19420.0000,1942,2030,2.7000,30,1000,1000,1,8748.3627,0.0000,0.8985,1820.4950,0.0000,0.1475,28.4559,0.0000,0.0516,10597.3136,0.0000,1.0976,10597.3135,26,0
19430.0000,1943,2036,2.7000,36,1000,1000,1,8753.0674,0.0000,0.8987,1819.5580,0.0000,0.1474,28.4413,0.0000,0.0516,10601.0667,0.0000,1.0977,10601.0664,26,0
19440.0000,1944,2029,2.7000,29,1000,1000,1,8758.9800,0.0000,0.8986,1818.6220,0.0000,0.1473,28.4267,0.0000,0.0516,10606.0286,0.0000,1.0975,10606.0283,26,0
19450.0000,1945,2032,2.7000,32,1000,1000,1,8762.9129,0.0000,0.8986,1817.6870,0.0000,0.1472,28.4120,0.0000,0.0516,10609.0120,0.0000,1.0974,10609.0117,26,0
19460.0000,1946,2023,2.7000,23,1000,1000,1,8767.9549,0.0000,0.8983,1816.7529,0.0000,0.1472,28.3974,0.0000,0.0515,10613.1053,0.0000,1.0970,10613.1055,26,0
19470.0000,1947,2022,2.7000,22,1000,1000,1,8771.8166,0.0000,0.8982,1815.8198,0.0000,0.1471,28.3829,0.0000,0.0515,10616.0193,0.0000,1.0968,10616.0195,26,0
19480.0000,1948,2023,2.7000,23,1000,1000,1,8776.5947,0.0000,0.8984,1814.8877,0.0000,0.1470,28.3683,0.0000,0.0515,10619.8507,0.0000,1.0969,10619.8506,26,0
19490.0000,1949,2024,2.7000,24,1000,1000,1,8780.8564,0.0000,0.8984,1813.9565,0.0000,0.1469,28.3537,0.0000,0.0515,10623.1666,0.0000,1.0968,10623.1670,26,0
19500.0000,1950,2024,2.7000,24,1000,1000,1,8782.1052,0.0000,0.8984,1813.0263,0.0000,0.1469,28.3392,0.0000,0.0514,10623.4706,0.0000,1.0967,10623.4707,26,0
19510.0000,1951,2025,2.7000,25,1000,1000,1,8789.8404,0.0000,0.8985,1812.0970,0.0000,0.1468,28.3247,0.0000,0.0514,10630.2621,0.0000,1.0967,10630.2617,26,0
19520.0000,1952,2017,2.7000,17,1000,1000,1,8793.9813,0.0000,0.8982,1811.1687,0.0000,0.1467,28.3102,0.0000,0.0514,10633.4601,0.0000,1.0963,10633.4600,25,0
19530.0000,1953,2012,2.7000,12,1000,1000,1,8798.8148,0.0000,0.8982,1810.2413,0.0000,0.1466,28.2957,0.0000,0.0514,10637.3517,0.0000,1.0962,10637.3516,25,0
19540.0000,1954,2007,2.7000,7,1000,1000,1,8803.0422,0.0000,0.8981,1809.3149,0.0000,0.1466,28.2812,0.0000,0.0513,10640.6382,0.0000,1.0960,10640.6387,25,0
19550.0000,1955,2005,2.7000,5,1000,1000,1,8806.6048,0.0000,0.8981,1808.3894,0.0000,0.1465,28.2667,0.0000,0.0513,10643.2609,0.0000,1.0959,10643.2607,24,0
19560.0000,1956,2007,2.7000,7,1000,1000,1,8812.5272,0.0000,0.8983,1807.4648,0.0000,0.1464,28.2523,0.0000,0.0513,10648.2443,0.0000,1.0960,10648.2441,25,0
19570.0000,1957,2003,2.7000,3,1000,1000,1,8817.2458,0.0000,0.8982,1847.4830,0.0000,0.1464,28.2378,0.0000,0.0513,10692.9666,0.0000,1.0959,10692.9668,24,0
19580.0000,1958,2008,2.7000,8,1000,1000,1,8820.8811,0.0000,0.8983,1846.5394,0.0000,0.1464,28.2234,0.0000,0.0512,10695.6440,0.0000,1.0959,10695.6436,25,0
19590.0000,1959,2004,2.7000,4,1000,1000,1,8826.1325,0.0000,0.8981,1845.5968,0.0000,0.1463,28.2090,0.0000,0.0512,10699.9384,0.0000,1.0956,10699.9385,24,0
19600.0000,1960,2004,2.7000,4,1000,1000,1,8830.3517,0.0000,0.8982,1844.6552,0.0000,0.1462,28.1946,0.0000,0.0512,10703.2016,0.0000,1.0956,10703.2012,24,0
19610.0000,1961,2004,2.7000,4,1000,1000,1,8833.8430,0.0000,0.8982,1843.7145,0.0000,0.1461,28.1802,0.0000,0.0511,10705.7378,0.0000,1.0955,10705.7383,24,0
19620.0000,1962,2002,2.7000,2,1000,1000,1,8839.5802,0.0000,0.8983,1842.7748,0.0000,0.1461,28.1659,0.0000,0.0511,10710.5209,0.0000,1.0955,10710.5205,24,0
19630.0000,1963,2001,2.7000,1,1000,1000,1,8842.9662,0.0000,0.8982,1841.8361,0.0000,0.1460,28.1515,0.0000,0.0511,10712.9538,0.0000,1.0953,10712.9541,24,0
19640.0000,1964,2002,2.7000,2,1000,1000,1,8848.2943,0.0000,0.8981,1850.7541,0.0000,0.1461,28.1372,0.0000,0.0511,10727.1856,0.0000,1.0953,10727.1855,24,0
19650.0000,1965,2007,2.7000,7,1000,1000,1,8852.8971,0.0000,0.8981,1850.8510,0.0000,0.1461,28.1229,0.0000,0.0510,10731.8710,0.0000,1.0952,10731.8711,25,0
19660.0000,1966,2007,2.7000,7,1000,1000,1,8854.9464,0.0000,0.8982,1849.9096,0.0000,0.1460,28.1086,0.0000,0.0510,10732.9646,0.0000,1.0952,10732.9648,25,0
19670.0000,1967,2004,2.7000,4,1000,1000,1,8861.5348,0.0000,0.8982,1848.9691,0.0000,0.1459,28.0943,0.0000,0.0510,10738.5982,0.0000,1.0951,10738.5986,24,0
19680.0000,1968,2000,2.7000,0,1000,1000,1,8864.4805,0.0000,0.8981,1848.0296,0.0000,0.1458,28.0800,0.0000,0.0510,10740.5901,0.0000,1.0949,10740.5898,24,0
19690.0000,1969,2002,2.7000,2,1000,1000,1,8869.8406,0.0000,0.8980,1852.5098,0.0000,0.1458,28.0657,0.0000,0.0509,10750.4161,0.0000,1.0948,10750.4160,24,0
19700.0000,1970,2003,2.7000,3,1000,1000,1,8875.3644,0.0000,0.8979,1853.9815,0.0000,0.1459,28.0515,0.0000,0.0509,10757.3974,0.0000,1.0948,10757.3975,24,0
19710.0000,1971,2006,2.7000,6,1000,1000,1,8879.3041,0.0000,0.8979,1853.0409,0.0000,0.1459,28.0373,0.0000,0.0509,10760.3823,0.0000,1.0946,10760.3818,25,0
19720.0000,1972,2002,2.7000,2,1000,1000,1,8882.5090,0.0000,0.8976,1854.7339,0.0000,0.1458,28.0230,0.0000,0.0509,10765.2659,0.0000,1.0943,10765.2656,24,0
19730.0000,1973,2004,2.7000,4,1000,1000,1,8887.6193,0.0000,0.8977,1853.7938,0.0000,0.1458,28.0088,0.0000,0.0508,10769.4219,0.0000,1.0943,10769.4219,24,0
19740.0000,1974,2002,2.7000,2,1000,1000,1,8893.1945,0.0000,0.8978,1852.8547,0.0000,0.1457,27.9946,0.0000,0.0508,10774.0438,0.0000,1.0943,10774.0439,24,0
19750.0000,1975,2000,2.7000,0,1000,1000,1,8894.0726,0.0000,0.8976,1856.5117,0.0000,0.1457,27.9805,0.0000,0.0508,10778.5648,0.0000,1.0941,10778.5645,24,0
19760.0000,1976,2002,2.7000,2,1000,1000,1,8901.8804,0.0000,0.8974,1857.3475,0.0000,0.1460,27.9663,0.0000,0.0508,10787.1942,0.0000,1.0942,10787.1943,24,0
19770.0000,1977,2003,2.7000,3,1000,1000,1,8906.8083,0.0000,0.8974,1856.5053,0.0000,0.1460,27.9522,0.0000,0.0507,10791.2658,0.0000,1.0942,10791.2656,24,0
19780.0000,1978,2003,2.7000,3,1000,1000,1,8910.7055,0.0000,0.8977,1855.5668,0.0000,0.1460,27.9380,0.0000,0.0507,10794.2102,0.0000,1.0943,10794.2100,24,0
19790.0000,1979,2009,2.7000,9,1000,1000,1,8914.8201,0.0000,0.8978,1854.6291,0.0000,0.1459,27.9239,0.0000,0.0507,10797.3732,0.0000,1.0943,10797.3730,25,0
19800.0000,1980,2008,2.7000,8,1000,1000,1,8918.9503,0.0000,0.8979,1853.6924,0.0000,0.1458,27.9098,0.0000,0.0507,10800.5526,0.0000,1.0944,10800.5527,25,0
19810.0000,1981,2004,2.7000,4,1000,1000,1,8924.2423,0.0000,0.8979,1852.7567,0.0000,0.1457,27.8957,0.0000,0.0506,10804.8947,0.0000,1.0942,10804.8945,24,0
19820.0000,1982,2000,2.7000,0,1000,1000,1,8927.3593,0.0000,0.8975,1860.4003,0.0000,0.1460,27.8816,0.0000,0.0506,10815.6413,0.0000,1.0941,10815.6416,24,0
19830.0000,1983,2003,2.7000,3,1000,1000,1,8932.1217,0.0000,0.8977,1859.4621,0.0000,0.1459,27.8676,0.0000,0.0506,10819.4514,0.0000,1.0942,10819.4512,24,0
19840.0000,1984,2001,2.7000,1,1000,1000,1,8937.8057,0.0000,0.8975,1858.5249,0.0000,0.1458,27.8535,0.0000,0.0506,10824.1841,0.0000,1.0939,10824.1846,24,0
19850.0000,1985,2001,2.7000,1,1000,1000,1,8942.1985,0.0000,0.8975,1861.8216,0.0000,0.1459,27.8395,0.0000,0.0505,10831.8595,0.0000,1.0940,10831.8594,24,0
19860.0000,1986,2005,2.7000,5,1000,1000,1,8946.9855,0.0000,0.8977,1861.5353,0.0000,0.1459,27.8255,0.0000,0.0505,10836.3463,0.0000,1.0941,10836.3467,24,0
19870.0000,1987,2005,2.7000,5,1000,1000,1,8950.8052,0.0000,0.8977,1860.5985,0.0000,0.1458,27.8115,0.0000,0.0505,10839.2151,0.0000,1.0940,10839.2148,24,0
19880.0000,1988,2009,2.7000,9,1000,1000,1,8955.9097,0.0000,0.8978,1859.6625,0.0000,0.1457,27.7975,0.0000,0.0505,10843.3697,0.0000,1.0940,10843.3701,25,0
19890.0000,1989,2005,2.7000,5,1000,1000,1,8960.0498,0.0000,0.8979,1858.7276,0.0000,0.1457,27.7835,0.0000,0.0504,10846.5609,0.0000,1.0940,10846.5605,24,0
19900.0000,1990,2006,2.7000,6,1000,1000,1,8961.7616,0.0000,0.8979,1857.7935,0.0000,0.1456,27.7696,0.0000,0.0504,10847.3247,0.0000,1.0939,10847.3252,25,0
19910.0000,1991,2009,2.7000,9,1000,1000,1,8968.3745,0.0000,0.8980,1856.8604,0.0000,0.1455,27.7556,0.0000,0.0504,10852.9906,0.0000,1.0939,10852.9902,25,0
19920.0000,1992,2009,2.7000,9,1000,1000,1,8972.7181,0.0000,0.8979,1855.9283,0.0000,0.1454,27.7417,0.0000,0.0504,10856.3880,0.0000,1.0937,10856.3877,25,0
19930.0000,1993,2002,2.7000,2,1000,1000,1,8978.0843,0.0000,0.8976,1854.9971,0.0000,0.1454,27.7278,0.0000,0.0503,10860.8091,0.0000,1.0933,10860.8096,24,0
19940.0000,1994,1993,2.7000,0,993,1000,1,8980.9281,0.0000,0.8974,1866.4371,0.0000,0.1455,27.7139,0.0000,0.0503,10875.0791,0.0000,1.0932,10875.0791,24,0
19950.0000,1995,2000,2.7000,3,997,1000,1,8985.0268,0.0000,0.8975,1867.2026,0.0000,0.1459,27.7000,0.0000,0.0503,10879.9294,0.0000,1.0937,10879.9297,24,0
19960.0000,1996,2004,2.7000,4,1000,1000,1,8991.3185,0.0000,0.8975,1866.4553,0.0000,0.1459,27.6861,0.0000,0.0503,10885.4599,0.0000,1.0937,10885.4600,24,0
19970.0000,1997,2007,2.7000,7,1000,1000,1,8994.9975,0.0000,0.8974,1865.5207,0.0000,0.1459,27.6722,0.0000,0.0502,10888.1904,0.0000,1.0935,10888.1904,25,0
19980.0000,1998,2002,2.7000,2,1000,1000,1,9000.1076,0.0000,0.8973,1864.5870,0.0000,0.1458,27.6584,0.0000,0.0502,10892.3529,0.0000,1.0933,10892.3525,24,0
19990.0000,1999,2007,2.7000,7,1000,1000,1,9005.0506,0.0000,0.8974,1863.6542,0.0000,0.1457,27.6445,0.0000,0.0502,10896.3494,0.0000,1.0933,10896.3496,25,0
20000.0000,2000,2001,2.7000,1,1000,1000,1,9007.6248,0.0000,0.8975,1862.7224,0.0000,0.1457,27.6307,0.0000,0.0502,10897.9779,0.0000,1.0933,10897.9775,24,0
20010.0000,2001,2001,2.7000,1,1000,1000,1,9013.5286,0.0000,0.8973,1870.3127,0.0000,0.1457,27.6169,0.0000,0.0501,10911.4582,0.0000,1.0932,10911.4580,24,0
20020.0000,2002,1999,2.7000,2,997,1000,1,9017.6919,0.0000,0.8972,1870.8275,0.0000,0.1459,27.6031,0.0000,0.0501,10916.1225,0.0000,1.0932,10916.1221,24,0
20030.0000,2003,2004,2.7000,4,1000,1000,1,9022.9437,0.0000,0.8972,1871.2678,0.0000,0.1462,27.5893,0.0000,0.0501,10921.8009,0.0000,1.0935,10921.8008,24,0
20040.0000,2004,2000,2.7000,0,1000,1000,1,9025.0631,0.0000,0.8972,1870.3340,0.0000,0.1462,27.5756,0.0000,0.0500,10922.9728,0.0000,1.0934,10922.9727,24,0
20050.0000,2005,1999,2.7000,1,998,1000,1,9031.8886,0.0000,0.8973,1871.6221,0.0000,0.1461,27.5618,0.0000,0.0500,10931.0725,0.0000,1.0934,10931.0723,24,0
20060.0000,2006,2005,2.7000,5,1000,1000,1,9035.1194,0.0000,0.8973,1872.0804,0.0000,0.1462,27.5481,0.0000,0.0500,10934.7478,0.0000,1.0935,10934.7480,24,0
20070.0000,2007,2003,2.7000,3,1000,1000,1,9040.1758,0.0000,0.8972,1871.1476,0.0000,0.1461,27.5343,0.0000,0.0500,10938.8577,0.0000,1.0933,10938.8574,24,0
20080.0000,2008,2001,2.7000,1,1000,1000,1,9045.1552,0.0000,0.8970,1873.9414,0.0000,0.1461,27.5206,0.0000,0.0500,10946.6172,0.0000,1.0931,10946.6172,24,0
20090.0000,2009,2002,2.7000,2,1000,1000,1,9049.6951,0.0000,0.8969,1874.4545,0.0000,0.1463,27.5069,0.0000,0.0499,10951.6565,0.0000,1.0931,10951.6562,24,0
20100.0000,2010,2001,2.7000,1,1000,1000,1,9053.2052,0.0000,0.8968,1873.5219,0.0000,0.1463,27.4932,0.0000,0.0499,10954.2204,0.0000,1.0930,10954.2207,24,0
20110.0000,2011,2001,2.7000,2,999,1000,1,9057.0947,0.0000,0.8967,1875.1651,0.0000,0.1462,27.4796,0.0000,0.0499,10959.7394,0.0000,1.0928,10959.7393,24,0
20120.0000,2012,2007,2.7000,7,1000,1000,1,9061.8978,0.0000,0.8968,1874.8320,0.0000,0.1462,27.4659,0.0000,0.0499,10964.1957,0.0000,1.0928,10964.1953,25,0
20130.0000,2013,2006,2.7000,6,1000,1000,1,9067.5535,0.0000,0.8970,1873.9006,0.0000,0.1462,27.4523,0.0000,0.0498,10968.9064,0.0000,1.0930,10968.9062,25,0
20140.0000,2014,1997,2.7000,1,996,1000,1,9072.1419,0.0000,0.8968,1877.0876,0.0000,0.1462,27.4386,0.0000,0.0498,10976.6682,0.0000,1.0929,10976.6680,24,0
20150.0000,2015,2002,2.7000,2,1000,1000,1,9076.4985,0.0000,0.8967,1876.9082,0.0000,0.1464,27.4250,0.0000,0.0498,10980.8317,0.0000,1.0929,10980.8320,24,0
20160.0000,2016,2000,2.7000,0,1000,1000,1,9080.6131,0.0000,0.8966,1878.1303,0.0000,0.1465,27.4114,0.0000,0.0498,10986.1549,0.0000,1.0928,10986.1553,24,0
20170.0000,2017,2001,2.7000,2,999,1000,1,9085.4448,0.0000,0.8964,1878.6025,0.0000,0.1466,27.3978,0.0000,0.0497,10991.4451,0.0000,1.0928,10991.4453,24,0
20180.0000,2018,2001,2.7000,1,1000,1000,1,9087.5154,0.0000,0.8963,1878.0694,0.0000,0.1466,27.3843,0.0000,0.0497,10992.9691,0.0000,1.0926,10992.9688,24,0
20190.0000,2019,2002,2.7000,2,1000,1000,1,9094.0534,0.0000,0.8962,1879.8184,0.0000,0.1466,27.3707,0.0000,0.0497,11001.2425,0.0000,1.0924,11001.2422,24,0
20200.0000,2020,2002,2.7000,2,1000,1000,1,9097.6631,0.0000,0.8962,1878.8878,0.0000,0.1465,27.3571,0.0000,0.0497,11003.9080,0.0000,1.0924,11003.9082,24,0
20210.0000,2021,2001,2.7000,2,999,1000,1,9103.3247,0.0000,0.8963,1880.8914,0.0000,0.1466,27.3436,0.0000,0.0496,11011.5598,0.0000,1.0925,11011.5596,24,0
20220.0000,2022,2009,2.7000,9,1000,1000,1,9107.8429,0.0000,0.8964,1880.0745,0.0000,0.1465,27.3301,0.0000,0.0496,11015.2475,0.0000,1.0925,11015.2471,25,0
20230.0000,2023,2008,2.7000,8,1000,1000,1,9109.6326,0.0000,0.8965,1879.1451,0.0000,0.1465,27.3166,0.0000,0.0496,11016.0943,0.0000,1.0925,11016.0947,25,0
20240.0000,2024,2013,2.7000,13,1000,1000,1,9114.4961,0.0000,0.8967,1878.2167,0.0000,0.1464,27.3031,0.0000,0.0496,11020.0159,0.0000,1.0926,11020.0156,25,0
20250.0000,2025,2007,2.7000,7,1000,1000,1,9118.3801,0.0000,0.8965,1877.2892,0.0000,0.1463,27.2896,0.0000,0.0495,11022.9589,0.0000,1.0923,11022.9590,25,0
20260.0000,2026,2011,2.7000,11,1000,1000,1,9123.7575,0.0000,0.8966,1876.3626,0.0000,0.1462,27.2761,0.0000,0.0495,11027.3962,0.0000,1.0924,11027.3965,25,0
20270.0000,2027,2014,2.7000,14,1000,1000,1,9130.1273,0.0000,0.8967,1875.4369,0.0000,0.1462,27.2627,0.0000,0.0495,11032.8268,0.0000,1.0924,11032.8271,25,0
20280.0000,2028,2012,2.7000,12,1000,1000,1,9131.3537,0.0000,0.8966,1874.5121,0.0000,0.1461,27.2492,0.0000,0.0495,11033.1151,0.0000,1.0922,11033.1152,25,0
20290.0000,2029,2007,2.7000,7,1000,1000,1,9138.3802,0.0000,0.8965,1873.5883,0.0000,0.1460,27.2358,0.0000,0.0494,11039.2042,0.0000,1.0920,11039.2041,25,0
20300.0000,2030,2003,2.7000,3,1000,1000,1,9141.7510,0.0000,0.8964,1872.6653,0.0000,0.1460,27.2224,0.0000,0.0494,11041.6387,0.0000,1.0918,11041.6387,24,0
20310.0000,2031,2007,2.7000,7,1000,1000,1,9147.4970,0.0000,0.8965,1871.7433,0.0000,0.1459,27.2090,0.0000,0.0494,11046.4493,0.0000,1.0917,11046.4492,25,0
20320.0000,2032,2002,2.7000,2,1000,1000,1,9152.0557,0.0000,0.8963,1870.8221,0.0000,0.1458,27.1956,0.0000,0.0494,11050.0734,0.0000,1.0914,11050.0732,24,0
20330.0000,2033,2007,2.7000,7,1000,1000,1,9156.3950,0.0000,0.8964,1869.9019,0.0000,0.1457,27.1822,0.0000,0.0493,11053.4791,0.0000,1.0915,11053.4795,25,0
20340.0000,2034,2004,2.7000,4,1000,1000,1,9160.8593,0.0000,0.8964,1868.9826,0.0000,0.1457,27.1688,0.0000,0.0493,11057.0107,0.0000,1.0914,11057.0107,24,0
20350.0000,2035,2004,2.7000,4,1000,1000,1,9164.8207,0.0000,0.8963,1868.0642,0.0000,0.1456,27.1555,0.0000,0.0493,11060.0404,0.0000,1.0912,11060.0400,24,0
20360.0000,2036,2003,2.7000,3,1000,1000,1,9169.8146,0.0000,0.8963,1867.1467,0.0000,0.1455,27.1422,0.0000,0.0493,11064.1034,0.0000,1.0911,11064.1035,24,0
20370.0000,2037,2002,2.7000,2,1000,1000,1,9174.2973,0.0000,0.8964,1889.2811,0.0000,0.1455,27.1288,0.0000,0.0492,11090.7072,0.0000,1.0911,11090.7070,24,0
20380.0000,2038,1999,2.7000,1,998,1000,1,9177.3497,0.0000,0.8962,1889.7068,0.0000,0.1456,27.1155,0.0000,0.0492,11094.1721,0.0000,1.0910,11094.1719,24,0
20390.0000,2039,1997,2.7000,0,997,1000,1,9180.6684,0.0000,0.8964,1889.1483,0.0000,0.1457,27.1022,0.0000,0.0492,11096.9189,0.0000,1.0913,11096.9189,24,0
20400.0000,2040,2005,2.7000,5,1000,1000,1,9187.5502,0.0000,0.8964,1890.0066,0.0000,0.1458,27.0889,0.0000,0.0492,11104.6457,0.0000,1.0914,11104.6455,24,0
20410.0000,2041,2005,2.7000,5,1000,1000,1,9191.6762,0.0000,0.8965,1889.0806,0.0000,0.1457,27.0757,0.0000,0.0491,11107.8325,0.0000,1.0913,11107.8320,24,0
20420.0000,2042,2000,2.7000,0,1000,1000,1,9195.0634,0.0000,0.8965,1888.1555,0.0000,0.1456,27.0624,0.0000,0.0491,11110.2813,0.0000,1.0912,11110.2812,24,0
20430.0000,2043,1996,2.7000,0,996,1000,1,9200.8331,0.0000,0.8964,1892.3975,0.0000,0.1458,27.0492,0.0000,0.0491,11120.2798,0.0000,1.0913,11120.2803,24,0
20440.0000,2044,2002,2.7000,3,999,1000,1,9205.7969,0.0000,0.8964,1892.8039,0.0000,0.1461,27.0359,0.0000,0.0491,11125.6367,0.0000,1.0915,11125.6367,24,0
20450.0000,2045,2001,2.7000,1,1000,1000,1,9210.3285,0.0000,0.8964,1892.3578,0.0000,0.1461,27.0227,0.0000,0.0490,11129.7090,0.0000,1.0915,11129.7090,24,0
20460.0000,2046,2000,2.7000,1,999,1000,1,9214.3007,0.0000,0.8963,1894.0294,0.0000,0.1462,27.0095,0.0000,0.0490,11135.3396,0.0000,1.0916,11135.3398,24,0
20470.0000,2047,2008,2.7000,8,1000,1000,1,9218.9679,0.0000,0.8965,1893.8946,0.0000,0.1466,26.9963,0.0000,0.0490,11139.8588,0.0000,1.0920,11139.8584,25,0
20480.0000,2048,2007,2.7000,7,1000,1000,1,9222.7082,0.0000,0.8966,1892.9699,0.0000,0.1465,26.9831,0.0000,0.0490,11142.6612,0.0000,1.0920,11142.6611,25,0
20490.0000,2049,2001,2.7000,1,1000,1000,1,9227.3706,0.0000,0.8965,1892.0460,0.0000,0.1464,26.9699,0.0000,0.0490,11146.3865,0.0000,1.0918,11146.3867,24,0
20500.0000,2050,2001,2.7000,2,999,1000,1,9232.5643,0.0000,0.8963,1896.3970,0.0000,0.1466,26.9568,0.0000,0.0489,11155.9181,0.0000,1.0919,11155.9180,24,0
20510.0000,2051,2010,2.7000,10,1000,1000,1,9236.8741,0.0000,0.8965,1895.7703,0.0000,0.1466,26.9436,0.0000,0.0489,11159.5881,0.0000,1.0920,11159.5879,25,0
20520.0000,2052,2002,2.7000,2,1000,1000,1,9241.3148,0.0000,0.8964,1894.8464,0.0000,0.1465,26.9305,0.0000,0.0489,11163.0918,0.0000,1.0918,11163.0918,24,0
20530.0000,2053,2015,2.7000,15,1000,1000,1,9245.9904,0.0000,0.8968,1893.9235,0.0000,0.1464,26.9174,0.0000,0.0489,11166.8312,0.0000,1.0921,11166.8311,25,0
20540.0000,2054,2008,2.7000,8,1000,1000,1,9249.1000,0.0000,0.8966,1893.0014,0.0000,0.1463,26.9043,0.0000,0.0488,11169.0057,0.0000,1.0918,11169.0059,25,0
20550.0000,2055,2013,2.7000,13,1000,1000,1,9254.8106,0.0000,0.8968,1892.0802,0.0000,0.1463,26.8912,0.0000,0.0488,11173.7820,0.0000,1.0919,11173.7822,25,0
20560.0000,2056,2011,2.7000,11,1000,1000,1,9259.1704,0.0000,0.8968,1891.1600,0.0000,0.1462,26.8781,0.0000,0.0488,11177.2084,0.0000,1.0918,11177.2080,25,0
20570.0000,2057,2009,2.7000,9,1000,1000,1,9263.3173,0.0000,0.8968,1890.2406,0.0000,0.1461,26.8651,0.0000,0.0488,11180.4230,0.0000,1.0917,11180.4229,25,0
20580.0000,2058,2012,2.7000,12,1000,1000,1,9267.6586,0.0000,0.8968,1889.3221,0.0000,0.1461,26.8520,0.0000,0.0487,11183.8327,0.0000,1.0916,11183.8330,25,0
20590.0000,2059,2005,2.7000,5,1000,1000,1,9272.8184,0.0000,0.8967,1888.4045,0.0000,0.1460,26.8390,0.0000,0.0487,11188.0618,0.0000,1.0914,11188.0615,24,0
20600.0000,2060,2006,2.7000,6,1000,1000,1,9276.4986,0.0000,0.8967,1887.4878,0.0000,0.1459,26.8259,0.0000,0.0487,11190.8123,0.0000,1.0914,11190.8125,25,0
20610.0000,2061,2006,2.7000,6,1000,1000,1,9280.2830,0.0000,0.8968,1886.5720,0.0000,0.1459,26.8129,0.0000,0.0487,11193.6679,0.0000,1.0913,11193.6680,25,0
20620.0000,2062,1998,2.7000,0,998,1000,1,9283.0671,0.0000,0.8965,1902.8655,0.0000,0.1458,26.7999,0.0000,0.0486,11212.7325,0.0000,1.0910,11212.7324,24,0
20630.0000,2063,2000,2.7000,0,1000,1000,1,9289.2409,0.0000,0.8965,1902.7857,0.0000,0.1460,26.7869,0.0000,0.0486,11218.8136,0.0000,1.0910,11218.8135,24,0
20640.0000,2064,2000,2.7000,0,1000,1000,1,9293.4970,0.0000,0.8963,1903.5104,0.0000,0.1460,26.7739,0.0000,0.0486,11223.7814,0.0000,1.0909,11223.7812,24,0
20650.0000,2065,2000,2.7000,0,1000,1000,1,9299.0986,0.0000,0.8962,1904.2566,0.0000,0.1460,26.7610,0.0000,0.0486,11230.1162,0.0000,1.0908,11230.1162,24,0
20660.0000,2066,2000,2.7000,1,999,1000,1,9303.8755,0.0000,0.8962,1903.3349,0.0000,0.1459,26.7480,0.0000,0.0485,11233.9584,0.0000,1.0907,11233.9580,24,0
20670.0000,2067,2010,2.7000,10,1000,1000,1,9308.4355,0.0000,0.8964,1904.9076,0.0000,0.1461,26.7351,0.0000,0.0485,11240.0782,0.0000,1.0910,11240.0781,25,0
20680.0000,2068,2003,2.7000,3,1000,1000,1,9310.2015,0.0000,0.8963,1903.9865,0.0000,0.1460,26.7222,0.0000,0.0485,11240.9102,0.0000,1.0908,11240.9102,24,0
20690.0000,2069,2005,2.7000,5,1000,1000,1,9316.9303,0.0000,0.8964,1903.0662,0.0000,0.1459,26.7092,0.0000,0.0485,11246.7058,0.0000,1.0908,11246.7061,24,0
20700.0000,2070,2006,2.7000,6,1000,1000,1,9321.4709,0.0000,0.8965,1902.1469,0.0000,0.1458,26.6963,0.0000,0.0485,11250.3141,0.0000,1.0908,11250.3145,25,0
20710.0000,2071,2007,2.7000,7,1000,1000,1,9324.6032,0.0000,0.8965,1901.2284,0.0000,0.1458,26.6835,0.0000,0.0484,11252.5151,0.0000,1.0907,11252.5146,25,0
20720.0000,2072,2001,2.7000,1,1000,1000,1,9329.7533,0.0000,0.8963,1900.3108,0.0000,0.1457,26.6706,0.0000,0.0484,11256.7347,0.0000,1.0904,11256.7344,24,0
20730.0000,2073,2003,2.7000,3,1000,1000,1,9335.0339,0.0000,0.8964,1908.3548,0.0000,0.1458,26.6577,0.0000,0.0484,11270.0464,0.0000,1.0905,11270.0459,24,0
20740.0000,2074,2002,2.7000,2,1000,1000,1,9339.7941,0.0000,0.8964,1909.0685,0.0000,0.1458,26.6449,0.0000,0.0484,11275.5075,0.0000,1.0905,11275.5078,24,0
20750.0000,2075,2001,2.7000,1,1000,1000,1,9343.5980,0.0000,0.8962,1909.6149,0.0000,0.1459,26.6320,0.0000,0.0483,11279.8449,0.0000,1.0905,11279.8447,24,0
20760.0000,2076,2001,2.7000,3,998,1000,1,9348.3586,0.0000,0.8963,1910.2198,0.0000,0.1461,26.6192,0.0000,0.0483,11285.1975,0.0000,1.0908,11285.1973,24,0
20770.0000,2077,2002,2.7000,2,1000,1000,1,9351.8114,0.0000,0.8963,1909.6946,0.0000,0.1462,26.6064,0.0000,0.0483,11288.1124,0.0000,1.0908,11288.1123,24,0
20780.0000,2078,2003,2.7000,3,1000,1000,1,9357.0819,0.0000,0.8963,1908.7756,0.0000,0.1461,26.5936,0.0000,0.0483,11292.4511,0.0000,1.0907,11292.4512,24,0
20790.0000,2079,2001,2.7000,2,999,1000,1,9361.8376,0.0000,0.8961,1911.8281,0.0000,0.1463,26.5808,0.0000,0.0482,11300.2464,0.0000,1.0907,11300.2461,24,0
20800.0000,2080,2002,2.7000,2,1000,1000,1,9364.7362,0.0000,0.8962,1912.2180,0.0000,0.1463,26.5680,0.0000,0.0482,11303.5223,0.0000,1.0907,11303.5225,24,0
20810.0000,2081,2002,2.7000,2,1000,1000,1,9369.9276,0.0000,0.8961,1911.2992,0.0000,0.1463,26.5552,0.0000,0.0482,11307.7820,0.0000,1.0905,11307.7822,24,0
20820.0000,2082,2000,2.7000,0,1000,1000,1,9373.1816,0.0000,0.8961,1913.5934,0.0000,0.1463,26.5425,0.0000,0.0482,11313.3175,0.0000,1.0905,11313.3174,24,0
20830.0000,2083,2001,2.7000,1,1000,1000,1,9377.0780,0.0000,0.8961,1912.9832,0.0000,0.1462,26.5297,0.0000,0.0482,11316.5908,0.0000,1.0904,11316.5908,24,0
20840.0000,2084,2001,2.7000,1,1000,1000,1,9384.4206,0.0000,0.8964,1914.6704,0.0000,0.1464,26.5170,0.0000,0.0481,11325.6080,0.0000,1.0910,11325.6084,24,0
20850.0000,2085,2004,2.7000,4,1000,1000,1,9388.8034,0.0000,0.8965,1914.9413,0.0000,0.1464,26.5043,0.0000,0.0481,11330.2490,0.0000,1.0911,11330.2490,24,0
20860.0000,2086,2002,2.7000,2,1000,1000,1,9392.8322,0.0000,0.8965,1915.4336,0.0000,0.1465,26.4916,0.0000,0.0481,11334.7574,0.0000,1.0911,11334.7578,24,0
20870.0000,2087,2001,2.7000,1,1000,1000,1,9397.8266,0.0000,0.8966,1916.3754,0.0000,0.1466,26.4789,0.0000,0.0481,11340.6809,0.0000,1.0912,11340.6807,24,0
20880.0000,2088,2000,2.7000,0,1000,1000,1,9401.8682,0.0000,0.8964,1915.4576,0.0000,0.1466,26.4662,0.0000,0.0480,11343.7920,0.0000,1.0910,11343.7920,24,0
20890.0000,2089,2002,2.7000,2,1000,1000,1,9406.7005,0.0000,0.8966,1916.5616,0.0000,0.1467,26.4535,0.0000,0.0480,11349.7157,0.0000,1.0913,11349.7158,24,0
20900.0000,2090,2010,2.7000,10,1000,1000,1,9411.2121,0.0000,0.8969,1917.2827,0.0000,0.1467,26.4409,0.0000,0.0480,11354.9358,0.0000,1.0916,11354.9355,25,0
20910.0000,2091,2009,2.7000,9,1000,1000,1,9414.6986,0.0000,0.8970,1916.3658,0.0000,0.1466,26.4282,0.0000,0.0480,11357.4926,0.0000,1.0915,11357.4922,25,0
20920.0000,2092,2010,2.7000,10,1000,1000,1,9419.6274,0.0000,0.8971,1915.4498,0.0000,0.1465,26.4156,0.0000,0.0479,11361.4928,0.0000,1.0916,11361.4932,25,0
20930.0000,2093,2009,2.7000,9,1000,1000,1,9422.5548,0.0000,0.8971,1914.5346,0.0000,0.1464,26.4030,0.0000,0.0479,11363.4924,0.0000,1.0915,11363.4922,25,0
20940.0000,2094,2006,2.7000,6,1000,1000,1,9428.8150,0.0000,0.8973,1920.0576,0.0000,0.1464,26.3904,0.0000,0.0479,11375.2629,0.0000,1.0916,11375.2627,25,0
20950.0000,2095,1995,2.7000,1,994,1000,1,9433.1041,0.0000,0.8970,1920.5987,0.0000,0.1464,26.3778,0.0000,0.0479,11380.0805,0.0000,1.0913,11380.0801,24,0
20960.0000,2096,2004,2.7000,4,1000,1000,1,9437.1223,0.0000,0.8972,1920.5298,0.0000,0.1467,26.3652,0.0000,0.0479,11384.0173,0.0000,1.0918,11384.0176,24,0
20970.0000,2097,2005,2.7000,5,1000,1000,1,9442.3686,0.0000,0.8972,1921.1796,0.0000,0.1467,26.3526,0.0000,0.0478,11389.9007,0.0000,1.0918,11389.9004,24,0
20980.0000,2098,2002,2.7000,2,1000,1000,1,9445.9343,0.0000,0.8972,1920.2639,0.0000,0.1467,26.3401,0.0000,0.0478,11392.5383,0.0000,1.0917,11392.5381,24,0
20990.0000,2099,2001,2.7000,1,1000,1000,1,9451.2938,0.0000,0.8973,1919.3490,0.0000,0.1466,26.3275,0.0000,0.0478,11396.9703,0.0000,1.0917,11396.9707,24,0
21000.0000,2100,1999,2.7000,0,999,1000,1,9455.1102,0.0000,0.8974,1922.6994,0.0000,0.1467,26.3150,0.0000,0.0478,11404.1246,0.0000,1.0919,11404.1250,24,0
21010.0000,2101,2009,2.7000,9,1000,1000,1,9460.0226,0.0000,0.8977,1922.6789,0.0000,0.1467,26.3024,0.0000,0.0477,11409.0039,0.0000,1.0921,11409.0039,25,0
21020.0000,2102,2013,2.7000,13,1000,1000,1,9463.8180,0.0000,0.8978,1921.7642,0.0000,0.1466,26.2899,0.0000,0.0477,11411.8721,0.0000,1.0922,11411.8721,25,0
21030.0000,2103,2010,2.7000,10,1000,1000,1,9469.2181,0.0000,0.8979,1920.8503,0.0000,0.1466,26.2774,0.0000,0.0477,11416.3459,0.0000,1.0921,11416.3457,25,0
21040.0000,2104,2016,2.7000,16,1000,1000,1,9472.6611,0.0000,0.8981,1919.9374,0.0000,0.1465,26.2649,0.0000,0.0477,11418.8634,0.0000,1.0922,11418.8633,25,0
21050.0000,2105,2011,2.7000,11,1000,1000,1,9476.1282,0.0000,0.8979,1919.0253,0.0000,0.1464,26.2525,0.0000,0.0476,11421.4060,0.0000,1.0920,11421.4062,25,0
21060.0000,2106,2020,2.7000,20,1000,1000,1,9481.5955,0.0000,0.8983,1918.1141,0.0000,0.1463,26.2400,0.0000,0.0476,11425.9496,0.0000,1.0923,11425.9492,25,0
21070.0000,2107,2014,2.7000,14,1000,1000,1,9486.8687,0.0000,0.8982,1917.2037,0.0000,0.1463,26.2275,0.0000,0.0476,11430.3000,0.0000,1.0921,11430.2998,25,0
21080.0000,2108,2011,2.7000,11,1000,1000,1,9491.1911,0.0000,0.8982,1916.2942,0.0000,0.1462,26.2151,0.0000,0.0476,11433.7004,0.0000,1.0920,11433.7002,25,0
21090.0000,2109,2011,2.7000,11,1000,1000,1,9495.4890,0.0000,0.8981,1915.3856,0.0000,0.1461,26.2027,0.0000,0.0476,11437.0773,0.0000,1.0918,11437.0771,25,0
21100.0000,2110,2007,2.7000,7,1000,1000,1,9495.7104,0.0000,0.8980,1914.4779,0.0000,0.1461,26.1902,0.0000,0.0475,11436.3785,0.0000,1.0916,11436.3789,25,0
21110.0000,2111,2003,2.7000,3,1000,1000,1,9503.4224,0.0000,0.8979,1913.5709,0.0000,0.1460,26.1778,0.0000,0.0475,11443.1712,0.0000,1.0914,11443.1709,24,0
21120.0000,2112,2000,2.7000,0,1000,1000,1,9508.9209,0.0000,0.8980,1929.6327,0.0000,0.1461,26.1654,0.0000,0.0475,11464.7191,0.0000,1.0916,11464.7188,24,0
21130.0000,2113,2001,2.7000,1,1000,1000,1,9513.5205,0.0000,0.8981,1929.6042,0.0000,0.1461,26.1531,0.0000,0.0475,11469.2777,0.0000,1.0917,11469.2773,24,0
21140.0000,2114,2004,2.7000,4,1000,1000,1,9517.2782,0.0000,0.8982,1928.6914,0.0000,0.1461,26.1407,0.0000,0.0474,11472.1103,0.0000,1.0917,11472.1104,24,0
21150.0000,2115,2009,2.7000,9,1000,1000,1,9522.6379,0.0000,0.8984,1927.7795,0.0000,0.1460,26.1283,0.0000,0.0474,11476.5457,0.0000,1.0919,11476.5459,25,0
21160.0000,2116,2005,2.7000,5,1000,1000,1,9527.2522,0.0000,0.8984,1926.8685,0.0000,0.1459,26.1160,0.0000,0.0474,11480.2367,0.0000,1.0918,11480.2363,24,0
21170.0000,2117,2002,2.7000,2,1000,1000,1,9530.4820,0.0000,0.8985,1925.9583,0.0000,0.1459,26.1036,0.0000,0.0474,11482.5439,0.0000,1.0917,11482.5439,24,0
21180.0000,2118,2008,2.7000,8,1000,1000,1,9536.4359,0.0000,0.8986,1925.0489,0.0000,0.1458,26.0913,0.0000,0.0474,11487.5762,0.0000,1.0917,11487.5762,25,0
21190.0000,2119,1999,2.7000,1,998,1000,1,9540.9893,0.0000,0.8983,1933.6798,0.0000,0.1458,26.0790,0.0000,0.0473,11500.7482,0.0000,1.0914,11500.7480,24,0
21200.0000,2120,2002,2.7000,2,1000,1000,1,9545.4253,0.0000,0.8983,1934.2908,0.0000,0.1459,26.0667,0.0000,0.0473,11505.7829,0.0000,1.0915,11505.7832,24,0
21210.0000,2121,2002,2.7000,2,1000,1000,1,9549.4577,0.0000,0.8982,1933.3789,0.0000,0.1458,26.0544,0.0000,0.0473,11508.8910,0.0000,1.0913,11508.8906,24,0
21220.0000,2122,2007,2.7000,7,1000,1000,1,9553.0928,0.0000,0.8984,1932.4677,0.0000,0.1458,26.0421,0.0000,0.0473,11511.6027,0.0000,1.0914,11511.6025,25,0
21230.0000,2123,2008,2.7000,8,1000,1000,1,9557.4686,0.0000,0.8984,1931.5575,0.0000,0.1457,26.0299,0.0000,0.0472,11515.0559,0.0000,1.0914,11515.0557,25,0
21240.0000,2124,2004,2.7000,4,1000,1000,1,9563.0691,0.0000,0.8985,1930.6481,0.0000,0.1456,26.0176,0.0000,0.0472,11519.7348,0.0000,1.0914,11519.7344,24,0
21250.0000,2125,2003,2.7000,3,1000,1000,1,9567.6765,0.0000,0.8986,1929.7395,0.0000,0.1456,26.0054,0.0000,0.0472,11523.4214,0.0000,1.0913,11523.4219,24,0
21260.0000,2126,2005,2.7000,5,1000,1000,1,9572.3089,0.0000,0.8986,1928.8319,0.0000,0.1455,25.9931,0.0000,0.0472,11527.1339,0.0000,1.0913,11527.1338,24,0
21270.0000,2127,2003,2.7000,3,1000,1000,1,9576.5023,0.0000,0.8985,1927.9250,0.0000,0.1454,25.9809,0.0000,0.0472,11530.4083,0.0000,1.0911,11530.4082,24,0
21280.0000,2128,2005,2.7000,5,1000,1000,1,9581.1180,0.0000,0.8987,1927.0191,0.0000,0.1453,25.9687,0.0000,0.0471,11534.1058,0.0000,1.0912,11534.1055,24,0
21290.0000,2129,2001,2.7000,1,1000,1000,1,9585.8211,0.0000,0.8987,1939.3582,0.0000,0.1454,25.9565,0.0000,0.0471,11551.1358,0.0000,1.0912,11551.1357,24,0
21300.0000,2130,1996,2.7000,2,994,1000,1,9589.9784,0.0000,0.8985,1939.8587,0.0000,0.1456,25.9443,0.0000,0.0471,11555.7814,0.0000,1.0912,11555.7812,24,0
21310.0000,2131,2005,2.7000,5,1000,1000,1,9590.7830,0.0000,0.8984,1939.9390,0.0000,0.1458,25.9322,0.0000,0.0471,11556.6541,0.0000,1.0913,11556.6543,24,0
21320.0000,2132,2008,2.7000,8,1000,1000,1,9598.0519,0.0000,0.8985,1939.0291,0.0000,0.1458,25.9200,0.0000,0.0470,11563.0010,0.0000,1.0913,11563.0010,25,0
21330.0000,2133,2003,2.7000,3,1000,1000,1,9603.0781,0.0000,0.8985,1938.1200,0.0000,0.1457,25.9078,0.0000,0.0470,11567.1059,0.0000,1.0912,11567.1055,24,0
21340.0000,2134,2003,2.7000,3,1000,1000,1,9607.7318,0.0000,0.8984,1941.6218,0.0000,0.1457,25.8957,0.0000,0.0470,11575.2492,0.0000,1.0911,11575.2490,24,0
21350.0000,2135,2002,2.7000,2,1000,1000,1,9612.1573,0.0000,0.8983,1940.7123,0.0000,0.1457,25.8836,0.0000,0.0470,11578.7532,0.0000,1.0910,11578.7529,24,0
21360.0000,2136,2006,2.7000,6,1000,1000,1,9617.1256,0.0000,0.8984,1942.3797,0.0000,0.1457,25.8715,0.0000,0.0470,11585.3768,0.0000,1.0910,11585.3770,25,0
21370.0000,2137,2012,2.7000,12,1000,1000,1,9621.6725,0.0000,0.8985,1941.4708,0.0000,0.1456,25.8593,0.0000,0.0469,11589.0026,0.0000,1.0911,11589.0029,25,0
21380.0000,2138,2006,2.7000,6,1000,1000,1,9624.9645,0.0000,0.8985,1940.5627,0.0000,0.1456,25.8473,0.0000,0.0469,11591.3745,0.0000,1.0910,11591.3740,25,0
21390.0000,2139,2008,2.7000,8,1000,1000,1,9630.6322,0.0000,0.8986,1939.6555,0.0000,0.1455,25.8352,0.0000,0.0469,11596.1228,0.0000,1.0910,11596.1230,25,0
21400.0000,2140,2011,2.7000,11,1000,1000,1,9633.6264,0.0000,0.8987,1938.7491,0.0000,0.1454,25.8231,0.0000,0.0469,11598.1986,0.0000,1.0910,11598.1982,25,0
21410.0000,2141,2010,2.7000,10,1000,1000,1,9639.4286,0.0000,0.8986,1937.8436,0.0000,0.1454,25.8110,0.0000,0.0468,11603.0832,0.0000,1.0908,11603.0830,25,0
21420.0000,2142,2012,2.7000,12,1000,1000,1,9641.3120,0.0000,0.8985,1936.9389,0.0000,0.1453,25.7990,0.0000,0.0468,11604.0499,0.0000,1.0906,11604.0498,25,0
21430.0000,2143,2013,2.7000,13,1000,1000,1,9647.7665,0.0000,0.8986,1936.0350,0.0000,0.1452,25.7869,0.0000,0.0468,11609.5885,0.0000,1.0907,11609.5889,25,0
21440.0000,2144,2012,2.7000,12,1000,1000,1,9652.8904,0.0000,0.8986,1935.1320,0.0000,0.1451,25.7749,0.0000,0.0468,11613.7974,0.0000,1.0905,11613.7969,25,0
21450.0000,2145,2012,2.7000,12,1000,1000,1,9656.8510,0.0000,0.8986,1934.2299,0.0000,0.1451,25.7629,0.0000,0.0468,11616.8437,0.0000,1.0904,11616.8438,25,0
21460.0000,2146,2013,2.7000,13,1000,1000,1,9661.1209,0.0000,0.8988,1933.3285,0.0000,0.1450,25.7509,0.0000,0.0467,11620.2004,0.0000,1.0905,11620.2002,25,0
21470.0000,2147,2021,2.7000,21,1000,1000,1,9665.1977,0.0000,0.8991,1932.4281,0.0000,0.1449,25.7389,0.0000,0.0467,11623.3647,0.0000,1.0907,11623.3643,26,0
21480.0000,2148,2026,2.7000,26,1000,1000,1,9670.9278,0.0000,0.8991,1931.5284,0.0000,0.1449,25.7269,0.0000,0.0467,11628.1831,0.0000,1.0906,11628.1836,26,0
21490.0000,2149,2029,2.7000,29,1000,1000,1,9675.2162,0.0000,0.8992,1930.6296,0.0000,0.1448,25.7149,0.0000,0.0467,11631.5608,0.0000,1.0907,11631.5605,26,0
21500.0000,2150,2030,2.7000,30,1000,1000,1,9679.3518,0.0000,0.8992,1929.7317,0.0000,0.1447,25.7030,0.0000,0.0467,11634.7865,0.0000,1.0906,11634.7861,26,0
21510.0000,2151,2028,2.7000,28,1000,1000,1,9682.3747,0.0000,0.8991,1928.8345,0.0000,0.1447,25.6910,0.0000,0.0466,11636.9003,0.0000,1.0904,11636.9004,26,0
21520.0000,2152,2027,2.7000,27,1000,1000,1,9688.4763,0.0000,0.8990,1927.9382,0.0000,0.1446,25.6791,0.0000,0.0466,11642.0936,0.0000,1.0902,11642.0938,26,0
21530.0000,2153,2023,2.7000,23,1000,1000,1,9691.7755,0.0000,0.8990,1927.0428,0.0000,0.1445,25.6672,0.0000,0.0466,11644.4854,0.0000,1.0901,11644.4854,26,0
21540.0000,2154,2026,2.7000,26,1000,1000,1,9696.2935,0.0000,0.8990,1926.1481,0.0000,0.1445,25.6553,0.0000,0.0466,11648.0968,0.0000,1.0900,11648.0967,26,0
21550.0000,2155,2024,2.7000,24,1000,1000,1,9700.8130,0.0000,0.8990,1925.2543,0.0000,0.1444,25.6434,0.0000,0.0465,11651.7107,0.0000,1.0899,11651.7109,26,0
21560.0000,2156,2015,2.7000,15,1000,1000,1,9705.2791,0.0000,0.8987,1924.3613,0.0000,0.1443,25.6315,0.0000,0.0465,11655.2719,0.0000,1.0896,11655.2715,25,0
21570.0000,2157,2007,2.7000,7,1000,1000,1,9710.4245,0.0000,0.8987,1923.4692,0.0000,0.1443,25.6196,0.0000,0.0465,11659.5133,0.0000,1.0895,11659.5137,25,0
21580.0000,2158,2002,2.7000,2,1000,1000,1,9714.7784,0.0000,0.8987,1954.3542,0.0000,0.1443,25.6077,0.0000,0.0465,11694.7403,0.0000,1.0895,11694.7402,24,0
21590.0000,2159,2004,2.7000,4,1000,1000,1,9718.6624,0.0000,0.8988,1953.4490,0.0000,0.1442,25.5958,0.0000,0.0465,11697.7072,0.0000,1.0895,11697.7070,24,0
21600.0000,2160,2002,2.7000,2,1000,1000,1,9723.7467,0.0000,0.8987,1952.5446,0.0000,0.1441,25.5840,0.0000,0.0464,11701.8753,0.0000,1.0893,11701.8750,24,0
21610.0000,2161,2004,2.7000,4,1000,1000,1,9729.3185,0.0000,0.8988,1951.6411,0.0000,0.1441,25.5722,0.0000,0.0464,11706.5318,0.0000,1.0892,11706.5322,24,0
21620.0000,2162,1999,2.7000,1,998,1000,1,9733.2842,0.0000,0.8986,1950.7384,0.0000,0.1440,25.5603,0.0000,0.0464,11709.5829,0.0000,1.0890,11709.5830,24,0
21630.0000,2163,2003,2.7000,3,1000,1000,1,9738.2327,0.0000,0.8986,1957.4059,0.0000,0.1442,25.5485,0.0000,0.0464,11721.1871,0.0000,1.0892,11721.1875,24,0
21640.0000,2164,2002,2.7000,2,1000,1000,1,9740.5312,0.0000,0.8988,1956.5013,0.0000,0.1441,25.5367,0.0000,0.0463,11722.5692,0.0000,1.0893,11722.5693,24,0
21650.0000,2165,2012,2.7000,12,1000,1000,1,9747.2418,0.0000,0.8991,1955.5976,0.0000,0.1441,25.5249,0.0000,0.0463,11728.3644,0.0000,1.0895,11728.3643,25,0
21660.0000,2166,2009,2.7000,9,1000,1000,1,9751.1598,0.0000,0.8991,1954.6948,0.0000,0.1440,25.5131,0.0000,0.0463,11731.3677,0.0000,1.0894,11731.3672,25,0
21670.0000,2167,2002,2.7000,2,1000,1000,1,9754.4621,0.0000,0.8989,1953.7927,0.0000,0.1439,25.5014,0.0000,0.0463,11733.7562,0.0000,1.0892,11733.7559,24,0
21680.0000,2168,2003,2.7000,3,1000,1000,1,9760.6974,0.0000,0.8988,1960.3214,0.0000,0.1440,25.4896,0.0000,0.0463,11746.5083,0.0000,1.0891,11746.5088,24,0
21690.0000,2169,2001,2.7000,1,1000,1000,1,9765.0877,0.0000,0.8987,1961.0017,0.0000,0.1442,25.4778,0.0000,0.0462,11751.5672,0.0000,1.0891,11751.5674,24,0
21700.0000,2170,1999,2.7000,0,999,1000,1,9767.1865,0.0000,0.8985,1961.3307,0.0000,0.1443,25.4661,0.0000,0.0462,11753.9833,0.0000,1.0891,11753.9834,24,0
21710.0000,2171,2001,2.7000,1,1000,1000,1,9773.5882,0.0000,0.8984,1961.9680,0.0000,0.1444,25.4544,0.0000,0.0462,11761.0106,0.0000,1.0890,11761.0107,24,0
21720.0000,2172,2001,2.7000,1,1000,1000,1,9777.4747,0.0000,0.8983,1962.4666,0.0000,0.1445,25.4426,0.0000,0.0462,11765.3840,0.0000,1.0890,11765.3838,24,0
21730.0000,2173,1997,2.7000,1,996,1000,1,9781.9223,0.0000,0.8980,1963.0568,0.0000,0.1446,25.4309,0.0000,0.0462,11770.4100,0.0000,1.0888,11770.4102,24,0
21740.0000,2174,2002,2.7000,2,1000,1000,1,9785.6609,0.0000,0.8981,1963.6198,0.0000,0.1448,25.4192,0.0000,0.0461,11774.6999,0.0000,1.0891,11774.7002,24,0
21750.0000,2175,2004,2.7000,4,1000,1000,1,9791.0390,0.0000,0.8980,1962.7170,0.0000,0.1448,25.4076,0.0000,0.0461,11779.1635,0.0000,1.0889,11779.1631,24,0
21760.0000,2176,1999,2.7000,0,999,1000,1,9795.4277,0.0000,0.8980,1961.8150,0.0000,0.1447,25.3959,0.0000,0.0461,11782.6385,0.0000,1.0888,11782.6387,24,0
21770.0000,2177,2002,2.7000,2,1000,1000,1,9800.7240,0.0000,0.8979,1965.2904,0.0000,0.1448,25.3842,0.0000,0.0461,11791.3986,0.0000,1.0888,11791.3984,24,0
21780.0000,2178,1999,2.7000,0,999,1000,1,9800.3368,0.0000,0.8976,1965.1619,0.0000,0.1448,25.3726,0.0000,0.0461,11790.8713,0.0000,1.0885,11790.8711,24,0
21790.0000,2179,1997,2.7000,1,996,1000,1,9809.6459,0.0000,0.8975,1966.4120,0.0000,0.1448,25.3609,0.0000,0.0460,11801.4188,0.0000,1.0884,11801.4189,24,0
21800.0000,2180,1999,2.7000,0,999,1000,1,9813.3930,0.0000,0.8973,1966.7388,0.0000,0.1452,25.3493,0.0000,0.0460,11805.4811,0.0000,1.0886,11805.4814,24,0
21810.0000,2181,2002,2.7000,2,1000,1000,1,9817.8160,0.0000,0.8973,1967.4572,0.0000,0.1453,25.3377,0.0000,0.0460,11810.6109,0.0000,1.0886,11810.6113,24,0
21820.0000,2182,2005,2.7000,5,1000,1000,1,9822.8820,0.0000,0.8974,1966.5555,0.0000,0.1453,25.3260,0.0000,0.0460,11814.7636,0.0000,1.0886,11814.7637,24,0
21830.0000,2183,2003,2.7000,6,997,1000,1,9827.4333,0.0000,0.8974,1968.5129,0.0000,0.1454,25.3144,0.0000,0.0459,11821.2606,0.0000,1.0887,11821.2607,25,0
21840.0000,2184,2001,2.7000,1,1000,1000,1,9830.8677,0.0000,0.8973,1968.9425,0.0000,0.1456,25.3029,0.0000,0.0459,11825.1131,0.0000,1.0888,11825.1133,24,0
21850.0000,2185,2000,2.7000,1,999,1000,1,9836.5531,0.0000,0.8973,1968.0414,0.0000,0.1455,25.2913,0.0000,0.0459,11829.8858,0.0000,1.0887,11829.8857,24,0
21860.0000,2186,2005,2.7000,5,1000,1000,1,9841.2318,0.0000,0.8974,1968.8726,0.0000,0.1455,25.2797,0.0000,0.0459,11835.3841,0.0000,1.0888,11835.3838,24,0
21870.0000,2187,2009,2.7000,9,1000,1000,1,9844.2293,0.0000,0.8975,1967.9723,0.0000,0.1454,25.2681,0.0000,0.0459,11837.4698,0.0000,1.0888,11837.4697,25,0
21880.0000,2188,2008,2.7000,8,1000,1000,1,9849.0683,0.0000,0.8973,1967.0729,0.0000,0.1453,25.2566,0.0000,0.0458,11841.3978,0.0000,1.0885,11841.3975,25,0
21890.0000,2189,2005,2.7000,5,1000,1000,1,9854.6418,0.0000,0.8974,1966.1743,0.0000,0.1453,25.2451,0.0000,0.0458,11846.0611,0.0000,1.0885,11846.0615,24,0
21900.0000,2190,2004,2.7000,4,1000,1000,1,9858.7780,0.0000,0.8974,1965.2765,0.0000,0.1452,25.2335,0.0000,0.0458,11849.2880,0.0000,1.0884,11849.2881,24,0
21910.0000,2191,2000,2.7000,0,1000,1000,1,9861.9587,0.0000,0.8972,1964.3795,0.0000,0.1451,25.2220,0.0000,0.0458,11851.5602,0.0000,1.0881,11851.5605,24,0
21920.0000,2192,2002,2.7000,2,1000,1000,1,9867.9655,0.0000,0.8973,1972.8346,0.0000,0.1452,25.2105,0.0000,0.0458,11866.0106,0.0000,1.0882,11866.0107,24,0
21930.0000,2193,2009,2.7000,9,1000,1000,1,9872.5285,0.0000,0.8973,1971.9350,0.0000,0.1451,25.1990,0.0000,0.0457,11869.6625,0.0000,1.0881,11869.6621,25,0
21940.0000,2194,2012,2.7000,12,1000,1000,1,9877.0762,0.0000,0.8974,1971.0362,0.0000,0.1450,25.1875,0.0000,0.0457,11873.3000,0.0000,1.0882,11873.2998,25,0
21950.0000,2195,2021,2.7000,21,1000,1000,1,9881.5005,0.0000,0.8978,1970.1383,0.0000,0.1450,25.1760,0.0000,0.0457,11876.8148,0.0000,1.0884,11876.8145,26,0
21960.0000,2196,2017,2.7000,17,1000,1000,1,9882.8652,0.0000,0.8977,1969.2411,0.0000,0.1449,25.1646,0.0000,0.0457,11877.2709,0.0000,1.0883,11877.2705,25,0
21970.0000,2197,2013,2.7000,13,1000,1000,1,9889.5423,0.0000,0.8977,1968.3448,0.0000,0.1448,25.1531,0.0000,0.0457,11883.0402,0.0000,1.0882,11883.0400,25,0
21980.0000,2198,2015,2.7000,15,1000,1000,1,9894.2999,0.0000,0.8978,1967.4493,0.0000,0.1448,25.1417,0.0000,0.0456,11886.8909,0.0000,1.0882,11886.8906,25,0
21990.0000,2199,2022,2.7000,22,1000,1000,1,9899.3749,0.0000,0.8979,1966.5546,0.0000,0.1447,25.1303,0.0000,0.0456,11891.0598,0.0000,1.0882,11891.0596,26,0
22000.0000,2200,2024,2.7000,24,1000,1000,1,9902.3958,0.0000,0.8980,1965.6607,0.0000,0.1446,25.1188,0.0000,0.0456,11893.1753,0.0000,1.0882,11893.1748,26,0
22010.0000,2201,2022,2.7000,22,1000,1000,1,9908.1140,0.0000,0.8979,1964.7676,0.0000,0.1446,25.1074,0.0000,0.0456,11897.9890,0.0000,1.0881,11897.9893,26,0
22020.0000,2202,2025,2.7000,25,1000,1000,1,9912.4022,0.0000,0.8979,1963.8753,0.0000,0.1445,25.0960,0.0000,0.0455,11901.3736,0.0000,1.0880,11901.3740,26,0
22030.0000,2203,2017,2.7000,17,1000,1000,1,9915.3164,0.0000,0.8977,1962.9839,0.0000,0.1444,25.0846,0.0000,0.0455,11903.3849,0.0000,1.0877,11903.3848,25,0
22040.0000,2204,2020,2.7000,20,1000,1000,1,9920.4316,0.0000,0.8977,1962.0932,0.0000,0.1444,25.0732,0.0000,0.0455,11907.5981,0.0000,1.0876,11907.5977,25,0
22050.0000,2205,2017,2.7000,17,1000,1000,1,9925.5354,0.0000,0.8977,1961.2034,0.0000,0.1443,25.0619,0.0000,0.0455,11911.8007,0.0000,1.0875,11911.8008,25,0
22060.0000,2206,2012,2.7000,12,1000,1000,1,9928.3254,0.0000,0.8976,1960.3144,0.0000,0.1442,25.0505,0.0000,0.0455,11913.6903,0.0000,1.0874,11913.6904,25,0
22070.0000,2207,2011,2.7000,11,1000,1000,1,9933.8919,0.0000,0.8976,1959.4261,0.0000,0.1442,25.0392,0.0000,0.0454,11918.3572,0.0000,1.0872,11918.3574,25,0
22080.0000,2208,2016,2.7000,16,1000,1000,1,9939.4588,0.0000,0.8978,1958.5387,0.0000,0.1441,25.0278,0.0000,0.0454,11923.0254,0.0000,1.0873,11923.0254,25,0
22090.0000,2209,2022,2.7000,22,1000,1000,1,9943.9936,0.0000,0.8980,1957.6521,0.0000,0.1440,25.0165,0.0000,0.0454,11926.6622,0.0000,1.0874,11926.6621,26,0
22100.0000,2210,2019,2.7000,19,1000,1000,1,9945.1340,0.0000,0.8977,1956.7663,0.0000,0.1440,25.0052,0.0000,0.0454,11926.9055,0.0000,1.0871,11926.9053,25,0
22110.0000,2211,2014,2.7000,14,1000,1000,1,9949.7963,0.0000,0.8975,1955.8813,0.0000,0.1439,24.9939,0.0000,0.0454,11930.6714,0.0000,1.0867,11930.6719,25,0
22120.0000,2212,2016,2.7000,16,1000,1000,1,9954.3044,0.0000,0.8975,1954.9971,0.0000,0.1439,24.9826,0.0000,0.0453,11934.2840,0.0000,1.0867,11934.2842,25,0
22130.0000,2213,2010,2.7000,10,1000,1000,1,9961.4115,0.0000,0.8975,1954.1136,0.0000,0.1438,24.9713,0.0000,0.0453,11940.4965,0.0000,1.0866,11940.4961,25,0
22140.0000,2214,2001,2.7000,1,1000,1000,1,9966.3925,0.0000,0.8974,1985.6091,0.0000,0.1438,24.9600,0.0000,0.0453,11976.9616,0.0000,1.0865,11976.9619,24,0
22150.0000,2215,1999,2.7000,0,999,1000,1,9968.2804,0.0000,0.8973,1984.7127,0.0000,0.1437,24.9487,0.0000,0.0453,11977.9418,0.0000,1.0863,11977.9414,24,0
22160.0000,2216,2001,2.7000,1,1000,1000,1,9975.0154,0.0000,0.8973,1986.4885,0.0000,0.1439,24.9375,0.0000,0.0453,11986.4413,0.0000,1.0865,11986.4414,24,0
22170.0000,2217,2001,2.7000,1,1000,1000,1,9977.4326,0.0000,0.8971,1986.8950,0.0000,0.1439,24.9262,0.0000,0.0452,11989.2537,0.0000,1.0863,11989.2539,24,0
22180.0000,2218,1997,2.7000,0,997,1000,1,9984.1896,0.0000,0.8970,1987.7522,0.0000,0.1440,24.9150,0.0000,0.0452,11996.8568,0.0000,1.0863,11996.8564,24,0
22190.0000,2219,2001,2.7000,1,1000,1000,1,9987.8158,0.0000,0.8970,1987.0870,0.0000,0.1441,24.9038,0.0000,0.0452,11999.8065,0.0000,1.0863,11999.8066,24,0
22200.0000,2220,2009,2.7000,9,1000,1000,1,9993.4095,0.0000,0.8974,1986.1919,0.0000,0.1441,24.8925,0.0000,0.0452,12004.4940,0.0000,1.0867,12004.4941,25,0
22210.0000,2221,2004,2.7000,4,1000,1000,1,9997.8459,0.0000,0.8973,1985.2976,0.0000,0.1440,24.8813,0.0000,0.0452,12008.0249,0.0000,1.0864,12008.0244,24,0
22220.0000,2222,2001,2.7000,2,999,1000,1,10002.3504,0.0000,0.8973,1989.9620,0.0000,0.1441,24.8701,0.0000,0.0451,12017.1825,0.0000,1.0865,12017.1826,24,0
22230.0000,2223,2003,2.7000,3,1000,1000,1,10006.1693,0.0000,0.8974,1989.0790,0.0000,0.1440,24.8589,0.0000,0.0451,12020.1073,0.0000,1.0866,12020.1074,24,0
22240.0000,2224,2002,2.7000,2,1000,1000,1,10010.2107,0.0000,0.8975,1988.1847,0.0000,0.1440,24.8478,0.0000,0.0451,12023.2432,0.0000,1.0866,12023.2432,24,0
22250.0000,2225,1998,2.7000,2,996,1000,1,10015.5135,0.0000,0.8975,1991.3885,0.0000,0.1441,24.8366,0.0000,0.0451,12031.7386,0.0000,1.0867,12031.7383,24,0
22260.0000,2226,2001,2.7000,1,1000,1000,1,10019.8243,0.0000,0.8975,1991.4375,0.0000,0.1443,24.8254,0.0000,0.0451,12036.0872,0.0000,1.0869,12036.0869,24,0
22270.0000,2227,2003,2.7000,3,1000,1000,1,10024.3112,0.0000,0.8977,1990.5432,0.0000,0.1442,24.8143,0.0000,0.0450,12039.6687,0.0000,1.0870,12039.6689,24,0
22280.0000,2228,2004,2.7000,4,1000,1000,1,10029.1290,0.0000,0.8978,1989.6498,0.0000,0.1442,24.8032,0.0000,0.0450,12043.5820,0.0000,1.0870,12043.5820,24,0
22290.0000,2229,1999,2.7000,0,999,1000,1,10028.5618,0.0000,0.8975,1993.5829,0.0000,0.1442,24.7920,0.0000,0.0450,12046.9367,0.0000,1.0867,12046.9365,24,0
22300.0000,2230,2004,2.7000,4,1000,1000,1,10037.0329,0.0000,0.8976,1994.0713,0.0000,0.1443,24.7809,0.0000,0.0450,12055.8851,0.0000,1.0869,12055.8848,24,0
22310.0000,2231,2001,2.7000,1,1000,1000,1,10041.5045,0.0000,0.8977,1993.1775,0.0000,0.1442,24.7698,0.0000,0.0450,12059.4518,0.0000,1.0869,12059.4521,24,0
22320.0000,2232,2004,2.7000,4,1000,1000,1,10047.0339,0.0000,0.8978,1995.1243,0.0000,0.1444,24.7587,0.0000,0.0449,12066.9168,0.0000,1.0872,12066.9170,24,0
22330.0000,2233,1999,2.7000,0,999,1000,1,10050.1703,0.0000,0.8977,1995.4806,0.0000,0.1445,24.7476,0.0000,0.0449,12070.3985,0.0000,1.0871,12070.3984,24,0
22340.0000,2234,1995,2.7000,0,995,1000,1,10055.0618,0.0000,0.8976,1996.4468,0.0000,0.1447,24.7365,0.0000,0.0449,12076.2452,0.0000,1.0872,12076.2451,24,0
22350.0000,2235,2000,2.7000,0,1000,1000,1,10058.2807,0.0000,0.8973,1996.9257,0.0000,0.1451,24.7255,0.0000,0.0449,12079.9318,0.0000,1.0873,12079.9316,24,0
22360.0000,2236,2004,2.7000,4,1000,1000,1,10064.1230,0.0000,0.8974,1996.3384,0.0000,0.1452,24.7144,0.0000,0.0449,12085.1758,0.0000,1.0874,12085.1758,24,0
22370.0000,2237,2002,2.7000,2,1000,1000,1,10066.0531,0.0000,0.8974,1995.4460,0.0000,0.1451,24.7034,0.0000,0.0448,12086.2024,0.0000,1.0873,12086.2021,24,0
22380.0000,2238,2000,2.7000,1,999,1000,1,10073.1657,0.0000,0.8973,1998.6035,0.0000,0.1451,24.6923,0.0000,0.0448,12096.4615,0.0000,1.0873,12096.4619,24,0
22390.0000,2239,2001,2.7000,1,1000,1000,1,10078.0739,0.0000,0.8972,1999.3134,0.0000,0.1452,24.6813,0.0000,0.0448,12102.0686,0.0000,1.0871,12102.0684,24,0
22400.0000,2240,2001,2.7000,1,1000,1000,1,10082.4425,0.0000,0.8971,1999.3208,0.0000,0.1454,24.6703,0.0000,0.0448,12106.4336,0.0000,1.0873,12106.4336,24,0
22410.0000,2241,2001,2.7000,3,998,1000,1,10086.5633,0.0000,0.8970,1999.7512,0.0000,0.1453,24.6593,0.0000,0.0448,12110.9738,0.0000,1.0871,12110.9736,24,0
22420.0000,2242,2000,2.7000,1,999,1000,1,10089.7708,0.0000,0.8971,2000.4539,0.0000,0.1454,24.6483,0.0000,0.0447,12114.8729,0.0000,1.0872,12114.8730,24,0
22430.0000,2243,1999,2.7000,0,999,1000,1,10095.0856,0.0000,0.8970,2001.5496,0.0000,0.1455,24.6373,0.0000,0.0447,12121.2725,0.0000,1.0872,12121.2725,24,0
22440.0000,2244,2002,2.7000,2,1000,1000,1,10100.6415,0.0000,0.8972,2001.4448,0.0000,0.1456,24.6263,0.0000,0.0447,12126.7126,0.0000,1.0875,12126.7129,24,0
22450.0000,2245,2002,2.7000,2,1000,1000,1,10104.9231,0.0000,0.8971,2002.3032,0.0000,0.1457,24.6153,0.0000,0.0447,12131.8416,0.0000,1.0874,12131.8418,24,0
22460.0000,2246,2002,2.7000,2,1000,1000,1,10109.6309,0.0000,0.8971,2001.4117,0.0000,0.1456,24.6044,0.0000,0.0447,12135.6470,0.0000,1.0873,12135.6465,24,0
22470.0000,2247,2010,2.7000,10,1000,1000,1,10113.9449,0.0000,0.8974,2000.5210,0.0000,0.1455,24.5934,0.0000,0.0446,12139.0593,0.0000,1.0875,12139.0596,25,0
22480.0000,2248,2012,2.7000,12,1000,1000,1,10117.8254,0.0000,0.8974,1999.6311,0.0000,0.1455,24.5825,0.0000,0.0446,12142.0390,0.0000,1.0875,12142.0391,25,0
22490.0000,2249,2001,2.7000,1,1000,1000,1,10120.3552,0.0000,0.8972,1998.7420,0.0000,0.1454,24.5716,0.0000,0.0446,12143.6687,0.0000,1.0871,12143.6689,24,0
22500.0000,2250,2003,2.7000,5,998,1000,1,10127.5852,0.0000,0.8972,2005.5006,0.0000,0.1455,24.5606,0.0000,0.0446,12157.6464,0.0000,1.0873,12157.6465,24,0
22510.0000,2251,2001,2.7000,1,1000,1000,1,10130.9590,0.0000,0.8972,2005.1612,0.0000,0.1455,24.5497,0.0000,0.0446,12160.6700,0.0000,1.0873,12160.6699,24,0
22520.0000,2252,1993,2.7000,0,993,1000,1,10132.5926,0.0000,0.8970,2006.5174,0.0000,0.1457,24.5388,0.0000,0.0445,12163.6487,0.0000,1.0873,12163.6484,24,0
22530.0000,2253,1994,2.7000,0,994,1000,1,10138.5833,0.0000,0.8970,2007.1610,0.0000,0.1458,24.5279,0.0000,0.0445,12170.2722,0.0000,1.0873,12170.2725,24,0
22540.0000,2254,2000,2.7000,2,998,1000,1,10145.2380,0.0000,0.8969,2007.7198,0.0000,0.1461,24.5170,0.0000,0.0445,12177.4749,0.0000,1.0875,12177.4746,24,0
22550.0000,2255,2010,2.7000,10,1000,1000,1,10149.8761,0.0000,0.8971,2007.2172,0.0000,0.1461,24.5062,0.0000,0.0445,12181.5995,0.0000,1.0877,12181.5996,25,0
22560.0000,2256,2009,2.7000,9,1000,1000,1,10154.0145,0.0000,0.8969,2006.3275,0.0000,0.1461,24.4953,0.0000,0.0445,12184.8373,0.0000,1.0875,12184.8369,25,0
22570.0000,2257,2006,2.7000,6,1000,1000,1,10156.6845,0.0000,0.8969,2005.4385,0.0000,0.1460,24.4845,0.0000,0.0444,12186.6075,0.0000,1.0873,12186.6074,25,0
22580.0000,2258,2012,2.7000,12,1000,1000,1,10162.9450,0.0000,0.8970,2004.5504,0.0000,0.1459,24.4736,0.0000,0.0444,12191.9690,0.0000,1.0874,12191.9688,25,0
22590.0000,2259,2012,2.7000,12,1000,1000,1,10167.6927,0.0000,0.8971,2003.6630,0.0000,0.1459,24.4628,0.0000,0.0444,12195.8185,0.0000,1.0874,12195.8184,25,0
22600.0000,2260,2007,2.7000,7,1000,1000,1,10171.8576,0.0000,0.8971,2002.7764,0.0000,0.1458,24.4520,0.0000,0.0444,12199.0860,0.0000,1.0873,12199.0859,25,0
22610.0000,2261,2010,2.7000,10,1000,1000,1,10176.5697,0.0000,0.8971,2001.8907,0.0000,0.1457,24.4411,0.0000,0.0444,12202.9015,0.0000,1.0872,12202.9014,25,0
22620.0000,2262,2007,2.7000,7,1000,1000,1,10180.3026,0.0000,0.8970,2001.0056,0.0000,0.1457,24.4303,0.0000,0.0443,12205.7386,0.0000,1.0870,12205.7383,25,0
22630.0000,2263,2010,2.7000,10,1000,1000,1,10184.5898,0.0000,0.8971,2000.1214,0.0000,0.1456,24.4195,0.0000,0.0443,12209.1308,0.0000,1.0871,12209.1309,25,0
22640.0000,2264,2018,2.7000,18,1000,1000,1,10190.1326,0.0000,0.8973,1999.2380,0.0000,0.1455,24.4088,0.0000,0.0443,12213.7793,0.0000,1.0871,12213.7793,25,0
22650.0000,2265,2021,2.7000,21,1000,1000,1,10194.3807,0.0000,0.8975,1998.3553,0.0000,0.1455,24.3980,0.0000,0.0443,12217.1340,0.0000,1.0872,12217.1338,26,0
22660.0000,2266,2020,2.7000,20,1000,1000,1,10198.4236,0.0000,0.8975,1997.4734,0.0000,0.1454,24.3872,0.0000,0.0443,12220.2842,0.0000,1.0872,12220.2842,25,0
22670.0000,2267,2015,2.7000,15,1000,1000,1,10201.8464,0.0000,0.8974,1996.5923,0.0000,0.1453,24.3765,0.0000,0.0442,12222.8152,0.0000,1.0870,12222.8154,25,0
22680.0000,2268,2016,2.7000,16,1000,1000,1,10206.6790,0.0000,0.8975,1995.7120,0.0000,0.1453,24.3657,0.0000,0.0442,12226.7567,0.0000,1.0870,12226.7568,25,0
22690.0000,2269,2015,2.7000,15,1000,1000,1,10211.9639,0.0000,0.8975,1994.8324,0.0000,0.1452,24.3550,0.0000,0.0442,12231.1513,0.0000,1.0869,12231.1514,25,0
22700.0000,2270,2012,2.7000,12,1000,1000,1,10213.7264,0.0000,0.8974,1993.9536,0.0000,0.1452,24.3442,0.0000,0.0442,12232.0243,0.0000,1.0867,12232.0244,25,0
22710.0000,2271,2016,2.7000,16,1000,1000,1,10219.8861,0.0000,0.8974,1993.0756,0.0000,0.1451,24.3335,0.0000,0.0442,12237.2953,0.0000,1.0867,12237.2949,25,0
22720.0000,2272,2013,2.7000,13,1000,1000,1,10225.7947,0.0000,0.8975,1992.1984,0.0000,0.1450,24.3228,0.0000,0.0441,12242.3159,0.0000,1.0867,12242.3154,25,0
22730.0000,2273,2012,2.7000,12,1000,1000,1,10230.2046,0.0000,0.8975,1991.3219,0.0000,0.1450,24.3121,0.0000,0.0441,12245.8387,0.0000,1.0866,12245.8389,25,0
22740.0000,2274,2005,2.7000,5,1000,1000,1,10232.4747,0.0000,0.8974,1990.4462,0.0000,0.1449,24.3014,0.0000,0.0441,12247.2224,0.0000,1.0864,12247.2227,24,0
22750.0000,2275,2001,2.7000,3,998,1000,1,10239.0354,0.0000,0.8973,2019.4941,0.0000,0.1449,24.2907,0.0000,0.0441,12282.8202,0.0000,1.0863,12282.8203,24,0
22760.0000,2276,2000,2.7000,0,1000,1000,1,10243.1742,0.0000,0.8974,2020.1420,0.0000,0.1450,24.2801,0.0000,0.0441,12287.5962,0.0000,1.0864,12287.5967,24,0
22770.0000,2277,2002,2.7000,2,1000,1000,1,10248.2100,0.0000,0.8974,2020.4456,0.0000,0.1450,24.2694,0.0000,0.0440,12292.9250,0.0000,1.0865,12292.9248,24,0
22780.0000,2278,2003,2.7000,3,1000,1000,1,10252.6286,0.0000,0.8974,2021.2303,0.0000,0.1450,24.2587,0.0000,0.0440,12298.1177,0.0000,1.0864,12298.1182,24,0
22790.0000,2279,2001,2.7000,1,1000,1000,1,10256.5578,0.0000,0.8973,2021.8866,0.0000,0.1451,24.2481,0.0000,0.0440,12302.6925,0.0000,1.0864,12302.6924,24,0
22800.0000,2280,2005,2.7000,5,1000,1000,1,10261.5401,0.0000,0.8975,2021.6828,0.0000,0.1451,24.2375,0.0000,0.0440,12307.4604,0.0000,1.0866,12307.4600,24,0
22810.0000,2281,2003,2.7000,3,1000,1000,1,10265.8183,0.0000,0.8975,2020.7965,0.0000,0.1450,24.2268,0.0000,0.0440,12310.8416,0.0000,1.0865,12310.8418,24,0
22820.0000,2282,2011,2.7000,11,1000,1000,1,10270.4364,0.0000,0.8979,2019.9110,0.0000,0.1450,24.2162,0.0000,0.0440,12314.5636,0.0000,1.0868,12314.5635,25,0
22830.0000,2283,2000,2.7000,0,1000,1000,1,10272.8044,0.0000,0.8979,2019.0262,0.0000,0.1449,24.2056,0.0000,0.0439,12316.0362,0.0000,1.0867,12316.0361,24,0
22840.0000,2284,2005,2.7000,5,1000,1000,1,10278.8439,0.0000,0.8981,2024.0850,0.0000,0.1451,24.1950,0.0000,0.0439,12327.1239,0.0000,1.0870,12327.1240,24,0
22850.0000,2285,2010,2.7000,10,1000,1000,1,10283.4469,0.0000,0.8982,2023.1992,0.0000,0.1450,24.1844,0.0000,0.0439,12330.8306,0.0000,1.0871,12330.8311,25,0
22860.0000,2286,2011,2.7000,11,1000,1000,1,10287.7031,0.0000,0.8982,2022.3142,0.0000,0.1449,24.1739,0.0000,0.0439,12334.1911,0.0000,1.0870,12334.1914,25,0
22870.0000,2287,2015,2.7000,15,1000,1000,1,10293.0403,0.0000,0.8983,2021.4299,0.0000,0.1449,24.1633,0.0000,0.0439,12338.6334,0.0000,1.0871,12338.6338,25,0
22880.0000,2288,2017,2.7000,17,1000,1000,1,10297.1712,0.0000,0.8983,2020.5464,0.0000,0.1448,24.1527,0.0000,0.0438,12341.8703,0.0000,1.0870,12341.8701,25,0
22890.0000,2289,2018,2.7000,18,1000,1000,1,10301.2320,0.0000,0.8983,2019.6637,0.0000,0.1447,24.1422,0.0000,0.0438,12345.0379,0.0000,1.0869,12345.0381,25,0
22900.0000,2290,2017,2.7000,17,1000,1000,1,10306.4319,0.0000,0.8983,2018.7818,0.0000,0.1447,24.1316,0.0000,0.0438,12349.3453,0.0000,1.0868,12349.3457,25,0
22910.0000,2291,2010,2.7000,10,1000,1000,1,10310.4459,0.0000,0.8982,2017.9006,0.0000,0.1446,24.1211,0.0000,0.0438,12352.4675,0.0000,1.0866,12352.4678,25,0
22920.0000,2292,2013,2.7000,13,1000,1000,1,10315.2448,0.0000,0.8982,2017.0202,0.0000,0.1445,24.1106,0.0000,0.0438,12356.3756,0.0000,1.0865,12356.3760,25,0
22930.0000,2293,2027,2.7000,27,1000,1000,1,10319.7457,0.0000,0.8986,2016.1405,0.0000,0.1445,24.1001,0.0000,0.0437,12359.9863,0.0000,1.0868,12359.9863,26,0
22940.0000,2294,2027,2.7000,27,1000,1000,1,10324.3563,0.0000,0.8986,2015.2616,0.0000,0.1444,24.0895,0.0000,0.0437,12363.7075,0.0000,1.0868,12363.7070,26,0
22950.0000,2295,2030,2.7000,30,1000,1000,1,10328.4887,0.0000,0.8988,2014.3835,0.0000,0.1444,24.0791,0.0000,0.0437,12366.9512,0.0000,1.0869,12366.9512,26,0
22960.0000,2296,2027,2.7000,27,1000,1000,1,10332.8251,0.0000,0.8988,2013.5062,0.0000,0.1443,24.0686,0.0000,0.0437,12370.3999,0.0000,1.0868,12370.3994,26,0
22970.0000,2297,2024,2.7000,24,1000,1000,1,10337.6104,0.0000,0.8988,2012.6296,0.0000,0.1442,24.0581,0.0000,0.0437,12374.2981,0.0000,1.0867,12374.2979,26,0
22980.0000,2298,2019,2.7000,19,1000,1000,1,10341.1044,0.0000,0.8990,2011.7538,0.0000,0.1442,24.0476,0.0000,0.0436,12376.9058,0.0000,1.0868,12376.9062,25,0
22990.0000,2299,2024,2.7000,24,1000,1000,1,10344.6768,0.0000,0.8992,2010.8787,0.0000,0.1441,24.0372,0.0000,0.0436,12379.5927,0.0000,1.0869,12379.5928,26,0
23000.0000,2300,2023,2.7000,23,1000,1000,1,10348.9998,0.0000,0.8991,2010.0044,0.0000,0.1440,24.0267,0.0000,0.0436,12383.0309,0.0000,1.0868,12383.0312,26,0
23010.0000,2301,2020,2.7000,20,1000,1000,1,10355.8587,0.0000,0.8991,2009.1309,0.0000,0.1440,24.0163,0.0000,0.0436,12389.0059,0.0000,1.0867,12389.0059,25,0
23020.0000,2302,2016,2.7000,16,1000,1000,1,10359.7011,0.0000,0.8991,2008.2581,0.0000,0.1439,24.0058,0.0000,0.0436,12391.9650,0.0000,1.0866,12391.9648,25,0
23030.0000,2303,2023,2.7000,23,1000,1000,1,10363.7477,0.0000,0.8994,2007.3861,0.0000,0.1439,23.9954,0.0000,0.0436,12395.1293,0.0000,1.0868,12395.1289,26,0
23040.0000,2304,2019,2.7000,19,1000,1000,1,10368.8813,0.0000,0.8994,2006.5148,0.0000,0.1438,23.9850,0.0000,0.0435,12399.3812,0.0000,1.0868,12399.3809,25,0
23050.0000,2305,2015,2.7000,15,1000,1000,1,10370.8634,0.0000,0.8994,2005.6443,0.0000,0.1437,23.9746,0.0000,0.0435,12400.4823,0.0000,1.0867,12400.4824,25,0
23060.0000,2306,2016,2.7000,16,1000,1000,1,10377.4856,0.0000,0.8993,2004.7746,0.0000,0.1437,23.9642,0.0000,0.0435,12406.2244,0.0000,1.0865,12406.2246,25,0
23070.0000,2307,2007,2.7000,7,1000,1000,1,10374.9790,0.0000,0.8990,2003.9056,0.0000,0.1436,23.9538,0.0000,0.0435,12402.8384,0.0000,1.0861,12402.8389,25,0
23080.0000,2308,2009,2.7000,9,1000,1000,1,10387.2443,0.0000,0.8990,2003.0374,0.0000,0.1435,23.9434,0.0000,0.0435,12414.2251,0.0000,1.0860,12414.2256,25,0
23090.0000,2309,2006,2.7000,6,1000,1000,1,10390.6076,0.0000,0.8988,2002.1699,0.0000,0.1435,23.9331,0.0000,0.0434,12416.7105,0.0000,1.0858,12416.7109,25,0
23100.0000,2310,2002,2.7000,2,1000,1000,1,10396.2607,0.0000,0.8988,2001.3031,0.0000,0.1434,23.9227,0.0000,0.0434,12421.4866,0.0000,1.0856,12421.4863,24,0
23110.0000,2311,2008,2.7000,8,1000,1000,1,10400.6877,0.0000,0.8990,2000.4371,0.0000,0.1434,23.9123,0.0000,0.0434,12425.0372,0.0000,1.0858,12425.0371,25,0
23120.0000,2312,2006,2.7000,6,1000,1000,1,10405.1029,0.0000,0.8990,1999.5719,0.0000,0.1433,23.9020,0.0000,0.0434,12428.5767,0.0000,1.0856,12428.5771,25,0
23130.0000,2313,2006,2.7000,6,1000,1000,1,10409.6088,0.0000,0.8989,1998.7074,0.0000,0.1432,23.8917,0.0000,0.0434,12432.2079,0.0000,1.0855,12432.2080,25,0
23140.0000,2314,2004,2.7000,4,1000,1000,1,10412.7355,0.0000,0.8988,1997.8437,0.0000,0.1432,23.8813,0.0000,0.0433,12434.4605,0.0000,1.0854,12434.4609,24,0
23150.0000,2315,2001,2.7000,1,1000,1000,1,10417.5184,0.0000,0.8990,1996.9807,0.0000,0.1431,23.8710,0.0000,0.0433,12438.3700,0.0000,1.0854,12438.3701,24,0
23160.0000,2316,2003,2.7000,3,1000,1000,1,10422.9672,0.0000,0.8991,1996.1184,0.0000,0.1430,23.8607,0.0000,0.0433,12442.9464,0.0000,1.0855,12442.9463,24,0
23170.0000,2317,2003,2.7000,3,1000,1000,1,10426.8119,0.0000,0.8993,1995.2569,0.0000,0.1430,23.8504,0.0000,0.0433,12445.9192,0.0000,1.0855,12445.9189,24,0
23180.0000,2318,1998,2.7000,0,998,1000,1,10429.1802,0.0000,0.8991,2043.4196,0.0000,0.1430,23.8401,0.0000,0.0433,12496.4399,0.0000,1.0854,12496.4395,24,0
23190.0000,2319,2000,2.7000,0,1000,1000,1,10433.7056,0.0000,0.8991,2043.6847,0.0000,0.1430,23.8299,0.0000,0.0433,12501.2201,0.0000,1.0853,12501.2197,24,0
23200.0000,2320,2003,2.7000,3,1000,1000,1,10441.1411,0.0000,0.8990,2044.0408,0.0000,0.1431,23.8196,0.0000,0.0432,12509.0014,0.0000,1.0853,12509.0010,24,0
23210.0000,2321,2006,2.7000,6,1000,1000,1,10445.2139,0.0000,0.8992,2043.1601,0.0000,0.1430,23.8093,0.0000,0.0432,12512.1833,0.0000,1.0855,12512.1836,25,0
23220.0000,2322,2007,2.7000,7,1000,1000,1,10449.6649,0.0000,0.8994,2042.2802,0.0000,0.1430,23.7991,0.0000,0.0432,12515.7441,0.0000,1.0855,12515.7441,25,0
23230.0000,2323,2013,2.7000,13,1000,1000,1,10454.1519,0.0000,0.8996,2041.4010,0.0000,0.1429,23.7888,0.0000,0.0432,12519.3417,0.0000,1.0857,12519.3418,25,0
23240.0000,2324,2015,2.7000,15,1000,1000,1,10457.4072,0.0000,0.8997,2040.5226,0.0000,0.1429,23.7786,0.0000,0.0432,12521.7084,0.0000,1.0857,12521.7080,25,0
23250.0000,2325,2016,2.7000,16,1000,1000,1,10463.4154,0.0000,0.8997,2039.6450,0.0000,0.1428,23.7684,0.0000,0.0431,12526.8288,0.0000,1.0857,12526.8291,25,0
23260.0000,2326,2016,2.7000,16,1000,1000,1,10467.6535,0.0000,0.8998,2038.7681,0.0000,0.1427,23.7581,0.0000,0.0431,12530.1797,0.0000,1.0857,12530.1797,25,0
23270.0000,2327,2007,2.7000,7,1000,1000,1,10467.6199,0.0000,0.8995,2037.8920,0.0000,0.1427,23.7479,0.0000,0.0431,12529.2598,0.0000,1.0853,12529.2598,25,0
23280.0000,2328,2012,2.7000,12,1000,1000,1,10476.7623,0.0000,0.8997,2037.0166,0.0000,0.1426,23.7377,0.0000,0.0431,12537.5167,0.0000,1.0854,12537.5166,25,0
23290.0000,2329,2012,2.7000,12,1000,1000,1,10479.9005,0.0000,0.8997,2036.1419,0.0000,0.1426,23.7275,0.0000,0.0431,12539.7700,0.0000,1.0854,12539.7695,25,0
23300.0000,2330,2010,2.7000,10,1000,1000,1,10484.7822,0.0000,0.8998,2035.2681,0.0000,0.1425,23.7173,0.0000,0.0430,12543.7676,0.0000,1.0854,12543.7676,25,0
23310.0000,2331,2014,2.7000,14,1000,1000,1,10489.9596,0.0000,0.8998,2034.3949,0.0000,0.1424,23.7072,0.0000,0.0430,12548.0617,0.0000,1.0853,12548.0615,25,0
23320.0000,2332,2018,2.7000,18,1000,1000,1,10494.4211,0.0000,0.9000,2033.5226,0.0000,0.1424,23.6970,0.0000,0.0430,12551.6407,0.0000,1.0854,12551.6406,25,0
23330.0000,2333,2024,2.7000,24,1000,1000,1,10499.2648,0.0000,0.9002,2032.6509,0.0000,0.1423,23.6869,0.0000,0.0430,12555.6026,0.0000,1.0855,12555.6025,26,0
23340.0000,2334,2019,2.7000,19,1000,1000,1,10503.7467,0.0000,0.9002,2031.7800,0.0000,0.1422,23.6767,0.0000,0.0430,12559.2034,0.0000,1.0854,12559.2031,25,0
23350.0000,2335,2017,2.7000,17,1000,1000,1,10507.5217,0.0000,0.9000,2030.9099,0.0000,0.1422,23.6666,0.0000,0.0430,12562.0982,0.0000,1.0852,12562.0986,25,0
23360.0000,2336,2015,2.7000,15,1000,1000,1,10512.7902,0.0000,0.9000,2030.0405,0.0000,0.1421,23.6564,0.0000,0.0429,12566.4871,0.0000,1.0851,12566.4873,25,0
23370.0000,2337,2019,2.7000,19,1000,1000,1,10517.1461,0.0000,0.9001,2029.1718,0.0000,0.1421,23.6463,0.0000,0.0429,12569.9642,0.0000,1.0851,12569.9639,25,0
23380.0000,2338,2019,2.7000,19,1000,1000,1,10521.0306,0.0000,0.9001,2028.3039,0.0000,0.1420,23.6362,0.0000,0.0429,12572.9707,0.0000,1.0850,12572.9707,25,0
23390.0000,2339,2012,2.7000,12,1000,1000,1,10526.0941,0.0000,0.9000,2027.4368,0.0000,0.1419,23.6261,0.0000,0.0429,12577.1570,0.0000,1.0849,12577.1572,25,0
23400.0000,2340,2015,2.7000,15,1000,1000,1,10530.7520,0.0000,0.9001,2026.5703,0.0000,0.1419,23.6160,0.0000,0.0429,12580.9383,0.0000,1.0849,12580.9385,25,0
23410.0000,2341,2016,2.7000,16,1000,1000,1,10534.3866,0.0000,0.9002,2025.7047,0.0000,0.1418,23.6059,0.0000,0.0428,12583.6972,0.0000,1.0848,12583.6973,25,0
23420.0000,2342,2014,2.7000,14,1000,1000,1,10539.6119,0.0000,0.9001,2024.8397,0.0000,0.1418,23.5958,0.0000,0.0428,12588.0474,0.0000,1.0847,12588.0479,25,0
23430.0000,2343,2014,2.7000,14,1000,1000,1,10541.9347,0.0000,0.9000,2023.9755,0.0000,0.1417,23.5858,0.0000,0.0428,12589.4960,0.0000,1.0845,12589.4961,25,0
23440.0000,2344,2013,2.7000,13,1000,1000,1,10547.8030,0.0000,0.9001,2023.1120,0.0000,0.1416,23.5757,0.0000,0.0428,12594.4907,0.0000,1.0845,12594.4902,25,0
23450.0000,2345,2019,2.7000,19,1000,1000,1,10553.3086,0.0000,0.9003,2022.2493,0.0000,0.1416,23.5656,0.0000,0.0428,12599.1235,0.0000,1.0846,12599.1230,25,0
23460.0000,2346,2029,2.7000,29,1000,1000,1,10556.0862,0.0000,0.9006,2021.3873,0.0000,0.1415,23.5556,0.0000,0.0428,12601.0291,0.0000,1.0849,12601.0293,26,0
23470.0000,2347,2025,2.7000,25,1000,1000,1,10561.1263,0.0000,0.9006,2020.5260,0.0000,0.1415,23.5456,0.0000,0.0427,12605.1979,0.0000,1.0848,12605.1982,26,0
23480.0000,2348,2030,2.7000,30,1000,1000,1,10565.7779,0.0000,0.9007,2019.6655,0.0000,0.1414,23.5355,0.0000,0.0427,12608.9789,0.0000,1.0848,12608.9785,26,0
23490.0000,2349,2029,2.7000,29,1000,1000,1,10571.5322,0.0000,0.9007,2018.8057,0.0000,0.1413,23.5255,0.0000,0.0427,12613.8634,0.0000,1.0847,12613.8633,26,0
23500.0000,2350,2031,2.7000,31,1000,1000,1,10575.4263,0.0000,0.9008,2017.9466,0.0000,0.1413,23.5155,0.0000,0.0427,12616.8884,0.0000,1.0848,12616.8887,26,0
23510.0000,2351,2035,2.7000,35,1000,1000,1,10579.6174,0.0000,0.9008,2017.0883,0.0000,0.1412,23.5055,0.0000,0.0427,12620.2112,0.0000,1.0847,12620.2109,26,0
23520.0000,2352,2031,2.7000,31,1000,1000,1,10584.8652,0.0000,0.9006,2016.2307,0.0000,0.1412,23.4955,0.0000,0.0426,12624.5914,0.0000,1.0844,12624.5918,26,0
23530.0000,2353,2032,2.7000,32,1000,1000,1,10588.3608,0.0000,0.9006,2015.3738,0.0000,0.1411,23.4855,0.0000,0.0426,12627.2201,0.0000,1.0843,12627.2197,26,0
23540.0000,2354,2028,2.7000,28,1000,1000,1,10593.9963,0.0000,0.9005,2014.5177,0.0000,0.1410,23.4755,0.0000,0.0426,12631.9895,0.0000,1.0842,12631.9893,26,0
23550.0000,2355,2031,2.7000,31,1000,1000,1,10598.3738,0.0000,0.9006,2013.6623,0.0000,0.1410,23.4656,0.0000,0.0426,12635.5016,0.0000,1.0842,12635.5020,26,0
23560.0000,2356,2025,2.7000,25,1000,1000,1,10600.9360,0.0000,0.9005,2012.8076,0.0000,0.1409,23.4556,0.0000,0.0426,12637.1992,0.0000,1.0840,12637.1992,26,0
23570.0000,2357,2027,2.7000,27,1000,1000,1,10606.6962,0.0000,0.9005,2011.9536,0.0000,0.1409,23.4457,0.0000,0.0426,12642.0954,0.0000,1.0839,12642.0957,26,0
23580.0000,2358,2019,2.7000,19,1000,1000,1,10611.7665,0.0000,0.9003,2011.1003,0.0000,0.1408,23.4357,0.0000,0.0425,12646.3026,0.0000,1.0836,12646.3027,25,0
23590.0000,2359,2017,2.7000,17,1000,1000,1,10616.2174,0.0000,0.9002,2010.2478,0.0000,0.1407,23.4258,0.0000,0.0425,12649.8910,0.0000,1.0834,12649.8906,25,0
23600.0000,2360,2018,2.7000,18,1000,1000,1,10620.1166,0.0000,0.9005,2009.3960,0.0000,0.1407,23.4159,0.0000,0.0425,12652.9284,0.0000,1.0836,12652.9287,25,0
23610.0000,2361,2011,2.7000,11,1000,1000,1,10625.6153,0.0000,0.9005,2008.5449,0.0000,0.1406,23.4059,0.0000,0.0425,12657.5661,0.0000,1.0836,12657.5664,25,0
23620.0000,2362,2009,2.7000,9,1000,1000,1,10627.9959,0.0000,0.9004,2007.6946,0.0000,0.1406,23.3960,0.0000,0.0425,12659.0865,0.0000,1.0834,12659.0869,25,0
23630.0000,2363,2011,2.7000,11,1000,1000,1,10634.6453,0.0000,0.9005,2006.8449,0.0000,0.1405,23.3861,0.0000,0.0424,12664.8763,0.0000,1.0835,12664.8760,25,0
23640.0000,2364,2011,2.7000,11,1000,1000,1,10639.1790,0.0000,0.9005,2005.9960,0.0000,0.1404,23.3762,0.0000,0.0424,12668.5513,0.0000,1.0834,12668.5518,25,0
23650.0000,2365,2008,2.7000,8,1000,1000,1,10641.0060,0.0000,0.9004,2005.1478,0.0000,0.1404,23.3664,0.0000,0.0424,12669.5202,0.0000,1.0832,12669.5205,25,0
23660.0000,2366,2007,2.7000,7,1000,1000,1,10647.7096,0.0000,0.9005,2004.3003,0.0000,0.1403,23.3565,0.0000,0.0424,12675.3665,0.0000,1.0833,12675.3662,25,0
23670.0000,2367,2004,2.7000,4,1000,1000,1,10651.8266,0.0000,0.9005,2003.4536,0.0000,0.1403,23.3466,0.0000,0.0424,12678.6268,0.0000,1.0831,12678.6270,24,0
23680.0000,2368,2001,2.7000,1,1000,1000,1,10656.5125,0.0000,0.9005,2002.6075,0.0000,0.1402,23.3368,0.0000,0.0424,12682.4568,0.0000,1.0830,12682.4570,24,0
23690.0000,2369,2004,2.7000,4,1000,1000,1,10661.3880,0.0000,0.9005,2070.7817,0.0000,0.1403,23.3269,0.0000,0.0423,12755.4966,0.0000,1.0831,12755.4971,24,0
23700.0000,2370,1999,2.7000,0,999,1000,1,10665.3144,0.0000,0.9004,2071.2986,0.0000,0.1403,23.3171,0.0000,0.0423,12759.9300,0.0000,1.0830,12759.9297,24,0
23710.0000,2371,1997,2.7000,1,996,1000,1,10670.7675,0.0000,0.9005,2072.1171,0.0000,0.1404,23.3072,0.0000,0.0423,12766.1919,0.0000,1.0832,12766.1914,24,0
23720.0000,2372,2004,2.7000,4,1000,1000,1,10673.9394,0.0000,0.9006,2072.2752,0.0000,0.1407,23.2974,0.0000,0.0423,12769.5120,0.0000,1.0836,12769.5117,24,0
23730.0000,2373,2009,2.7000,9,1000,1000,1,10679.1694,0.0000,0.9008,2071.4019,0.0000,0.1406,23.2876,0.0000,0.0423,12773.8589,0.0000,1.0837,12773.8594,25,0
23740.0000,2374,2002,2.7000,2,1000,1000,1,10684.2873,0.0000,0.9008,2070.5294,0.0000,0.1406,23.2778,0.0000,0.0422,12778.0945,0.0000,1.0836,12778.0947,24,0
23750.0000,2375,2000,2.7000,0,1000,1000,1,10688.2808,0.0000,0.9007,2074.0655,0.0000,0.1406,23.2680,0.0000,0.0422,12785.6142,0.0000,1.0836,12785.6143,24,0
23760.0000,2376,2000,2.7000,0,1000,1000,1,10690.2345,0.0000,0.9005,2074.8041,0.0000,0.1407,23.2582,0.0000,0.0422,12788.2967,0.0000,1.0835,12788.2969,24,0
23770.0000,2377,2003,2.7000,3,1000,1000,1,10696.7996,0.0000,0.9007,2074.1221,0.0000,0.1407,23.2484,0.0000,0.0422,12794.1700,0.0000,1.0836,12794.1699,24,0
23780.0000,2378,2001,2.7000,1,1000,1000,1,10702.2626,0.0000,0.9006,2075.7649,0.0000,0.1408,23.2386,0.0000,0.0422,12801.2661,0.0000,1.0836,12801.2656,24,0
23790.0000,2379,1998,2.7000,0,998,1000,1,10705.4534,0.0000,0.9007,2076.2730,0.0000,0.1408,23.2288,0.0000,0.0422,12804.9553,0.0000,1.0836,12804.9551,24,0
23800.0000,2380,2007,2.7000,7,1000,1000,1,10711.0941,0.0000,0.9010,2075.9339,0.0000,0.1408,23.2191,0.0000,0.0421,12810.2472,0.0000,1.0840,12810.2471,25,0
23810.0000,2381,1999,2.7000,0,999,1000,1,10706.9685,0.0000,0.9007,2077.2799,0.0000,0.1408,23.2093,0.0000,0.0421,12807.4577,0.0000,1.0836,12807.4580,24,0
23820.0000,2382,2002,2.7000,2,1000,1000,1,10719.3944,0.0000,0.9005,2077.7108,0.0000,0.1409,23.1996,0.0000,0.0421,12820.3048,0.0000,1.0835,12820.3047,24,0
23830.0000,2383,2008,2.7000,8,1000,1000,1,10724.7184,0.0000,0.9008,2076.8389,0.0000,0.1409,23.1899,0.0000,0.0421,12824.7472,0.0000,1.0838,12824.7471,25,0
23840.0000,2384,2011,2.7000,11,1000,1000,1,10726.8697,0.0000,0.9008,2075.9678,0.0000,0.1408,23.1801,0.0000,0.0421,12826.0176,0.0000,1.0837,12826.0176,25,0
23850.0000,2385,2016,2.7000,16,1000,1000,1,10733.7495,0.0000,0.9010,2075.0973,0.0000,0.1408,23.1704,0.0000,0.0421,12832.0172,0.0000,1.0838,12832.0176,25,0
23860.0000,2386,2013,2.7000,13,1000,1000,1,10736.9236,0.0000,0.9008,2074.2276,0.0000,0.1407,23.1607,0.0000,0.0420,12834.3119,0.0000,1.0835,12834.3115,25,0
23870.0000,2387,2010,2.7000,10,1000,1000,1,10741.3189,0.0000,0.9008,2073.3587,0.0000,0.1406,23.1510,0.0000,0.0420,12837.8285,0.0000,1.0835,12837.8281,25,0
23880.0000,2388,2010,2.7000,10,1000,1000,1,10747.3162,0.0000,0.9008,2072.4904,0.0000,0.1406,23.1413,0.0000,0.0420,12842.9480,0.0000,1.0833,12842.9482,25,0
23890.0000,2389,2008,2.7000,8,1000,1000,1,10751.5386,0.0000,0.9010,2071.6229,0.0000,0.1405,23.1316,0.0000,0.0420,12846.2931,0.0000,1.0835,12846.2930,25,0
23900.0000,2390,1999,2.7000,0,999,1000,1,10753.6609,0.0000,0.9007,2082.1854,0.0000,0.1406,23.1219,0.0000,0.0420,12858.9683,0.0000,1.0832,12858.9688,24,0
23910.0000,2391,2000,2.7000,0,1000,1000,1,10759.5003,0.0000,0.9006,2082.0377,0.0000,0.1407,23.1123,0.0000,0.0419,12864.6503,0.0000,1.0833,12864.6504,24,0
23920.0000,2392,2001,2.7000,1,1000,1000,1,10765.4003,0.0000,0.9005,2083.2125,0.0000,0.1410,23.1026,0.0000,0.0419,12871.7155,0.0000,1.0835,12871.7158,24,0
23930.0000,2393,2005,2.7000,5,1000,1000,1,10768.6758,0.0000,0.9006,2083.7532,0.0000,0.1411,23.0929,0.0000,0.0419,12875.5220,0.0000,1.0836,12875.5225,24,0
23940.0000,2394,2006,2.7000,6,1000,1000,1,10772.2812,0.0000,0.9007,2082.8828,0.0000,0.1410,23.0833,0.0000,0.0419,12878.2473,0.0000,1.0836,12878.2471,25,0
23950.0000,2395,1995,2.7000,0,995,1000,1,10778.0774,0.0000,0.9005,2084.9531,0.0000,0.1411,23.0737,0.0000,0.0419,12886.1041,0.0000,1.0835,12886.1045,24,0
23960.0000,2396,2002,2.7000,2,1000,1000,1,10782.2596,0.0000,0.9005,2085.2640,0.0000,0.1415,23.0640,0.0000,0.0419,12890.5876,0.0000,1.0838,12890.5879,24,0
23970.0000,2397,2000,2.7000,3,997,1000,1,10787.5483,0.0000,0.9005,2085.5997,0.0000,0.1416,23.0544,0.0000,0.0418,12896.2023,0.0000,1.0839,12896.2021,24,0
23980.0000,2398,2002,2.7000,2,1000,1000,1,10788.4854,0.0000,0.9003,2085.9094,0.0000,0.1416,23.0448,0.0000,0.0418,12897.4396,0.0000,1.0838,12897.4395,24,0
23990.0000,2399,2002,2.7000,2,1000,1000,1,10796.5401,0.0000,0.9004,2085.0399,0.0000,0.1416,23.0352,0.0000,0.0418,12904.6153,0.0000,1.0838,12904.6152,24,0
24000.0000,2400,1998,2.7000,0,998,1000,1,10800.0981,0.0000,0.9002,2087.6743,0.0000,0.1417,23.0256,0.0000,0.0418,12910.7981,0.0000,1.0837,12910.7979,24,0
24010.0000,2401,2002,2.7000,2,1000,1000,1,10805.7412,0.0000,0.9003,2088.2188,0.0000,0.1418,23.0160,0.0000,0.0418,12916.9760,0.0000,1.0839,12916.9756,24,0
24020.0000,2402,2000,2.7000,0,1000,1000,1,10809.9825,0.0000,0.9002,2087.8446,0.0000,0.1418,23.0064,0.0000,0.0418,12920.8335,0.0000,1.0838,12920.8330,24,0
24030.0000,2403,2003,2.7000,3,1000,1000,1,10814.9233,0.0000,0.9004,2086.9757,0.0000,0.1418,22.9968,0.0000,0.0417,12924.8959,0.0000,1.0839,12924.8955,24,0
24040.0000,2404,2001,2.7000,1,1000,1000,1,10819.2378,0.0000,0.9005,2086.1076,0.0000,0.1417,22.9873,0.0000,0.0417,12928.3327,0.0000,1.0839,12928.3330,24,0
24050.0000,2405,2004,2.7000,4,1000,1000,1,10823.5753,0.0000,0.9006,2090.4592,0.0000,0.1418,22.9777,0.0000,0.0417,12937.0122,0.0000,1.0841,12937.0117,24,0
24060.0000,2406,2006,2.7000,6,1000,1000,1,10827.2612,0.0000,0.9006,2089.5904,0.0000,0.1418,22.9682,0.0000,0.0417,12939.8198,0.0000,1.0840,12939.8193,25,0
24070.0000,2407,2003,2.7000,3,1000,1000,1,10832.7964,0.0000,0.9006,2088.7222,0.0000,0.1417,22.9586,0.0000,0.0417,12944.4773,0.0000,1.0840,12944.4775,24,0
24080.0000,2408,2006,2.7000,6,1000,1000,1,10836.5952,0.0000,0.9006,2091.2445,0.0000,0.1418,22.9491,0.0000,0.0417,12950.7888,0.0000,1.0840,12950.7891,25,0
24090.0000,2409,2006,2.7000,6,1000,1000,1,10840.3375,0.0000,0.9007,2090.3764,0.0000,0.1417,22.9396,0.0000,0.0416,12953.6535,0.0000,1.0840,12953.6533,25,0
24100.0000,2410,2003,2.7000,3,1000,1000,1,10846.4508,0.0000,0.9006,2089.5090,0.0000,0.1417,22.9301,0.0000,0.0416,12958.8899,0.0000,1.0839,12958.8896,24,0
24110.0000,2411,2006,2.7000,6,1000,1000,1,10850.1331,0.0000,0.9007,2088.6424,0.0000,0.1416,22.9205,0.0000,0.0416,12961.6960,0.0000,1.0839,12961.6963,25,0
24120.0000,2412,2007,2.7000,7,1000,1000,1,10855.2770,0.0000,0.9009,2087.7764,0.0000,0.1415,22.9110,0.0000,0.0416,12965.9645,0.0000,1.0840,12965.9648,25,0
24130.0000,2413,2013,2.7000,13,1000,1000,1,10859.7373,0.0000,0.9010,2086.9112,0.0000,0.1415,22.9015,0.0000,0.0416,12969.5501,0.0000,1.0841,12969.5498,25,0
24140.0000,2414,2005,2.7000,5,1000,1000,1,10864.0447,0.0000,0.9008,2086.0467,0.0000,0.1414,22.8921,0.0000,0.0415,12972.9835,0.0000,1.0838,12972.9834,24,0
24150.0000,2415,1996,2.7000,1,995,1000,1,10868.9261,0.0000,0.9006,2095.8586,0.0000,0.1415,22.8826,0.0000,0.0415,12987.6672,0.0000,1.0836,12987.6670,24,0
24160.0000,2416,2008,2.7000,8,1000,1000,1,10871.9858,0.0000,0.9009,2096.0505,0.0000,0.1416,22.8731,0.0000,0.0415,12990.9094,0.0000,1.0840,12990.9092,25,0
24170.0000,2417,2004,2.7000,4,1000,1000,1,10875.9083,0.0000,0.9007,2095.1833,0.0000,0.1416,22.8636,0.0000,0.0415,12993.9552,0.0000,1.0838,12993.9551,24,0
24180.0000,2418,1998,2.7000,0,998,1000,1,10882.1941,0.0000,0.9007,2097.1725,0.0000,0.1416,22.8542,0.0000,0.0415,13002.2208,0.0000,1.0837,13002.2207,24,0
24190.0000,2419,2003,2.7000,3,1000,1000,1,10886.1081,0.0000,0.9007,2096.9548,0.0000,0.1416,22.8447,0.0000,0.0415,13005.9077,0.0000,1.0837,13005.9072,24,0
24200.0000,2420,2004,2.7000,4,1000,1000,1,10891.4941,0.0000,0.9005,2098.4082,0.0000,0.1417,22.8353,0.0000,0.0414,13012.7376,0.0000,1.0837,13012.7373,24,0
24210.0000,2421,2003,2.7000,3,1000,1000,1,10894.8906,0.0000,0.9005,2097.5414,0.0000,0.1417,22.8259,0.0000,0.0414,13015.2579,0.0000,1.0836,13015.2578,24,0
24220.0000,2422,2003,2.7000,3,1000,1000,1,10897.6493,0.0000,0.9005,2099.5858,0.0000,0.1417,22.8164,0.0000,0.0414,13020.0515,0.0000,1.0836,13020.0518,24,0
24230.0000,2423,2005,2.7000,5,1000,1000,1,10903.7842,0.0000,0.9006,2098.7193,0.0000,0.1416,22.8070,0.0000,0.0414,13025.3104,0.0000,1.0836,13025.3105,24,0
24240.0000,2424,2002,2.7000,2,1000,1000,1,10909.5778,0.0000,0.9005,2097.8535,0.0000,0.1415,22.7976,0.0000,0.0414,13030.2289,0.0000,1.0835,13030.2285,24,0
24250.0000,2425,1999,2.7000,0,999,1000,1,10911.6837,0.0000,0.9004,2101.3868,0.0000,0.1415,22.7882,0.0000,0.0414,13035.8587,0.0000,1.0833,13035.8584,24,0
24260.0000,2426,2001,2.7000,1,1000,1000,1,10918.0832,0.0000,0.9005,2101.8225,0.0000,0.1415,22.7788,0.0000,0.0413,13042.6845,0.0000,1.0834,13042.6846,24,0
24270.0000,2427,2007,2.7000,7,1000,1000,1,10922.6360,0.0000,0.9006,2100.9565,0.0000,0.1415,22.7694,0.0000,0.0413,13046.3619,0.0000,1.0834,13046.3623,25,0
24280.0000,2428,1999,2.7000,1,998,1000,1,10927.4721,0.0000,0.9004,2100.0912,0.0000,0.1414,22.7601,0.0000,0.0413,13050.3233,0.0000,1.0831,13050.3232,24,0
24290.0000,2429,2003,2.7000,3,1000,1000,1,10931.8833,0.0000,0.9005,2102.6405,0.0000,0.1415,22.7507,0.0000,0.0413,13057.2745,0.0000,1.0832,13057.2744,24,0
24300.0000,2430,2009,2.7000,9,1000,1000,1,10936.5762,0.0000,0.9008,2101.7752,0.0000,0.1414,22.7413,0.0000,0.0413,13061.0927,0.0000,1.0835,13061.0928,25,0
24310.0000,2431,2004,2.7000,4,1000,1000,1,10940.2430,0.0000,0.9006,2100.9106,0.0000,0.1414,22.7320,0.0000,0.0413,13063.8856,0.0000,1.0832,13063.8857,24,0
24320.0000,2432,2004,2.7000,4,1000,1000,1,10944.8074,0.0000,0.9006,2100.0468,0.0000,0.1413,22.7226,0.0000,0.0412,13067.5768,0.0000,1.0832,13067.5771,24,0
24330.0000,2433,2001,2.7000,1,1000,1000,1,10948.1393,0.0000,0.9005,2099.1836,0.0000,0.1413,22.7133,0.0000,0.0412,13070.0362,0.0000,1.0829,13070.0361,24,0
24340.0000,2434,2000,2.7000,0,1000,1000,1,10953.0585,0.0000,0.9004,2105.9224,0.0000,0.1413,22.7040,0.0000,0.0412,13081.6849,0.0000,1.0829,13081.6846,24,0
24350.0000,2435,2005,2.7000,5,1000,1000,1,10958.8114,0.0000,0.9007,2105.6095,0.0000,0.1413,22.6946,0.0000,0.0412,13087.1155,0.0000,1.0832,13087.1152,24,0
24360.0000,2436,2000,2.7000,0,1000,1000,1,10958.8037,0.0000,0.9005,2107.4414,0.0000,0.1413,22.6853,0.0000,0.0412,13088.9304,0.0000,1.0830,13088.9307,24,0
24370.0000,2437,2000,2.7000,0,1000,1000,1,10965.2920,0.0000,0.9003,2107.9563,0.0000,0.1413,22.6760,0.0000,0.0412,13095.9242,0.0000,1.0828,13095.9238,24,0
24380.0000,2438,2003,2.7000,3,1000,1000,1,10972.6087,0.0000,0.9003,2107.8583,0.0000,0.1413,22.6667,0.0000,0.0411,13103.1337,0.0000,1.0828,13103.1338,24,0
24390.0000,2439,2002,2.7000,2,1000,1000,1,10975.2240,0.0000,0.9004,2106.9941,0.0000,0.1413,22.6574,0.0000,0.0411,13104.8755,0.0000,1.0828,13104.8760,24,0
24400.0000,2440,2003,2.7000,3,1000,1000,1,10981.3225,0.0000,0.9003,2106.1306,0.0000,0.1412,22.6481,0.0000,0.0411,13110.1012,0.0000,1.0826,13110.1016,24,0
24410.0000,2441,2004,2.7000,4,1000,1000,1,10985.7862,0.0000,0.9003,2105.2677,0.0000,0.1412,22.6388,0.0000,0.0411,13113.6928,0.0000,1.0825,13113.6924,24,0
24420.0000,2442,2005,2.7000,5,1000,1000,1,10990.2882,0.0000,0.9003,2104.4056,0.0000,0.1411,22.6296,0.0000,0.0411,13117.3234,0.0000,1.0825,13117.3232,24,0
24430.0000,2443,2000,2.7000,0,1000,1000,1,10993.2624,0.0000,0.9002,2103.5442,0.0000,0.1411,22.6203,0.0000,0.0411,13119.4269,0.0000,1.0823,13119.4268,24,0
24440.0000,2444,2000,2.7000,0,1000,1000,1,10999.2381,0.0000,0.9002,2102.6835,0.0000,0.1410,22.6111,0.0000,0.0410,13124.5327,0.0000,1.0822,13124.5322,24,0
24450.0000,2445,1999,2.7000,0,999,1000,1,11003.0037,0.0000,0.9000,2112.3570,0.0000,0.1411,22.6018,0.0000,0.0410,13137.9624,0.0000,1.0821,13137.9629,24,0
24460.0000,2446,2004,2.7000,4,1000,1000,1,11008.5692,0.0000,0.9002,2112.2398,0.0000,0.1411,22.5926,0.0000,0.0410,13143.4016,0.0000,1.0823,13143.4014,24,0
24470.0000,2447,2003,2.7000,3,1000,1000,1,11010.8410,0.0000,0.9002,2111.3767,0.0000,0.1411,22.5833,0.0000,0.0410,13144.8010,0.0000,1.0823,13144.8008,24,0
24480.0000,2448,1995,2.7000,0,995,1000,1,11017.3761,0.0000,0.9001,2114.0248,0.0000,0.1411,22.5741,0.0000,0.0410,13153.9750,0.0000,1.0822,13153.9746,24,0
24490.0000,2449,2007,2.7000,9,998,1000,1,11020.8975,0.0000,0.9002,2114.1234,0.0000,0.1413,22.5649,0.0000,0.0410,13157.5858,0.0000,1.0824,13157.5859,25,0
24500.0000,2450,1998,2.7000,0,998,1000,1,11023.6805,0.0000,0.9000,2113.8211,0.0000,0.1413,22.5557,0.0000,0.0409,13160.0573,0.0000,1.0822,13160.0576,24,0
24510.0000,2451,2002,2.7000,2,1000,1000,1,11030.9065,0.0000,0.9000,2114.7724,0.0000,0.1414,22.5465,0.0000,0.0409,13168.2254,0.0000,1.0823,13168.2256,24,0
24520.0000,2452,2002,2.7000,2,1000,1000,1,11035.6067,0.0000,0.9000,2115.1078,0.0000,0.1414,22.5373,0.0000,0.0409,13173.2517,0.0000,1.0823,13173.2520,24,0
24530.0000,2453,2000,2.7000,0,1000,1000,1,11038.2162,0.0000,0.8998,2116.6434,0.0000,0.1415,22.5281,0.0000,0.0409,13177.3876,0.0000,1.0822,13177.3877,24,0
24540.0000,2454,2005,2.7000,5,1000,1000,1,11044.3728,0.0000,0.8998,2117.3045,0.0000,0.1418,22.5189,0.0000,0.0409,13184.1962,0.0000,1.0825,13184.1963,24,0
24550.0000,2455,2002,2.7000,2,1000,1000,1,11045.0939,0.0000,0.8998,2116.4420,0.0000,0.1418,22.5097,0.0000,0.0409,13184.0457,0.0000,1.0824,13184.0459,24,0
24560.0000,2456,2004,2.7000,4,1000,1000,1,11053.5355,0.0000,0.8999,2117.3313,0.0000,0.1417,22.5006,0.0000,0.0408,13193.3673,0.0000,1.0825,13193.3672,24,0
24570.0000,2457,2010,2.7000,10,1000,1000,1,11057.1786,0.0000,0.9000,2116.4695,0.0000,0.1417,22.4914,0.0000,0.0408,13196.1396,0.0000,1.0825,13196.1396,25,0
24580.0000,2458,2016,2.7000,16,1000,1000,1,11062.5474,0.0000,0.9002,2115.6085,0.0000,0.1416,22.4823,0.0000,0.0408,13200.6382,0.0000,1.0826,13200.6377,25,0
24590.0000,2459,2017,2.7000,17,1000,1000,1,11067.0790,0.0000,0.9003,2114.7481,0.0000,0.1416,22.4731,0.0000,0.0408,13204.3002,0.0000,1.0826,13204.2998,25,0
24600.0000,2460,2016,2.7000,16,1000,1000,1,11071.3494,0.0000,0.9004,2113.8885,0.0000,0.1415,22.4640,0.0000,0.0408,13207.7018,0.0000,1.0826,13207.7021,25,0
24610.0000,2461,2016,2.7000,16,1000,1000,1,11075.0196,0.0000,0.9004,2113.0295,0.0000,0.1414,22.4549,0.0000,0.0408,13210.5040,0.0000,1.0826,13210.5039,25,0
24620.0000,2462,2016,2.7000,16,1000,1000,1,11080.4329,0.0000,0.9003,2112.1713,0.0000,0.1414,22.4457,0.0000,0.0407,13215.0499,0.0000,1.0825,13215.0498,25,0
24630.0000,2463,2019,2.7000,19,1000,1000,1,11084.9662,0.0000,0.9003,2111.3137,0.0000,0.1413,22.4366,0.0000,0.0407,13218.7165,0.0000,1.0824,13218.7168,25,0
24640.0000,2464,2018,2.7000,18,1000,1000,1,11088.7293,0.0000,0.9002,2110.4568,0.0000,0.1413,22.4275,0.0000,0.0407,13221.6137,0.0000,1.0821,13221.6133,25,0
24650.0000,2465,2013,2.7000,13,1000,1000,1,11091.3210,0.0000,0.8999,2109.6007,0.0000,0.1412,22.4184,0.0000,0.0407,13223.3400,0.0000,1.0818,13223.3398,25,0
24660.0000,2466,2019,2.7000,19,1000,1000,1,11096.4966,0.0000,0.9000,2108.7452,0.0000,0.1412,22.4093,0.0000,0.0407,13227.6511,0.0000,1.0818,13227.6514,25,0
24670.0000,2467,2023,2.7000,23,1000,1000,1,11101.5269,0.0000,0.9000,2107.8904,0.0000,0.1411,22.4003,0.0000,0.0407,13231.8175,0.0000,1.0818,13231.8174,26,0
24680.0000,2468,2025,2.7000,25,1000,1000,1,11107.4767,0.0000,0.9000,2107.0363,0.0000,0.1410,22.3912,0.0000,0.0406,13236.9042,0.0000,1.0817,13236.9043,26,0
24690.0000,2469,2029,2.7000,29,1000,1000,1,11112.0524,0.0000,0.9001,2106.1829,0.0000,0.1410,22.3821,0.0000,0.0406,13240.6175,0.0000,1.0817,13240.6172,26,0
24700.0000,2470,2028,2.7000,28,1000,1000,1,11116.5425,0.0000,0.9001,2105.3302,0.0000,0.1409,22.3730,0.0000,0.0406,13244.2458,0.0000,1.0816,13244.2461,26,0
24710.0000,2471,2029,2.7000,29,1000,1000,1,11120.3973,0.0000,0.9001,2104.4782,0.0000,0.1409,22.3640,0.0000,0.0406,13247.2395,0.0000,1.0816,13247.2393,26,0
24720.0000,2472,2028,2.7000,28,1000,1000,1,11125.5043,0.0000,0.9001,2103.6269,0.0000,0.1408,22.3549,0.0000,0.0406,13251.4861,0.0000,1.0815,13251.4863,26,0
24730.0000,2473,2026,2.7000,26,1000,1000,1,11129.4746,0.0000,0.9000,2102.7762,0.0000,0.1408,22.3459,0.0000,0.0406,13254.5967,0.0000,1.0813,13254.5967,26,0
24740.0000,2474,2024,2.7000,24,1000,1000,1,11132.0904,0.0000,0.9000,2101.9263,0.0000,0.1407,22.3369,0.0000,0.0405,13256.3536,0.0000,1.0812,13256.3535,26,0
24750.0000,2475,2026,2.7000,26,1000,1000,1,11139.0037,0.0000,0.9000,2101.0770,0.0000,0.1406,22.3278,0.0000,0.0405,13262.4086,0.0000,1.0812,13262.4082,26,0
24760.0000,2476,2026,2.7000,26,1000,1000,1,11143.1586,0.0000,0.9000,2100.2284,0.0000,0.1406,22.3188,0.0000,0.0405,13265.7058,0.0000,1.0811,13265.7061,26,0
24770.0000,2477,2029,2.7000,29,1000,1000,1,11147.6703,0.0000,0.9002,2099.3806,0.0000,0.1405,22.3098,0.0000,0.0405,13269.3606,0.0000,1.0812,13269.3604,26,0
24780.0000,2478,2029,2.7000,29,1000,1000,1,11152.6471,0.0000,0.9002,2098.5333,0.0000,0.1405,22.3008,0.0000,0.0405,13273.4813,0.0000,1.0812,13273.4814,26,0
24790.0000,2479,2034,2.7000,34,1000,1000,1,11156.2969,0.0000,0.9003,2097.6868,0.0000,0.1404,22.2918,0.0000,0.0405,13276.2755,0.0000,1.0812,13276.2754,26,0
24800.0000,2480,2031,2.7000,31,1000,1000,1,11161.0090,0.0000,0.9002,2096.8410,0.0000,0.1404,22.2828,0.0000,0.0404,13280.1328,0.0000,1.0810,13280.1328,26,0
24810.0000,2481,2029,2.7000,29,1000,1000,1,11165.5229,0.0000,0.9002,2095.9958,0.0000,0.1403,22.2739,0.0000,0.0404,13283.7925,0.0000,1.0809,13283.7930,26,0
24820.0000,2482,2029,2.7000,29,1000,1000,1,11170.2769,0.0000,0.9003,2095.1513,0.0000,0.1402,22.2649,0.0000,0.0404,13287.6931,0.0000,1.0810,13287.6934,26,0
24830.0000,2483,2027,2.7000,27,1000,1000,1,11174.9136,0.0000,0.9004,2094.3075,0.0000,0.1402,22.2559,0.0000,0.0404,13291.4771,0.0000,1.0810,13291.4775,26,0
24840.0000,2484,2029,2.7000,29,1000,1000,1,11179.2937,0.0000,0.9005,2093.4644,0.0000,0.1401,22.2470,0.0000,0.0404,13295.0051,0.0000,1.0810,13295.0049,26,0
24850.0000,2485,2024,2.7000,24,1000,1000,1,11184.1659,0.0000,0.9005,2092.6220,0.0000,0.1401,22.2380,0.0000,0.0404,13299.0259,0.0000,1.0810,13299.0254,26,0
24860.0000,2486,2024,2.7000,24,1000,1000,1,11187.1233,0.0000,0.9006,2091.7802,0.0000,0.1400,22.2291,0.0000,0.0403,13301.1325,0.0000,1.0809,13301.1328,26,0
24870.0000,2487,2019,2.7000,19,1000,1000,1,11192.1158,0.0000,0.9005,2090.9391,0.0000,0.1400,22.2201,0.0000,0.0403,13305.2750,0.0000,1.0808,13305.2754,25,0
24880.0000,2488,2018,2.7000,18,1000,1000,1,11196.5573,0.0000,0.9004,2090.0987,0.0000,0.1399,22.2112,0.0000,0.0403,13308.8672,0.0000,1.0806,13308.8672,25,0
24890.0000,2489,2015,2.7000,15,1000,1000,1,11202.0059,0.0000,0.9002,2089.2590,0.0000,0.1399,22.2023,0.0000,0.0403,13313.4672,0.0000,1.0804,13313.4668,25,0
24900.0000,2490,2011,2.7000,11,1000,1000,1,11204.9280,0.0000,0.9003,2088.4199,0.0000,0.1398,22.1933,0.0000,0.0403,13315.5412,0.0000,1.0804,13315.5410,25,0
24910.0000,2491,2009,2.7000,9,1000,1000,1,11208.7565,0.0000,0.9003,2087.5815,0.0000,0.1397,22.1844,0.0000,0.0403,13318.5224,0.0000,1.0803,13318.5225,25,0
24920.0000,2492,2007,2.7000,7,1000,1000,1,11214.1519,0.0000,0.9002,2086.7438,0.0000,0.1397,22.1755,0.0000,0.0402,13323.0713,0.0000,1.0801,13323.0713,25,0
24930.0000,2493,2003,2.7000,3,1000,1000,1,11218.6365,0.0000,0.9001,2085.9068,0.0000,0.1396,22.1666,0.0000,0.0402,13326.7100,0.0000,1.0799,13326.7100,24,0
24940.0000,2494,1999,2.7000,0,999,1000,1,11223.6889,0.0000,0.9002,2085.0704,0.0000,0.1396,22.1577,0.0000,0.0402,13330.9170,0.0000,1.0800,13330.9170,24,0
24950.0000,2495,2005,2.7000,5,1000,1000,1,11228.5580,0.0000,0.9003,2139.4963,0.0000,0.1398,22.1489,0.0000,0.0402,13390.2032,0.0000,1.0803,13390.2031,24,0
24960.0000,2496,2003,2.7000,3,1000,1000,1,11232.5119,0.0000,0.9002,2138.6391,0.0000,0.1398,22.1400,0.0000,0.0402,13393.2910,0.0000,1.0802,13393.2910,24,0
24970.0000,2497,2003,2.7000,3,1000,1000,1,11237.2052,0.0000,0.9002,2137.7826,0.0000,0.1397,22.1311,0.0000,0.0402,13397.1189,0.0000,1.0801,13397.1191,24,0
24980.0000,2498,2002,2.7000,3,999,1000,1,11241.8903,0.0000,0.9003,2141.3501,0.0000,0.1398,22.1223,0.0000,0.0402,13405.3626,0.0000,1.0802,13405.3623,24,0
24990.0000,2499,2000,2.7000,0,1000,1000,1,11246.4987,0.0000,0.9002,2140.9327,0.0000,0.1398,22.1134,0.0000,0.0401,13409.5448,0.0000,1.0802,13409.5449,24,0
25000.0000,2500,2004,2.7000,4,1000,1000,1,11250.2161,0.0000,0.9001,2141.7015,0.0000,0.1399,22.1046,0.0000,0.0401,13414.0222,0.0000,1.0801,13414.0225,24,0
25010.0000,2501,2004,2.7000,4,1000,1000,1,11255.6674,0.0000,0.9000,2140.8452,0.0000,0.1398,22.0957,0.0000,0.0401,13418.6083,0.0000,1.0800,13418.6084,24,0
25020.0000,2502,2001,2.7000,1,1000,1000,1,11259.1692,0.0000,0.8999,2143.3391,0.0000,0.1400,22.0869,0.0000,0.0401,13424.5952,0.0000,1.0800,13424.5947,24,0
25030.0000,2503,2007,2.7000,7,1000,1000,1,11264.3859,0.0000,0.9000,2143.2185,0.0000,0.1400,22.0781,0.0000,0.0401,13429.6824,0.0000,1.0801,13429.6826,25,0
25040.0000,2504,2004,2.7000,4,1000,1000,1,11269.1451,0.0000,0.9000,2142.3626,0.0000,0.1400,22.0693,0.0000,0.0401,13433.5769,0.0000,1.0801,13433.5771,24,0
25050.0000,2505,1997,2.7000,0,997,1000,1,11269.4957,0.0000,0.8998,2141.5074,0.0000,0.1399,22.0604,0.0000,0.0400,13433.0635,0.0000,1.0798,13433.0635,24,0
25060.0000,2506,1998,2.7000,0,998,1000,1,11275.9157,0.0000,0.8998,2145.6910,0.0000,0.1402,22.0516,0.0000,0.0400,13443.6583,0.0000,1.0800,13443.6582,24,0
25070.0000,2507,1999,2.7000,0,999,1000,1,11282.4419,0.0000,0.8996,2145.0252,0.0000,0.1402,22.0429,0.0000,0.0400,13449.5099,0.0000,1.0799,13449.5098,24,0
25080.0000,2508,2001,2.7000,1,1000,1000,1,11286.9305,0.0000,0.8995,2145.9098,0.0000,0.1403,22.0341,0.0000,0.0400,13454.8743,0.0000,1.0798,13454.8740,24,0
25090.0000,2509,2000,2.7000,1,999,1000,1,11292.1434,0.0000,0.8995,2147.2309,0.0000,0.1404,22.0253,0.0000,0.0400,13461.3996,0.0000,1.0798,13461.3994,24,0
25100.0000,2510,2000,2.7000,0,1000,1000,1,11295.6938,0.0000,0.8994,2147.8492,0.0000,0.1404,22.0165,0.0000,0.0400,13465.5595,0.0000,1.0798,13465.5596,24,0
25110.0000,2511,2003,2.7000,3,1000,1000,1,11301.0976,0.0000,0.8996,2147.0683,0.0000,0.1404,22.0077,0.0000,0.0399,13470.1736,0.0000,1.0799,13470.1738,24,0
25120.0000,2512,2003,2.7000,3,1000,1000,1,11303.5260,0.0000,0.8994,2148.3682,0.0000,0.1404,21.9990,0.0000,0.0399,13473.8932,0.0000,1.0798,13473.8936,24,0
25130.0000,2513,2005,2.7000,5,1000,1000,1,11309.8864,0.0000,0.8994,2147.5133,0.0000,0.1404,21.9902,0.0000,0.0399,13479.3900,0.0000,1.0797,13479.3896,24,0
25140.0000,2514,2000,2.7000,0,1000,1000,1,11313.6011,0.0000,0.8994,2146.6591,0.0000,0.1403,21.9815,0.0000,0.0399,13482.2416,0.0000,1.0796,13482.2412,24,0
25150.0000,2515,2005,2.7000,5,1000,1000,1,11317.6786,0.0000,0.8995,2150.2833,0.0000,0.1404,21.9727,0.0000,0.0399,13489.9346,0.0000,1.0798,13489.9346,24,0
25160.0000,2516,2003,2.7000,3,1000,1000,1,11323.4309,0.0000,0.8995,2150.4965,0.0000,0.1404,21.9640,0.0000,0.0399,13495.8914,0.0000,1.0798,13495.8916,24,0
25170.0000,2517,1998,2.7000,1,997,1000,1,11328.0101,0.0000,0.8994,2151.5016,0.0000,0.1405,21.9553,0.0000,0.0398,13501.4671,0.0000,1.0797,13501.4668,24,0
25180.0000,2518,2005,2.7000,5,1000,1000,1,11332.6222,0.0000,0.8994,2150.9848,0.0000,0.1405,21.9466,0.0000,0.0398,13505.5535,0.0000,1.0797,13505.5537,24,0
25190.0000,2519,2011,2.7000,11,1000,1000,1,11335.9514,0.0000,0.8997,2150.1308,0.0000,0.1405,21.9378,0.0000,0.0398,13508.0201,0.0000,1.0800,13508.0205,25,0
25200.0000,2520,2007,2.7000,7,1000,1000,1,11341.0247,0.0000,0.8996,2149.2776,0.0000,0.1404,21.9291,0.0000,0.0398,13512.2315,0.0000,1.0798,13512.2314,25,0
25210.0000,2521,2008,2.7000,8,1000,1000,1,11346.0122,0.0000,0.8998,2148.4251,0.0000,0.1404,21.9204,0.0000,0.0398,13516.3577,0.0000,1.0800,13516.3574,25,0
25220.0000,2522,2004,2.7000,4,1000,1000,1,11350.0260,0.0000,0.8998,2147.5732,0.0000,0.1403,21.9117,0.0000,0.0398,13519.5109,0.0000,1.0799,13519.5107,24,0
25230.0000,2523,2004,2.7000,4,1000,1000,1,11354.1835,0.0000,0.8997,2146.7220,0.0000,0.1403,21.9031,0.0000,0.0398,13522.8086,0.0000,1.0797,13522.8086,24,0
25240.0000,2524,2000,2.7000,0,1000,1000,1,11358.7098,0.0000,0.8994,2155.4621,0.0000,0.1404,21.8944,0.0000,0.0397,13536.0663,0.0000,1.0795,13536.0664,24,0
25250.0000,2525,2004,2.7000,4,1000,1000,1,11363.4648,0.0000,0.8996,2154.6085,0.0000,0.1403,21.8857,0.0000,0.0397,13539.9590,0.0000,1.0796,13539.9590,24,0
25260.0000,2526,2006,2.7000,6,1000,1000,1,11367.6900,0.0000,0.8997,2153.7555,0.0000,0.1403,21.8770,0.0000,0.0397,13543.3225,0.0000,1.0797,13543.3223,25,0
25270.0000,2527,2010,2.7000,10,1000,1000,1,11372.7515,0.0000,0.8998,2152.9032,0.0000,0.1402,21.8684,0.0000,0.0397,13547.5231,0.0000,1.0797,13547.5234,25,0
25280.0000,2528,2002,2.7000,2,1000,1000,1,11377.0098,0.0000,0.8998,2152.0516,0.0000,0.1402,21.8597,0.0000,0.0397,13550.9211,0.0000,1.0796,13550.9209,24,0
25290.0000,2529,2007,2.7000,7,1000,1000,1,11381.4132,0.0000,0.8998,2158.0268,0.0000,0.1402,21.8511,0.0000,0.0397,13561.2910,0.0000,1.0797,13561.2910,25,0
25300.0000,2530,2006,2.7000,6,1000,1000,1,11385.0196,0.0000,0.8997,2157.1738,0.0000,0.1402,21.8425,0.0000,0.0396,13564.0358,0.0000,1.0795,13564.0361,25,0
25310.0000,2531,2003,2.7000,3,1000,1000,1,11390.0166,0.0000,0.8997,2156.3215,0.0000,0.1401,21.8338,0.0000,0.0396,13568.1719,0.0000,1.0795,13568.1719,24,0
25320.0000,2532,2008,2.7000,8,1000,1000,1,11393.3239,0.0000,0.8999,2155.4699,0.0000,0.1400,21.8252,0.0000,0.0396,13570.6190,0.0000,1.0795,13570.6191,25,0
25330.0000,2533,2006,2.7000,6,1000,1000,1,11399.3158,0.0000,0.8997,2154.6189,0.0000,0.1400,21.8166,0.0000,0.0396,13575.7513,0.0000,1.0793,13575.7510,25,0
25340.0000,2534,2009,2.7000,9,1000,1000,1,11404.1272,0.0000,0.8999,2153.7686,0.0000,0.1399,21.8080,0.0000,0.0396,13579.7039,0.0000,1.0794,13579.7041,25,0
25350.0000,2535,2016,2.7000,16,1000,1000,1,11408.5960,0.0000,0.9000,2152.9190,0.0000,0.1399,21.7994,0.0000,0.0396,13583.3144,0.0000,1.0795,13583.3145,25,0
25360.0000,2536,2015,2.7000,15,1000,1000,1,11413.0587,0.0000,0.9001,2152.0701,0.0000,0.1398,21.7908,0.0000,0.0396,13586.9196,0.0000,1.0795,13586.9199,25,0
25370.0000,2537,2012,2.7000,12,1000,1000,1,11415.4305,0.0000,0.9001,2151.2218,0.0000,0.1398,21.7822,0.0000,0.0395,13588.4345,0.0000,1.0794,13588.4346,25,0
25380.0000,2538,2010,2.7000,10,1000,1000,1,11419.4748,0.0000,0.8999,2150.3742,0.0000,0.1397,21.7736,0.0000,0.0395,13591.6226,0.0000,1.0792,13591.6230,25,0
25390.0000,2539,2014,2.7000,14,1000,1000,1,11426.3919,0.0000,0.9000,2149.5273,0.0000,0.1397,21.7650,0.0000,0.0395,13597.6842,0.0000,1.0792,13597.6846,25,0
25400.0000,2540,2019,2.7000,19,1000,1000,1,11430.0464,0.0000,0.9001,2148.6810,0.0000,0.1396,21.7565,0.0000,0.0395,13600.4838,0.0000,1.0792,13600.4834,25,0
25410.0000,2541,2018,2.7000,18,1000,1000,1,11435.1057,0.0000,0.9000,2147.8354,0.0000,0.1396,21.7479,0.0000,0.0395,13604.6890,0.0000,1.0790,13604.6895,25,0
25420.0000,2542,2012,2.7000,12,1000,1000,1,11439.7332,0.0000,0.9000,2146.9904,0.0000,0.1395,21.7393,0.0000,0.0395,13608.4630,0.0000,1.0789,13608.4629,25,0
25430.0000,2543,2012,2.7000,12,1000,1000,1,11444.1560,0.0000,0.9000,2146.1462,0.0000,0.1394,21.7308,0.0000,0.0394,13612.0330,0.0000,1.0788,13612.0332,25,0
25440.0000,2544,2010,2.7000,10,1000,1000,1,11449.2429,0.0000,0.9000,2145.3026,0.0000,0.1394,21.7223,0.0000,0.0394,13616.2677,0.0000,1.0788,13616.2676,25,0
25450.0000,2545,2014,2.7000,14,1000,1000,1,11453.5429,0.0000,0.9002,2144.4596,0.0000,0.1393,21.7137,0.0000,0.0394,13619.7162,0.0000,1.0790,13619.7158,25,0
25460.0000,2546,2009,2.7000,9,1000,1000,1,11456.9906,0.0000,0.9002,2143.6173,0.0000,0.1393,21.7052,0.0000,0.0394,13622.3131,0.0000,1.0788,13622.3135,25,0
25470.0000,2547,2011,2.7000,11,1000,1000,1,11463.0664,0.0000,0.9002,2142.7757,0.0000,0.1392,21.6967,0.0000,0.0394,13627.5388,0.0000,1.0788,13627.5391,25,0
25480.0000,2548,2014,2.7000,14,1000,1000,1,11466.8888,0.0000,0.9003,2141.9347,0.0000,0.1392,21.6882,0.0000,0.0394,13630.5117,0.0000,1.0788,13630.5117,25,0
25490.0000,2549,2011,2.7000,11,1000,1000,1,11470.6087,0.0000,0.9002,2141.0944,0.0000,0.1391,21.6796,0.0000,0.0393,13633.3828,0.0000,1.0787,13633.3828,25,0
25500.0000,2550,2004,2.7000,4,1000,1000,1,11474.4325,0.0000,0.9000,2140.2548,0.0000,0.1391,21.6711,0.0000,0.0393,13636.3584,0.0000,1.0784,13636.3584,24,0
25510.0000,2551,2004,2.7000,4,1000,1000,1,11479.7384,0.0000,0.9000,2139.4158,0.0000,0.1390,21.6627,0.0000,0.0393,13640.8169,0.0000,1.0783,13640.8164,24,0
25520.0000,2552,2004,2.7000,4,1000,1000,1,11485.2268,0.0000,0.8999,2138.5775,0.0000,0.1389,21.6542,0.0000,0.0393,13645.4584,0.0000,1.0782,13645.4580,24,0
25530.0000,2553,2003,2.7000,3,1000,1000,1,11490.0049,0.0000,0.9000,2171.2762,0.0000,0.1391,21.6457,0.0000,0.0393,13682.9267,0.0000,1.0783,13682.9268,24,0
25540.0000,2554,2007,2.7000,7,1000,1000,1,11493.0075,0.0000,0.9000,2170.4260,0.0000,0.1390,21.6372,0.0000,0.0393,13685.0708,0.0000,1.0783,13685.0703,25,0
25550.0000,2555,2004,2.7000,4,1000,1000,1,11498.6515,0.0000,0.9001,2169.5766,0.0000,0.1389,21.6287,0.0000,0.0393,13689.8568,0.0000,1.0783,13689.8564,24,0
25560.0000,2556,1999,2.7000,0,999,1000,1,11502.0633,0.0000,0.9000,2168.7277,0.0000,0.1389,21.6203,0.0000,0.0392,13692.4113,0.0000,1.0781,13692.4111,24,0
25570.0000,2557,2000,2.7000,0,1000,1000,1,11507.7431,0.0000,0.8999,2173.4534,0.0000,0.1391,21.6118,0.0000,0.0392,13702.8083,0.0000,1.0783,13702.8086,24,0
25580.0000,2558,2002,2.7000,2,1000,1000,1,11512.5379,0.0000,0.8998,2173.7285,0.0000,0.1392,21.6034,0.0000,0.0392,13707.8698,0.0000,1.0781,13707.8701,24,0
25590.0000,2559,2002,2.7000,2,1000,1000,1,11516.5292,0.0000,0.8999,2172.8791,0.0000,0.1391,21.5949,0.0000,0.0392,13711.0033,0.0000,1.0782,13711.0029,24,0
25600.0000,2560,2003,2.7000,3,1000,1000,1,11520.7031,0.0000,0.9000,2172.0303,0.0000,0.1391,21.5865,0.0000,0.0392,13714.3199,0.0000,1.0782,13714.3203,24,0
25610.0000,2561,2007,2.7000,7,1000,1000,1,11525.5963,0.0000,0.9001,2171.1822,0.0000,0.1390,21.5781,0.0000,0.0392,13718.3565,0.0000,1.0783,13718.3564,25,0
25620.0000,2562,2005,2.7000,5,1000,1000,1,11530.2958,0.0000,0.9000,2170.3347,0.0000,0.1390,21.5696,0.0000,0.0391,13722.2002,0.0000,1.0781,13722.2002,24,0
25630.0000,2563,2000,2.7000,0,1000,1000,1,11531.4832,0.0000,0.9000,2169.4879,0.0000,0.1389,21.5612,0.0000,0.0391,13722.5324,0.0000,1.0780,13722.5322,24,0
25640.0000,2564,2002,2.7000,2,1000,1000,1,11539.5142,0.0000,0.9000,2177.1893,0.0000,0.1390,21.5528,0.0000,0.0391,13738.2564,0.0000,1.0782,13738.2568,24,0
25650.0000,2565,1995,2.7000,0,995,1000,1,11542.3690,0.0000,0.8998,2177.6908,0.0000,0.1391,21.5444,0.0000,0.0391,13741.6042,0.0000,1.0781,13741.6045,24,0
25660.0000,2566,2004,2.7000,4,1000,1000,1,11547.9651,0.0000,0.8999,2177.4643,0.0000,0.1392,21.5360,0.0000,0.0391,13746.9654,0.0000,1.0783,13746.9658,24,0
25670.0000,2567,2006,2.7000,6,1000,1000,1,11552.8727,0.0000,0.9000,2176.6161,0.0000,0.1392,21.5276,0.0000,0.0391,13751.0164,0.0000,1.0782,13751.0166,25,0
25680.0000,2568,2005,2.7000,5,1000,1000,1,11556.8517,0.0000,0.9001,2175.7685,0.0000,0.1391,21.5192,0.0000,0.0391,13754.1394,0.0000,1.0783,13754.1396,24,0
25690.0000,2569,2007,2.7000,7,1000,1000,1,11561.8892,0.0000,0.9002,2174.9215,0.0000,0.1391,21.5109,0.0000,0.0390,13758.3216,0.0000,1.0784,13758.3213,25,0
25700.0000,2570,2003,2.7000,3,1000,1000,1,11565.6156,0.0000,0.9002,2174.0753,0.0000,0.1390,21.5025,0.0000,0.0390,13761.1934,0.0000,1.0782,13761.1934,24,0
25710.0000,2571,1999,2.7000,0,999,1000,1,11569.5847,0.0000,0.9001,2173.2297,0.0000,0.1390,21.4941,0.0000,0.0390,13764.3085,0.0000,1.0781,13764.3086,24,0
25720.0000,2572,2000,2.7000,1,999,1000,1,11575.3309,0.0000,0.9000,2181.2084,0.0000,0.1391,21.4858,0.0000,0.0390,13778.0251,0.0000,1.0781,13778.0254,24,0
25730.0000,2573,2001,2.7000,2,999,1000,1,11578.5477,0.0000,0.8998,2182.0832,0.0000,0.1393,21.4774,0.0000,0.0390,13782.1083,0.0000,1.0782,13782.1084,24,0
25740.0000,2574,2003,2.7000,3,1000,1000,1,11582.4627,0.0000,0.8998,2181.7340,0.0000,0.1393,21.4691,0.0000,0.0390,13785.6657,0.0000,1.0780,13785.6660,24,0
25750.0000,2575,2001,2.7000,1,1000,1000,1,11588.0003,0.0000,0.8996,2182.9032,0.0000,0.1393,21.4607,0.0000,0.0390,13792.3642,0.0000,1.0778,13792.3643,24,0
25760.0000,2576,1997,2.7000,2,995,1000,1,11593.4335,0.0000,0.8995,2183.3058,0.0000,0.1394,21.4524,0.0000,0.0389,13798.1917,0.0000,1.0778,13798.1914,24,0
25770.0000,2577,2003,2.7000,3,1000,1000,1,11597.7292,0.0000,0.8995,2183.6224,0.0000,0.1395,21.4441,0.0000,0.0389,13802.7956,0.0000,1.0780,13802.7959,24,0
25780.0000,2578,2001,2.7000,1,1000,1000,1,11602.1409,0.0000,0.8994,2184.8571,0.0000,0.1395,21.4358,0.0000,0.0389,13808.4337,0.0000,1.0779,13808.4336,24,0
25790.0000,2579,2003,2.7000,3,1000,1000,1,11606.8948,0.0000,0.8997,2184.7072,0.0000,0.1395,21.4275,0.0000,0.0389,13813.0294,0.0000,1.0781,13813.0293,24,0
25800.0000,2580,2004,2.7000,4,1000,1000,1,11610.5137,0.0000,0.8997,2183.8604,0.0000,0.1395,21.4192,0.0000,0.0389,13815.7932,0.0000,1.0780,13815.7930,24,0
25810.0000,2581,2006,2.7000,6,1000,1000,1,11615.9463,0.0000,0.8998,2183.0143,0.0000,0.1394,21.4109,0.0000,0.0389,13820.3714,0.0000,1.0780,13820.3711,25,0
25820.0000,2582,2010,2.7000,10,1000,1000,1,11620.3333,0.0000,0.8999,2182.1688,0.0000,0.1393,21.4026,0.0000,0.0388,13823.9047,0.0000,1.0781,13823.9043,25,0
25830.0000,2583,2005,2.7000,5,1000,1000,1,11622.4688,0.0000,0.8998,2181.3240,0.0000,0.1393,21.3943,0.0000,0.0388,13825.1870,0.0000,1.0779,13825.1865,24,0
25840.0000,2584,2003,2.7000,3,1000,1000,1,11627.1994,0.0000,0.8997,2180.4798,0.0000,0.1392,21.3860,0.0000,0.0388,13829.0652,0.0000,1.0777,13829.0654,24,0
25850.0000,2585,2003,2.7000,3,1000,1000,1,11633.7392,0.0000,0.8998,2179.6363,0.0000,0.1392,21.3777,0.0000,0.0388,13834.7532,0.0000,1.0778,13834.7529,24,0
25860.0000,2586,2005,2.7000,5,1000,1000,1,11637.8493,0.0000,0.8999,2178.7934,0.0000,0.1391,21.3695,0.0000,0.0388,13838.0122,0.0000,1.0778,13838.0127,24,0
25870.0000,2587,2006,2.7000,6,1000,1000,1,11642.7247,0.0000,0.9000,2177.9512,0.0000,0.1391,21.3612,0.0000,0.0388,13842.0371,0.0000,1.0779,13842.0371,25,0
25880.0000,2588,2006,2.7000,6,1000,1000,1,11646.1509,0.0000,0.9000,2177.1097,0.0000,0.1390,21.3529,0.0000,0.0388,13844.6135,0.0000,1.0778,13844.6133,25,0
25890.0000,2589,2001,2.7000,1,1000,1000,1,11651.7769,0.0000,0.9000,2176.2688,0.0000,0.1390,21.3447,0.0000,0.0387,13849.3903,0.0000,1.0778,13849.3906,24,0
25900.0000,2590,2005,2.7000,5,1000,1000,1,11656.4327,0.0000,0.9002,2191.0582,0.0000,0.1390,21.3365,0.0000,0.0387,13868.8273,0.0000,1.0778,13868.8271,24,0
25910.0000,2591,2002,2.7000,2,1000,1000,1,11660.9718,0.0000,0.9000,2190.2125,0.0000,0.1389,21.3282,0.0000,0.0387,13872.5125,0.0000,1.0776,13872.5127,24,0
25920.0000,2592,2006,2.7000,6,1000,1000,1,11665.1168,0.0000,0.9000,2189.3676,0.0000,0.1389,21.3200,0.0000,0.0387,13875.8043,0.0000,1.0776,13875.8047,25,0
25930.0000,2593,2001,2.7000,1,1000,1000,1,11666.3408,0.0000,0.8998,2188.5232,0.0000,0.1388,21.3118,0.0000,0.0387,13876.1758,0.0000,1.0773,13876.1758,24,0
25940.0000,2594,2000,2.7000,0,1000,1000,1,11672.8153,0.0000,0.8998,2193.1406,0.0000,0.1389,21.3036,0.0000,0.0387,13887.2595,0.0000,1.0774,13887.2598,24,0
25950.0000,2595,2005,2.7000,5,1000,1000,1,11677.7449,0.0000,0.9000,2192.8867,0.0000,0.1389,21.2953,0.0000,0.0387,13891.9270,0.0000,1.0775,13891.9268,24,0
25960.0000,2596,1997,2.7000,0,997,1000,1,11681.4525,0.0000,0.8999,2194.5810,0.0000,0.1389,21.2871,0.0000,0.0386,13897.3206,0.0000,1.0775,13897.3203,24,0
25970.0000,2597,2000,2.7000,0,1000,1000,1,11685.9337,0.0000,0.8998,2194.0296,0.0000,0.1390,21.2789,0.0000,0.0386,13901.2423,0.0000,1.0774,13901.2422,24,0
25980.0000,2598,1998,2.7000,0,998,1000,1,11688.4110,0.0000,0.8997,2195.0896,0.0000,0.1390,21.2708,0.0000,0.0386,13904.7714,0.0000,1.0773,13904.7715,24,0
25990.0000,2599,2003,2.7000,3,1000,1000,1,11696.6501,0.0000,0.9000,2196.1763,0.0000,0.1391,21.2626,0.0000,0.0386,13914.0889,0.0000,1.0777,13914.0889,24,0
26000.0000,2600,2001,2.7000,1,1000,1000,1,11701.3173,0.0000,0.9000,2196.8663,0.0000,0.1393,21.2544,0.0000,0.0386,13919.4379,0.0000,1.0778,13919.4375,24,0
26010.0000,2601,2000,2.7000,0,1000,1000,1,11699.6546,0.0000,0.8997,2197.0603,0.0000,0.1393,21.2462,0.0000,0.0386,13917.9611,0.0000,1.0775,13917.9609,24,0
26020.0000,2602,2011,2.7000,11,1000,1000,1,11710.3628,0.0000,0.9000,2196.2160,0.0000,0.1392,21.2381,0.0000,0.0385,13927.8168,0.0000,1.0777,13927.8164,25,0
26030.0000,2603,2012,2.7000,12,1000,1000,1,11714.5999,0.0000,0.8999,2195.3722,0.0000,0.1391,21.2299,0.0000,0.0385,13931.2020,0.0000,1.0776,13931.2021,25,0
26040.0000,2604,2014,2.7000,14,1000,1000,1,11719.1841,0.0000,0.9000,2194.5292,0.0000,0.1391,21.2217,0.0000,0.0385,13934.9350,0.0000,1.0776,13934.9346,25,0
26050.0000,2605,2005,2.7000,5,1000,1000,1,11721.8416,0.0000,0.8998,2193.6867,0.0000,0.1390,21.2136,0.0000,0.0385,13936.7419,0.0000,1.0773,13936.7422,24,0
26060.0000,2606,2010,2.7000,10,1000,1000,1,11727.0540,0.0000,0.8999,2192.8449,0.0000,0.1390,21.2055,0.0000,0.0385,13941.1044,0.0000,1.0774,13941.1045,25,0
26070.0000,2607,2008,2.7000,8,1000,1000,1,11732.2136,0.0000,0.9000,2192.0038,0.0000,0.1389,21.1973,0.0000,0.0385,13945.4148,0.0000,1.0774,13945.4150,25,0
26080.0000,2608,2007,2.7000,7,1000,1000,1,11737.1677,0.0000,0.8999,2191.1633,0.0000,0.1389,21.1892,0.0000,0.0385,13949.5202,0.0000,1.0773,13949.5205,25,0
26090.0000,2609,2007,2.7000,7,1000,1000,1,11740.7900,0.0000,0.8999,2190.3235,0.0000,0.1388,21.1811,0.0000,0.0384,13952.2946,0.0000,1.0772,13952.2949,25,0
26100.0000,2610,2004,2.7000,4,1000,1000,1,11743.2744,0.0000,0.8997,2189.4843,0.0000,0.1388,21.1730,0.0000,0.0384,13953.9316,0.0000,1.0769,13953.9316,24,0
26110.0000,2611,2000,2.7000,0,1000,1000,1,11749.5275,0.0000,0.8997,2188.6457,0.0000,0.1387,21.1649,0.0000,0.0384,13959.3381,0.0000,1.0768,13959.3379,24,0
26120.0000,2612,2004,2.7000,4,1000,1000,1,11755.1128,0.0000,0.8996,2202.5639,0.0000,0.1388,21.1567,0.0000,0.0384,13978.8334,0.0000,1.0768,13978.8330,24,0
26130.0000,2613,2003,2.7000,3,1000,1000,1,11759.2000,0.0000,0.8996,2201.7210,0.0000,0.1387,21.1487,0.0000,0.0384,13982.0696,0.0000,1.0767,13982.0693,24,0
26140.0000,2614,2006,2.7000,6,1000,1000,1,11764.1447,0.0000,0.8997,2200.8787,0.0000,0.1387,21.1406,0.0000,0.0384,13986.1639,0.0000,1.0767,13986.1641,25,0
26150.0000,2615,2008,2.7000,8,1000,1000,1,11768.5067,0.0000,0.8996,2200.0371,0.0000,0.1386,21.1325,0.0000,0.0384,13989.6762,0.0000,1.0766,13989.6758,25,0
26160.0000,2616,2002,2.7000,2,1000,1000,1,11771.3849,0.0000,0.8995,2199.1961,0.0000,0.1386,21.1244,0.0000,0.0383,13991.7054,0.0000,1.0764,13991.7051,24,0
26170.0000,2617,1999,2.7000,0,999,1000,1,11775.2602,0.0000,0.8994,2205.4892,0.0000,0.1386,21.1163,0.0000,0.0383,14001.8657,0.0000,1.0764,14001.8652,24,0
26180.0000,2618,2001,2.7000,1,1000,1000,1,11782.2385,0.0000,0.8994,2206.5460,0.0000,0.1388,21.1083,0.0000,0.0383,14009.8928,0.0000,1.0765,14009.8926,24,0
26190.0000,2619,2001,2.7000,1,1000,1000,1,11786.8772,0.0000,0.8994,2206.4032,0.0000,0.1388,21.1002,0.0000,0.0383,14014.3806,0.0000,1.0765,14014.3809,24,0
26200.0000,2620,1999,2.7000,1,998,1000,1,11791.3307,0.0000,0.8992,2207.6737,0.0000,0.1390,21.0921,0.0000,0.0383,14020.0966,0.0000,1.0765,14020.0967,24,0
26210.0000,2621,2007,2.7000,7,1000,1000,1,11795.1064,0.0000,0.8992,2207.1246,0.0000,0.1390,21.0841,0.0000,0.0383,14023.3151,0.0000,1.0765,14023.3154,25,0
26220.0000,2622,2008,2.7000,8,1000,1000,1,11800.1484,0.0000,0.8994,2206.2828,0.0000,0.1389,21.0761,0.0000,0.0383,14027.5073,0.0000,1.0765,14027.5068,25,0
26230.0000,2623,2006,2.7000,6,1000,1000,1,11804.7797,0.0000,0.8994,2205.4417,0.0000,0.1389,21.0680,0.0000,0.0382,14031.2894,0.0000,1.0765,14031.2891,25,0
26240.0000,2624,2011,2.7000,11,1000,1000,1,11809.2374,0.0000,0.8996,2204.6012,0.0000,0.1388,21.0600,0.0000,0.0382,14034.8985,0.0000,1.0766,14034.8984,25,0
26250.0000,2625,2009,2.7000,9,1000,1000,1,11812.5895,0.0000,0.8996,2203.7613,0.0000,0.1388,21.0520,0.0000,0.0382,14037.4029,0.0000,1.0766,14037.4033,25,0
26260.0000,2626,2016,2.7000,16,1000,1000,1,11818.0280,0.0000,0.8997,2202.9221,0.0000,0.1387,21.0440,0.0000,0.0382,14041.9941,0.0000,1.0766,14041.9941,25,0
26270.0000,2627,2017,2.7000,17,1000,1000,1,11822.3296,0.0000,0.8997,2202.0836,0.0000,0.1387,21.0359,0.0000,0.0382,14045.4491,0.0000,1.0766,14045.4492,25,0
26280.0000,2628,2020,2.7000,20,1000,1000,1,11827.2948,0.0000,0.8998,2201.2456,0.0000,0.1386,21.0279,0.0000,0.0382,14049.5684,0.0000,1.0766,14049.5684,25,0
26290.0000,2629,2017,2.7000,17,1000,1000,1,11830.7368,0.0000,0.8998,2200.4083,0.0000,0.1386,21.0199,0.0000,0.0382,14052.1651,0.0000,1.0765,14052.1650,25,0
26300.0000,2630,2017,2.7000,17,1000,1000,1,11836.2407,0.0000,0.8998,2199.5717,0.0000,0.1385,21.0119,0.0000,0.0381,14056.8243,0.0000,1.0764,14056.8242,25,0
26310.0000,2631,2016,2.7000,16,1000,1000,1,11840.4527,0.0000,0.8999,2198.7357,0.0000,0.1385,21.0040,0.0000,0.0381,14060.1923,0.0000,1.0765,14060.1924,25,0
26320.0000,2632,2008,2.7000,8,1000,1000,1,11842.9882,0.0000,0.8998,2197.9003,0.0000,0.1384,20.9960,0.0000,0.0381,14061.8844,0.0000,1.0764,14061.8848,25,0
26330.0000,2633,2007,2.7000,7,1000,1000,1,11847.4420,0.0000,0.8998,2197.0655,0.0000,0.1384,20.9880,0.0000,0.0381,14065.4956,0.0000,1.0762,14065.4951,25,0
26340.0000,2634,2002,2.7000,2,1000,1000,1,11851.7252,0.0000,0.8995,2196.2314,0.0000,0.1383,20.9800,0.0000,0.0381,14068.9366,0.0000,1.0759,14068.9365,24,0
26350.0000,2635,2006,2.7000,6,1000,1000,1,11858.7849,0.0000,0.8999,2195.3979,0.0000,0.1383,20.9721,0.0000,0.0381,14075.1549,0.0000,1.0762,14075.1553,25,0
26360.0000,2636,2005,2.7000,5,1000,1000,1,11861.6830,0.0000,0.9000,2194.5651,0.0000,0.1382,20.9641,0.0000,0.0381,14077.2122,0.0000,1.0762,14077.2119,24,0
26370.0000,2637,2008,2.7000,8,1000,1000,1,11865.9570,0.0000,0.9000,2193.7328,0.0000,0.1381,20.9562,0.0000,0.0380,14080.6460,0.0000,1.0761,14080.6465,25,0
26380.0000,2638,2005,2.7000,5,1000,1000,1,11870.4422,0.0000,0.9000,2192.9013,0.0000,0.1381,20.9482,0.0000,0.0380,14084.2917,0.0000,1.0761,14084.2920,24,0
26390.0000,2639,2004,2.7000,4,1000,1000,1,11872.9401,0.0000,0.8998,2192.0703,0.0000,0.1380,20.9403,0.0000,0.0380,14085.9507,0.0000,1.0759,14085.9512,24,0
26400.0000,2640,2005,2.7000,5,1000,1000,1,11880.8874,0.0000,0.8998,2191.2400,0.0000,0.1380,20.9324,0.0000,0.0380,14093.0597,0.0000,1.0758,14093.0596,24,0
26410.0000,2641,2008,2.7000,8,1000,1000,1,11884.0757,0.0000,0.8999,2190.4103,0.0000,0.1379,20.9244,0.0000,0.0380,14095.4104,0.0000,1.0758,14095.4102,25,0
26420.0000,2642,2014,2.7000,14,1000,1000,1,11890.3192,0.0000,0.9002,2189.5812,0.0000,0.1379,20.9165,0.0000,0.0380,14100.8169,0.0000,1.0760,14100.8174,25,0
26430.0000,2643,2005,2.7000,5,1000,1000,1,11894.7948,0.0000,0.9002,2188.7528,0.0000,0.1378,20.9086,0.0000,0.0379,14104.4561,0.0000,1.0759,14104.4561,24,0
26440.0000,2644,2003,2.7000,3,1000,1000,1,11896.6798,0.0000,0.9001,2187.9249,0.0000,0.1378,20.9007,0.0000,0.0379,14105.5054,0.0000,1.0758,14105.5059,24,0
26450.0000,2645,2002,2.7000,2,1000,1000,1,11901.7915,0.0000,0.9000,2221.0379,0.0000,0.1379,20.8928,0.0000,0.0379,14143.7222,0.0000,1.0758,14143.7227,24,0
26460.0000,2646,1994,2.7000,0,994,1000,1,11907.6264,0.0000,0.8999,2221.9070,0.0000,0.1380,20.8849,0.0000,0.0379,14150.4183,0.0000,1.0758,14150.4180,24,0
26470.0000,2647,2000,2.7000,0,1000,1000,1,11911.9676,0.0000,0.8999,2222.2492,0.0000,0.1383,20.8770,0.0000,0.0379,14155.0937,0.0000,1.0760,14155.0938,24,0
26480.0000,2648,2002,2.7000,2,1000,1000,1,11916.9558,0.0000,0.8998,2222.4794,0.0000,0.1384,20.8691,0.0000,0.0379,14160.3043,0.0000,1.0761,14160.3047,24,0
26490.0000,2649,2006,2.7000,6,1000,1000,1,11919.2809,0.0000,0.8998,2221.6404,0.0000,0.1384,20.8612,0.0000,0.0379,14161.7825,0.0000,1.0761,14161.7822,25,0
26500.0000,2650,2006,2.7000,6,1000,1000,1,11925.9134,0.0000,0.8998,2220.8021,0.0000,0.1383,20.8534,0.0000,0.0378,14167.5688,0.0000,1.0760,14167.5684,25,0
26510.0000,2651,2005,2.7000,5,1000,1000,1,11929.6097,0.0000,0.8998,2224.3864,0.0000,0.1383,20.8455,0.0000,0.0378,14174.8416,0.0000,1.0760,14174.8418,24,0
26520.0000,2652,2008,2.7000,8,1000,1000,1,11934.9235,0.0000,0.8998,2223.5476,0.0000,0.1383,20.8376,0.0000,0.0378,14179.3088,0.0000,1.0759,14179.3086,25,0
26530.0000,2653,2006,2.7000,6,1000,1000,1,11935.9783,0.0000,0.8997,2222.7095,0.0000,0.1382,20.8298,0.0000,0.0378,14179.5175,0.0000,1.0758,14179.5176,25,0
26540.0000,2654,2003,2.7000,3,1000,1000,1,11940.8544,0.0000,0.8998,2221.8720,0.0000,0.1382,20.8219,0.0000,0.0378,14183.5483,0.0000,1.0757,14183.5488,24,0
26550.0000,2655,2003,2.7000,3,1000,1000,1,11948.7968,0.0000,0.8997,2221.0351,0.0000,0.1381,20.8141,0.0000,0.0378,14190.6460,0.0000,1.0756,14190.6465,24,0
26560.0000,2656,2000,2.7000,0,1000,1000,1,11952.0888,0.0000,0.8996,2226.6294,0.0000,0.1381,20.8063,0.0000,0.0378,14199.5245,0.0000,1.0755,14199.5244,24,0
26570.0000,2657,2000,2.7000,0,1000,1000,1,11955.6198,0.0000,0.8996,2226.8315,0.0000,0.1381,20.7984,0.0000,0.0377,14203.2497,0.0000,1.0755,14203.2500,24,0
26580.0000,2658,2007,2.7000,7,1000,1000,1,11962.3090,0.0000,0.8997,2227.7969,0.0000,0.1382,20.7906,0.0000,0.0377,14210.8965,0.0000,1.0756,14210.8965,25,0
26590.0000,2659,2009,2.7000,9,1000,1000,1,11964.6046,0.0000,0.8998,2226.9591,0.0000,0.1381,20.7828,0.0000,0.0377,14212.3465,0.0000,1.0756,14212.3467,25,0
26600.0000,2660,2006,2.7000,6,1000,1000,1,11968.0625,0.0000,0.8996,2226.1219,0.0000,0.1381,20.7750,0.0000,0.0377,14214.9593,0.0000,1.0754,14214.9590,25,0
26610.0000,2661,2004,2.7000,4,1000,1000,1,11973.3236,0.0000,0.8994,2225.2853,0.0000,0.1380,20.7672,0.0000,0.0377,14219.3761,0.0000,1.0751,14219.3760,24,0
26620.0000,2662,2001,2.7000,1,1000,1000,1,11978.0952,0.0000,0.8992,2230.0357,0.0000,0.1380,20.7594,0.0000,0.0377,14228.8903,0.0000,1.0749,14228.8906,24,0
26630.0000,2663,2000,2.7000,0,1000,1000,1,11983.4253,0.0000,0.8992,2230.6838,0.0000,0.1380,20.7516,0.0000,0.0377,14234.8606,0.0000,1.0749,14234.8604,24,0
26640.0000,2664,2002,2.7000,2,1000,1000,1,11989.0381,0.0000,0.8991,2231.4489,0.0000,0.1381,20.7438,0.0000,0.0377,14241.2308,0.0000,1.0749,14241.2305,24,0
26650.0000,2665,2001,2.7000,1,1000,1000,1,11993.7287,0.0000,0.8992,2231.9950,0.0000,0.1382,20.7360,0.0000,0.0376,14246.4597,0.0000,1.0751,14246.4600,24,0
26660.0000,2666,2006,2.7000,6,1000,1000,1,11998.0623,0.0000,0.8993,2232.3513,0.0000,0.1382,20.7282,0.0000,0.0376,14251.1418,0.0000,1.0751,14251.1416,25,0
26670.0000,2667,2014,2.7000,14,1000,1000,1,12002.1698,0.0000,0.8994,2231.5143,0.0000,0.1382,20.7204,0.0000,0.0376,14254.4046,0.0000,1.0751,14254.4043,25,0
26680.0000,2668,2010,2.7000,10,1000,1000,1,12005.1343,0.0000,0.8993,2230.6779,0.0000,0.1381,20.7127,0.0000,0.0376,14256.5248,0.0000,1.0750,14256.5244,25,0
26690.0000,2669,2009,2.7000,9,1000,1000,1,12011.6980,0.0000,0.8994,2229.8421,0.0000,0.1381,20.7049,0.0000,0.0376,14262.2450,0.0000,1.0750,14262.2451,25,0
26700.0000,2670,2007,2.7000,7,1000,1000,1,12015.9508,0.0000,0.8994,2229.0069,0.0000,0.1380,20.6972,0.0000,0.0376,14265.6549,0.0000,1.0750,14265.6553,25,0
26710.0000,2671,2007,2.7000,7,1000,1000,1,12020.0891,0.0000,0.8996,2228.1724,0.0000,0.1380,20.6894,0.0000,0.0376,14268.9510,0.0000,1.0751,14268.9512,25,0
26720.0000,2672,2007,2.7000,7,1000,1000,1,12023.9617,0.0000,0.8998,2227.3385,0.0000,0.1379,20.6817,0.0000,0.0375,14271.9819,0.0000,1.0752,14271.9824,25,0
26730.0000,2673,2000,2.7000,1,999,1000,1,12029.2234,0.0000,0.8996,2226.5053,0.0000,0.1379,20.6739,0.0000,0.0375,14276.4026,0.0000,1.0750,14276.4023,24,0
26740.0000,2674,1999,2.7000,0,999,1000,1,12031.6309,0.0000,0.8994,2235.7630,0.0000,0.1378,20.6662,0.0000,0.0375,14288.0601,0.0000,1.0748,14288.0605,24,0
26750.0000,2675,2003,2.7000,3,1000,1000,1,12037.0314,0.0000,0.8994,2237.2142,0.0000,0.1379,20.6585,0.0000,0.0375,14294.9041,0.0000,1.0748,14294.9043,24,0
26760.0000,2676,2007,2.7000,7,1000,1000,1,12043.1892,0.0000,0.8994,2236.3782,0.0000,0.1379,20.6508,0.0000,0.0375,14300.2181,0.0000,1.0748,14300.2178,25,0
26770.0000,2677,2010,2.7000,10,1000,1000,1,12047.5317,0.0000,0.8996,2235.5428,0.0000,0.1378,20.6430,0.0000,0.0375,14303.7175,0.0000,1.0749,14303.7178,25,0
26780.0000,2678,2005,2.7000,5,1000,1000,1,12051.8054,0.0000,0.8996,2234.7080,0.0000,0.1378,20.6353,0.0000,0.0375,14307.1488,0.0000,1.0749,14307.1484,24,0
26790.0000,2679,2005,2.7000,5,1000,1000,1,12055.4948,0.0000,0.8995,2233.8738,0.0000,0.1377,20.6276,0.0000,0.0374,14309.9962,0.0000,1.0747,14309.9961,24,0
26800.0000,2680,2006,2.7000,6,1000,1000,1,12059.3682,0.0000,0.8996,2233.0403,0.0000,0.1377,20.6199,0.0000,0.0374,14313.0284,0.0000,1.0747,14313.0283,25,0
26810.0000,2681,2002,2.7000,2,1000,1000,1,12064.5262,0.0000,0.8996,2232.2074,0.0000,0.1376,20.6122,0.0000,0.0374,14317.3459,0.0000,1.0746,14317.3457,24,0
26820.0000,2682,2004,2.7000,4,1000,1000,1,12068.8985,0.0000,0.8997,2241.3574,0.0000,0.1377,20.6046,0.0000,0.0374,14330.8605,0.0000,1.0748,14330.8604,24,0
26830.0000,2683,2002,2.7000,2,1000,1000,1,12074.3237,0.0000,0.8996,2240.5220,0.0000,0.1376,20.5969,0.0000,0.0374,14335.4426,0.0000,1.0745,14335.4424,24,0
26840.0000,2684,1999,2.7000,0,999,1000,1,12077.9713,0.0000,0.8994,2241.9260,0.0000,0.1377,20.5892,0.0000,0.0374,14340.4865,0.0000,1.0745,14340.4863,24,0
26850.0000,2685,2000,2.7000,0,1000,1000,1,12082.0482,0.0000,0.8993,2242.8774,0.0000,0.1379,20.5815,0.0000,0.0374,14345.5071,0.0000,1.0745,14345.5068,24,0
26860.0000,2686,2001,2.7000,1,1000,1000,1,12087.2797,0.0000,0.8993,2242.7019,0.0000,0.1379,20.5739,0.0000,0.0373,14350.5555,0.0000,1.0746,14350.5557,24,0
26870.0000,2687,2001,2.7000,1,1000,1000,1,12091.7110,0.0000,0.8994,2244.1084,0.0000,0.1380,20.5662,0.0000,0.0373,14356.3857,0.0000,1.0747,14356.3857,24,0
26880.0000,2688,2005,2.7000,5,1000,1000,1,12096.4861,0.0000,0.8993,2243.2736,0.0000,0.1379,20.5586,0.0000,0.0373,14360.3182,0.0000,1.0746,14360.3184,24,0
26890.0000,2689,2004,2.7000,4,1000,1000,1,12101.4606,0.0000,0.8992,2242.4393,0.0000,0.1379,20.5509,0.0000,0.0373,14364.4509,0.0000,1.0744,14364.4512,24,0
26900.0000,2690,2001,2.7000,1,1000,1000,1,12106.0188,0.0000,0.8991,2245.7313,0.0000,0.1380,20.5433,0.0000,0.0373,14372.2934,0.0000,1.0743,14372.2930,24,0
26910.0000,2691,2004,2.7000,4,1000,1000,1,12110.2366,0.0000,0.8990,2245.5809,0.0000,0.1379,20.5356,0.0000,0.0373,14376.3531,0.0000,1.0742,14376.3535,24,0
26920.0000,2692,2005,2.7000,5,1000,1000,1,12114.0001,0.0000,0.8991,2244.7467,0.0000,0.1379,20.5280,0.0000,0.0373,14379.2748,0.0000,1.0743,14379.2744,24,0
26930.0000,2693,2010,2.7000,10,1000,1000,1,12119.1757,0.0000,0.8991,2243.9132,0.0000,0.1378,20.5204,0.0000,0.0372,14383.6092,0.0000,1.0742,14383.6094,25,0
26940.0000,2694,2019,2.7000,19,1000,1000,1,12122.3845,0.0000,0.8993,2243.0802,0.0000,0.1378,20.5128,0.0000,0.0372,14385.9775,0.0000,1.0743,14385.9775,25,0
26950.0000,2695,2019,2.7000,19,1000,1000,1,12127.7481,0.0000,0.8994,2242.2479,0.0000,0.1377,20.5052,0.0000,0.0372,14390.5012,0.0000,1.0743,14390.5010,25,0
26960.0000,2696,2008,2.7000,8,1000,1000,1,12131.7007,0.0000,0.8993,2241.4162,0.0000,0.1377,20.4976,0.0000,0.0372,14393.6145,0.0000,1.0742,14393.6143,25,0
26970.0000,2697,2006,2.7000,6,1000,1000,1,12137.2611,0.0000,0.8992,2240.5852,0.0000,0.1376,20.4900,0.0000,0.0372,14398.3362,0.0000,1.0740,14398.3359,25,0
26980.0000,2698,1999,2.7000,0,999,1000,1,12141.0849,0.0000,0.8991,2239.7547,0.0000,0.1376,20.4824,0.0000,0.0372,14401.3220,0.0000,1.0738,14401.3223,24,0
26990.0000,2699,2009,2.7000,9,1000,1000,1,12146.2505,0.0000,0.8993,2249.3768,0.0000,0.1376,20.4748,0.0000,0.0372,14416.1020,0.0000,1.0740,14416.1016,25,0
27000.0000,2700,2012,2.7000,12,1000,1000,1,12150.5361,0.0000,0.8993,2248.5437,0.0000,0.1375,20.4672,0.0000,0.0371,14419.5469,0.0000,1.0739,14419.5469,25,0
27010.0000,2701,2014,2.7000,14,1000,1000,1,12155.3769,0.0000,0.8994,2247.7112,0.0000,0.1375,20.4596,0.0000,0.0371,14423.5477,0.0000,1.0740,14423.5479,25,0
27020.0000,2702,2016,2.7000,16,1000,1000,1,12157.6378,0.0000,0.8994,2246.8793,0.0000,0.1374,20.4520,0.0000,0.0371,14424.9691,0.0000,1.0739,14424.9688,25,0
27030.0000,2703,2017,2.7000,17,1000,1000,1,12164.2321,0.0000,0.8994,2246.0481,0.0000,0.1374,20.4445,0.0000,0.0371,14430.7246,0.0000,1.0739,14430.7246,25,0
27040.0000,2704,2025,2.7000,25,1000,1000,1,12168.0574,0.0000,0.8995,2245.2174,0.0000,0.1373,20.4369,0.0000,0.0371,14433.7117,0.0000,1.0739,14433.7119,26,0
27050.0000,2705,2023,2.7000,23,1000,1000,1,12172.7880,0.0000,0.8994,2244.3874,0.0000,0.1373,20.4294,0.0000,0.0371,14437.6048,0.0000,1.0738,14437.6045,26,0
27060.0000,2706,2027,2.7000,27,1000,1000,1,12177.7086,0.0000,0.8994,2243.5580,0.0000,0.1372,20.4218,0.0000,0.0371,14441.6884,0.0000,1.0737,14441.6885,26,0
27070.0000,2707,2028,2.7000,28,1000,1000,1,12181.1340,0.0000,0.8994,2242.7292,0.0000,0.1372,20.4143,0.0000,0.0371,14444.2775,0.0000,1.0737,14444.2773,26,0
27080.0000,2708,2028,2.7000,28,1000,1000,1,12186.6660,0.0000,0.8995,2241.9010,0.0000,0.1371,20.4067,0.0000,0.0370,14448.9737,0.0000,1.0737,14448.9736,26,0
27090.0000,2709,2028,2.7000,28,1000,1000,1,12191.2311,0.0000,0.8996,2241.0734,0.0000,0.1371,20.3992,0.0000,0.0370,14452.7037,0.0000,1.0737,14452.7041,26,0
27100.0000,2710,2029,2.7000,29,1000,1000,1,12195.5848,0.0000,0.8996,2240.2465,0.0000,0.1370,20.3917,0.0000,0.0370,14456.2230,0.0000,1.0737,14456.2227,26,0
27110.0000,2711,2034,2.7000,34,1000,1000,1,12200.3004,0.0000,0.8998,2239.4201,0.0000,0.1370,20.3841,0.0000,0.0370,14460.1046,0.0000,1.0738,14460.1045,26,0
27120.0000,2712,2033,2.7000,33,1000,1000,1,12204.3720,0.0000,0.8999,2238.5944,0.0000,0.1369,20.3766,0.0000,0.0370,14463.3430,0.0000,1.0738,14463.3428,26,0
27130.0000,2713,2035,2.7000,35,1000,1000,1,12208.5048,0.0000,0.9000,2237.7692,0.0000,0.1369,20.3691,0.0000,0.0370,14466.6431,0.0000,1.0738,14466.6436,26,0
27140.0000,2714,2032,2.7000,32,1000,1000,1,12212.0113,0.0000,0.8998,2236.9447,0.0000,0.1368,20.3616,0.0000,0.0370,14469.3176,0.0000,1.0735,14469.3174,26,0
27150.0000,2715,2031,2.7000,31,1000,1000,1,12218.1455,0.0000,0.8998,2236.1208,0.0000,0.1368,20.3541,0.0000,0.0369,14474.6204,0.0000,1.0735,14474.6201,26,0
27160.0000,2716,2019,2.7000,19,1000,1000,1,12219.6199,0.0000,0.8996,2235.2975,0.0000,0.1367,20.3466,0.0000,0.0369,14475.2640,0.0000,1.0733,14475.2637,25,0
27170.0000,2717,2016,2.7000,16,1000,1000,1,12226.5191,0.0000,0.8996,2234.4748,0.0000,0.1367,20.3391,0.0000,0.0369,14481.3330,0.0000,1.0732,14481.3330,25,0
27180.0000,2718,2006,2.7000,6,1000,1000,1,12226.8608,0.0000,0.8994,2233.6526,0.0000,0.1366,20.3317,0.0000,0.0369,14480.8451,0.0000,1.0729,14480.8447,25,0
27190.0000,2719,2006,2.7000,6,1000,1000,1,12236.4561,0.0000,0.8994,2232.8312,0.0000,0.1366,20.3242,0.0000,0.0369,14489.6114,0.0000,1.0729,14489.6113,25,0
27200.0000,2720,2003,2.7000,3,1000,1000,1,12240.9273,0.0000,0.8993,2232.0103,0.0000,0.1365,20.3167,0.0000,0.0369,14493.2543,0.0000,1.0727,14493.2539,24,0
27210.0000,2721,2005,2.7000,5,1000,1000,1,12243.0206,0.0000,0.8993,2231.1900,0.0000,0.1365,20.3092,0.0000,0.0369,14494.5198,0.0000,1.0727,14494.5195,24,0
27220.0000,2722,2005,2.7000,5,1000,1000,1,12248.0420,0.0000,0.8993,2230.3703,0.0000,0.1364,20.3018,0.0000,0.0368,14498.7141,0.0000,1.0725,14498.7139,24,0
27230.0000,2723,2010,2.7000,10,1000,1000,1,12253.2344,0.0000,0.8994,2229.5512,0.0000,0.1364,20.2943,0.0000,0.0368,14503.0799,0.0000,1.0726,14503.0801,25,0
27240.0000,2724,1998,2.7000,0,998,1000,1,12257.1193,0.0000,0.8993,2228.7327,0.0000,0.1363,20.2869,0.0000,0.0368,14506.1389,0.0000,1.0725,14506.1387,24,0
27250.0000,2725,2006,2.7000,6,1000,1000,1,12263.0630,0.0000,0.8995,2263.6891,0.0000,0.1364,20.2794,0.0000,0.0368,14547.0316,0.0000,1.0727,14547.0312,25,0
27260.0000,2726,2005,2.7000,5,1000,1000,1,12266.7664,0.0000,0.8995,2262.8587,0.0000,0.1363,20.2720,0.0000,0.0368,14549.8971,0.0000,1.0726,14549.8975,24,0
27270.0000,2727,1999,2.7000,0,999,1000,1,12269.8816,0.0000,0.8994,2265.7142,0.0000,0.1364,20.2645,0.0000,0.0368,14555.8603,0.0000,1.0725,14555.8604,24,0
27280.0000,2728,2004,2.7000,4,1000,1000,1,12276.0260,0.0000,0.8993,2265.3638,0.0000,0.1365,20.2571,0.0000,0.0368,14561.6469,0.0000,1.0726,14561.6465,24,0
27290.0000,2729,2010,2.7000,10,1000,1000,1,12280.1813,0.0000,0.8993,2264.5337,0.0000,0.1365,20.2497,0.0000,0.0368,14564.9648,0.0000,1.0725,14564.9648,25,0
27300.0000,2730,2011,2.7000,11,1000,1000,1,12285.8036,0.0000,0.8995,2263.7042,0.0000,0.1364,20.2423,0.0000,0.0367,14569.7501,0.0000,1.0726,14569.7500,25,0
27310.0000,2731,2010,2.7000,10,1000,1000,1,12290.2440,0.0000,0.8994,2262.8753,0.0000,0.1364,20.2349,0.0000,0.0367,14573.3542,0.0000,1.0725,14573.3545,25,0
27320.0000,2732,2006,2.7000,6,1000,1000,1,12293.5953,0.0000,0.8994,2262.0471,0.0000,0.1363,20.2275,0.0000,0.0367,14575.8698,0.0000,1.0724,14575.8701,25,0
27330.0000,2733,2009,2.7000,9,1000,1000,1,12299.1446,0.0000,0.8994,2261.2194,0.0000,0.1363,20.2201,0.0000,0.0367,14580.5840,0.0000,1.0723,14580.5840,25,0
27340.0000,2734,2009,2.7000,9,1000,1000,1,12303.8576,0.0000,0.8995,2260.3923,0.0000,0.1362,20.2127,0.0000,0.0367,14584.4626,0.0000,1.0724,14584.4629,25,0
27350.0000,2735,2010,2.7000,10,1000,1000,1,12308.2354,0.0000,0.8997,2259.5658,0.0000,0.1362,20.2053,0.0000,0.0367,14588.0065,0.0000,1.0725,14588.0068,25,0
27360.0000,2736,2014,2.7000,14,1000,1000,1,12311.1848,0.0000,0.8997,2258.7400,0.0000,0.1361,20.1979,0.0000,0.0367,14590.1227,0.0000,1.0725,14590.1230,25,0
27370.0000,2737,2011,2.7000,11,1000,1000,1,12313.4425,0.0000,0.8995,2257.9147,0.0000,0.1361,20.1905,0.0000,0.0366,14591.5477,0.0000,1.0722,14591.5479,25,0
27380.0000,2738,2016,2.7000,16,1000,1000,1,12321.1871,0.0000,0.8996,2257.0901,0.0000,0.1360,20.1831,0.0000,0.0366,14598.4603,0.0000,1.0722,14598.4600,25,0
27390.0000,2739,2006,2.7000,6,1000,1000,1,12325.6282,0.0000,0.8995,2256.2660,0.0000,0.1360,20.1758,0.0000,0.0366,14602.0699,0.0000,1.0720,14602.0703,25,0
27400.0000,2740,2010,2.7000,10,1000,1000,1,12330.1852,0.0000,0.8995,2255.4425,0.0000,0.1359,20.1684,0.0000,0.0366,14605.7961,0.0000,1.0720,14605.7959,25,0
27410.0000,2741,2012,2.7000,12,1000,1000,1,12333.9150,0.0000,0.8995,2254.6197,0.0000,0.1359,20.1610,0.0000,0.0366,14608.6958,0.0000,1.0720,14608.6953,25,0
27420.0000,2742,2019,2.7000,19,1000,1000,1,12339.4475,0.0000,0.8997,2253.7974,0.0000,0.1358,20.1537,0.0000,0.0366,14613.3986,0.0000,1.0721,14613.3984,25,0
27430.0000,2743,2016,2.7000,16,1000,1000,1,12342.0243,0.0000,0.8996,2252.9758,0.0000,0.1358,20.1463,0.0000,0.0366,14615.1465,0.0000,1.0720,14615.1465,25,0
27440.0000,2744,2024,2.7000,24,1000,1000,1,12347.4738,0.0000,0.8999,2252.1547,0.0000,0.1357,20.1390,0.0000,0.0366,14619.7675,0.0000,1.0721,14619.7676,26,0
27450.0000,2745,2020,2.7000,20,1000,1000,1,12352.9469,0.0000,0.8997,2251.3343,0.0000,0.1357,20.1317,0.0000,0.0365,14624.4129,0.0000,1.0719,14624.4131,25,0
27460.0000,2746,2021,2.7000,21,1000,1000,1,12357.8116,0.0000,0.8998,2250.5144,0.0000,0.1356,20.1243,0.0000,0.0365,14628.4504,0.0000,1.0719,14628.4502,26,0
27470.0000,2747,2021,2.7000,21,1000,1000,1,12361.9756,0.0000,0.8997,2249.6951,0.0000,0.1356,20.1170,0.0000,0.0365,14631.7877,0.0000,1.0718,14631.7881,26,0
27480.0000,2748,2016,2.7000,16,1000,1000,1,12362.1908,0.0000,0.8996,2248.8765,0.0000,0.1355,20.1097,0.0000,0.0365,14631.1770,0.0000,1.0717,14631.1768,25,0
27490.0000,2749,2019,2.7000,19,1000,1000,1,12370.6134,0.0000,0.8997,2248.0584,0.0000,0.1355,20.1024,0.0000,0.0365,14638.7742,0.0000,1.0717,14638.7744,25,0
27500.0000,2750,2012,2.7000,12,1000,1000,1,12375.1905,0.0000,0.8998,2247.2409,0.0000,0.1354,20.0951,0.0000,0.0365,14642.5265,0.0000,1.0717,14642.5264,25,0
27510.0000,2751,2009,2.7000,9,1000,1000,1,12379.8711,0.0000,0.8997,2246.4241,0.0000,0.1354,20.0878,0.0000,0.0365,14646.3829,0.0000,1.0715,14646.3828,25,0
27520.0000,2752,2005,2.7000,5,1000,1000,1,12383.4432,0.0000,0.8996,2245.6078,0.0000,0.1353,20.0805,0.0000,0.0364,14649.1314,0.0000,1.0714,14649.1318,24,0
27530.0000,2753,2002,2.7000,2,1000,1000,1,12389.0281,0.0000,0.8997,2244.7921,0.0000,0.1353,20.0732,0.0000,0.0364,14653.8934,0.0000,1.0714,14653.8936,24,0
27540.0000,2754,2006,2.7000,6,1000,1000,1,12393.1663,0.0000,0.8997,2243.9770,0.0000,0.1352,20.0659,0.0000,0.0364,14657.2091,0.0000,1.0714,14657.2090,25,0
27550.0000,2755,2011,2.7000,11,1000,1000,1,12396.4114,0.0000,0.8999,2243.1625,0.0000,0.1352,20.0586,0.0000,0.0364,14659.6324,0.0000,1.0714,14659.6328,25,0
27560.0000,2756,2011,2.7000,11,1000,1000,1,12401.6391,0.0000,0.8999,2242.3485,0.0000,0.1351,20.0513,0.0000,0.0364,14664.0390,0.0000,1.0714,14664.0391,25,0
27570.0000,2757,2009,2.7000,9,1000,1000,1,12406.5639,0.0000,0.8999,2241.5352,0.0000,0.1351,20.0440,0.0000,0.0364,14668.1431,0.0000,1.0713,14668.1436,25,0
27580.0000,2758,2010,2.7000,10,1000,1000,1,12411.2228,0.0000,0.9000,2240.7225,0.0000,0.1350,20.0368,0.0000,0.0364,14671.9820,0.0000,1.0714,14671.9824,25,0
27590.0000,2759,2002,2.7000,2,1000,1000,1,12415.8981,0.0000,0.8998,2282.3386,0.0000,0.1350,20.0295,0.0000,0.0364,14718.2663,0.0000,1.0712,14718.2666,24,0
27600.0000,2760,1999,2.7000,1,998,1000,1,12420.5296,0.0000,0.8996,2282.8370,0.0000,0.1350,20.0223,0.0000,0.0363,14723.3889,0.0000,1.0710,14723.3887,24,0
27610.0000,2761,2004,2.7000,4,1000,1000,1,12425.2105,0.0000,0.8996,2283.1026,0.0000,0.1351,20.0150,0.0000,0.0363,14728.3280,0.0000,1.0711,14728.3281,24,0
27620.0000,2762,2008,2.7000,8,1000,1000,1,12429.2850,0.0000,0.8997,2282.2760,0.0000,0.1350,20.0078,0.0000,0.0363,14731.5687,0.0000,1.0711,14731.5684,25,0
27630.0000,2763,2008,2.7000,8,1000,1000,1,12433.9816,0.0000,0.8998,2281.4499,0.0000,0.1350,20.0005,0.0000,0.0363,14735.4321,0.0000,1.0711,14735.4316,25,0
27640.0000,2764,2012,2.7000,12,1000,1000,1,12437.9060,0.0000,0.9000,2280.6245,0.0000,0.1349,19.9933,0.0000,0.0363,14738.5238,0.0000,1.0712,14738.5234,25,0
27650.0000,2765,2007,2.7000,7,1000,1000,1,12441.6953,0.0000,0.8999,2279.7997,0.0000,0.1349,19.9860,0.0000,0.0363,14741.4811,0.0000,1.0711,14741.4814,25,0
27660.0000,2766,2005,2.7000,5,1000,1000,1,12447.0235,0.0000,0.9000,2278.9755,0.0000,0.1349,19.9788,0.0000,0.0363,14745.9778,0.0000,1.0711,14745.9775,24,0
27670.0000,2767,2008,2.7000,8,1000,1000,1,12452.0868,0.0000,0.9001,2278.1519,0.0000,0.1348,19.9716,0.0000,0.0362,14750.2103,0.0000,1.0712,14750.2100,25,0
27680.0000,2768,2008,2.7000,8,1000,1000,1,12454.9040,0.0000,0.9002,2277.3288,0.0000,0.1348,19.9644,0.0000,0.0362,14752.1972,0.0000,1.0712,14752.1973,25,0
27690.0000,2769,2004,2.7000,4,1000,1000,1,12461.2561,0.0000,0.9001,2287.8382,0.0000,0.1348,19.9572,0.0000,0.0362,14769.0515,0.0000,1.0711,14769.0518,24,0
27700.0000,2770,2005,2.7000,5,1000,1000,1,12465.0697,0.0000,0.9003,2287.0123,0.0000,0.1347,19.9500,0.0000,0.0362,14772.0320,0.0000,1.0712,14772.0322,24,0
27710.0000,2771,2001,2.7000,1,1000,1000,1,12468.7421,0.0000,0.9002,2286.1870,0.0000,0.1347,19.9428,0.0000,0.0362,14774.8718,0.0000,1.0711,14774.8721,24,0
27720.0000,2772,2004,2.7000,4,1000,1000,1,12474.6138,0.0000,0.9004,2288.1991,0.0000,0.1347,19.9356,0.0000,0.0362,14782.7485,0.0000,1.0712,14782.7480,24,0
27730.0000,2773,1998,2.7000,0,998,1000,1,12476.3109,0.0000,0.9003,2289.7600,0.0000,0.1347,19.9284,0.0000,0.0362,14785.9993,0.0000,1.0712,14785.9990,24,0
27740.0000,2774,2003,2.7000,3,1000,1000,1,12483.4632,0.0000,0.9004,2289.9357,0.0000,0.1347,19.9212,0.0000,0.0362,14793.3201,0.0000,1.0713,14793.3203,24,0
27750.0000,2775,1997,2.7000,0,997,1000,1,12486.1070,0.0000,0.9003,2289.1105,0.0000,0.1347,19.9140,0.0000,0.0361,14795.1315,0.0000,1.0711,14795.1318,24,0
27760.0000,2776,2004,2.7000,4,1000,1000,1,12490.8005,0.0000,0.9004,2290.7600,0.0000,0.1348,19.9069,0.0000,0.0361,14801.4674,0.0000,1.0714,14801.4678,24,0
27770.0000,2777,2006,2.7000,6,1000,1000,1,12495.8363,0.0000,0.9005,2289.9351,0.0000,0.1347,19.8997,0.0000,0.0361,14805.6712,0.0000,1.0714,14805.6709,25,0
27780.0000,2778,2006,2.7000,6,1000,1000,1,12501.1774,0.0000,0.9005,2289.1108,0.0000,0.1347,19.8925,0.0000,0.0361,14810.1808,0.0000,1.0713,14810.1807,25,0
27790.0000,2779,2009,2.7000,9,1000,1000,1,12505.7473,0.0000,0.9004,2288.2871,0.0000,0.1347,19.8854,0.0000,0.0361,14813.9198,0.0000,1.0712,14813.9199,25,0
27800.0000,2780,2011,2.7000,11,1000,1000,1,12510.3911,0.0000,0.9005,2287.4640,0.0000,0.1346,19.8782,0.0000,0.0361,14817.7332,0.0000,1.0712,14817.7334,25,0
27810.0000,2781,2019,2.7000,19,1000,1000,1,12514.7277,0.0000,0.9006,2286.6414,0.0000,0.1346,19.8711,0.0000,0.0361,14821.2402,0.0000,1.0713,14821.2402,25,0
27820.0000,2782,2023,2.7000,23,1000,1000,1,12518.6238,0.0000,0.9008,2285.8195,0.0000,0.1345,19.8639,0.0000,0.0361,14824.3073,0.0000,1.0714,14824.3076,26,0
27830.0000,2783,2023,2.7000,23,1000,1000,1,12520.4842,0.0000,0.9008,2284.9981,0.0000,0.1345,19.8568,0.0000,0.0360,14825.3391,0.0000,1.0713,14825.3389,26,0
27840.0000,2784,2015,2.7000,15,1000,1000,1,12526.8461,0.0000,0.9008,2284.1774,0.0000,0.1344,19.8496,0.0000,0.0360,14830.8732,0.0000,1.0713,14830.8730,25,0
27850.0000,2785,2014,2.7000,14,1000,1000,1,12533.0419,0.0000,0.9008,2283.3572,0.0000,0.1344,19.8425,0.0000,0.0360,14836.2416,0.0000,1.0712,14836.2412,25,0
27860.0000,2786,2003,2.7000,3,1000,1000,1,12536.0897,0.0000,0.9008,2282.5376,0.0000,0.1343,19.8354,0.0000,0.0360,14838.4627,0.0000,1.0711,14838.4629,24,0
27870.0000,2787,2000,2.7000,0,1000,1000,1,12539.9931,0.0000,0.9008,2281.7186,0.0000,0.1343,19.8283,0.0000,0.0360,14841.5400,0.0000,1.0710,14841.5400,24,0
27880.0000,2788,2008,2.7000,8,1000,1000,1,12544.9375,0.0000,0.9008,2296.8064,0.0000,0.1343,19.8212,0.0000,0.0360,14861.5651,0.0000,1.0711,14861.5654,25,0
27890.0000,2789,2008,2.7000,8,1000,1000,1,12551.0013,0.0000,0.9008,2295.9829,0.0000,0.1342,19.8141,0.0000,0.0360,14866.7983,0.0000,1.0710,14866.7979,25,0
27900.0000,2790,2007,2.7000,7,1000,1000,1,12553.4186,0.0000,0.9007,2295.1600,0.0000,0.1342,19.8070,0.0000,0.0359,14868.3855,0.0000,1.0708,14868.3857,25,0
27910.0000,2791,2008,2.7000,8,1000,1000,1,12559.1610,0.0000,0.9007,2294.3376,0.0000,0.1341,19.7999,0.0000,0.0359,14873.2985,0.0000,1.0708,14873.2988,25,0
27920.0000,2792,2009,2.7000,9,1000,1000,1,12563.9450,0.0000,0.9007,2293.5159,0.0000,0.1341,19.7928,0.0000,0.0359,14877.2536,0.0000,1.0707,14877.2539,25,0
27930.0000,2793,2013,2.7000,13,1000,1000,1,12568.4721,0.0000,0.9007,2292.6947,0.0000,0.1340,19.7857,0.0000,0.0359,14880.9524,0.0000,1.0707,14880.9521,25,0
27940.0000,2794,2009,2.7000,9,1000,1000,1,12573.8852,0.0000,0.9006,2291.8741,0.0000,0.1340,19.7786,0.0000,0.0359,14885.5379,0.0000,1.0705,14885.5381,25,0
27950.0000,2795,2012,2.7000,12,1000,1000,1,12577.6786,0.0000,0.9007,2291.0541,0.0000,0.1340,19.7715,0.0000,0.0359,14888.5042,0.0000,1.0705,14888.5039,25,0
27960.0000,2796,2005,2.7000,5,1000,1000,1,12582.6104,0.0000,0.9005,2290.2347,0.0000,0.1339,19.7645,0.0000,0.0359,14892.6096,0.0000,1.0703,14892.6094,24,0
27970.0000,2797,2006,2.7000,6,1000,1000,1,12586.8499,0.0000,0.9006,2289.4159,0.0000,0.1339,19.7574,0.0000,0.0359,14896.0232,0.0000,1.0703,14896.0234,25,0
27980.0000,2798,2002,2.7000,2,1000,1000,1,12589.1806,0.0000,0.9005,2288.5977,0.0000,0.1338,19.7503,0.0000,0.0358,14897.5286,0.0000,1.0701,14897.5283,24,0
27990.0000,2799,2015,2.7000,15,1000,1000,1,12595.4899,0.0000,0.9008,2287.7800,0.0000,0.1338,19.7433,0.0000,0.0358,14903.0132,0.0000,1.0704,14903.0137,25,0
28000.0000,2800,2008,2.7000,8,1000,1000,1,12599.8634,0.0000,0.9007,2286.9630,0.0000,0.1337,19.7362,0.0000,0.0358,14906.5626,0.0000,1.0703,14906.5625,25,0
28010.0000,2801,2009,2.7000,9,1000,1000,1,12604.2733,0.0000,0.9008,2286.1465,0.0000,0.1337,19.7292,0.0000,0.0358,14910.1489,0.0000,1.0703,14910.1494,25,0
28020.0000,2802,2010,2.7000,10,1000,1000,1,12609.5862,0.0000,0.9009,2285.3306,0.0000,0.1336,19.7221,0.0000,0.0358,14914.6389,0.0000,1.0703,14914.6387,25,0
28030.0000,2803,2012,2.7000,12,1000,1000,1,12614.2062,0.0000,0.9010,2284.5153,0.0000,0.1336,19.7151,0.0000,0.0358,14918.4366,0.0000,1.0704,14918.4365,25,0
28040.0000,2804,2010,2.7000,10,1000,1000,1,12618.3925,0.0000,0.9010,2283.7005,0.0000,0.1335,19.7081,0.0000,0.0358,14921.8011,0.0000,1.0703,14921.8008,25,0
28050.0000,2805,2016,2.7000,16,1000,1000,1,12623.3561,0.0000,0.9012,2282.8864,0.0000,0.1335,19.7010,0.0000,0.0358,14925.9435,0.0000,1.0704,14925.9434,25,0
28060.0000,2806,2013,2.7000,13,1000,1000,1,12627.2208,0.0000,0.9011,2282.0728,0.0000,0.1334,19.6940,0.0000,0.0357,14928.9877,0.0000,1.0703,14928.9873,25,0
28070.0000,2807,2014,2.7000,14,1000,1000,1,12632.2562,0.0000,0.9011,2281.2598,0.0000,0.1334,19.6870,0.0000,0.0357,14933.2030,0.0000,1.0702,14933.2031,25,0
28080.0000,2808,2014,2.7000,14,1000,1000,1,12635.6604,0.0000,0.9012,2280.4474,0.0000,0.1333,19.6800,0.0000,0.0357,14935.7878,0.0000,1.0702,14935.7881,25,0
28090.0000,2809,2016,2.7000,16,1000,1000,1,12640.8496,0.0000,0.9013,2279.6356,0.0000,0.1333,19.6730,0.0000,0.0357,14940.1581,0.0000,1.0703,14940.1582,25,0
28100.0000,2810,2025,2.7000,25,1000,1000,1,12645.2580,0.0000,0.9016,2278.8243,0.0000,0.1332,19.6660,0.0000,0.0357,14943.7483,0.0000,1.0705,14943.7480,26,0
28110.0000,2811,2029,2.7000,29,1000,1000,1,12650.0539,0.0000,0.9017,2278.0136,0.0000,0.1332,19.6590,0.0000,0.0357,14947.7265,0.0000,1.0705,14947.7266,26,0
28120.0000,2812,2026,2.7000,26,1000,1000,1,12654.5331,0.0000,0.9017,2277.2035,0.0000,0.1331,19.6520,0.0000,0.0357,14951.3886,0.0000,1.0706,14951.3887,26,0
28130.0000,2813,2023,2.7000,23,1000,1000,1,12658.7104,0.0000,0.9018,2276.3940,0.0000,0.1331,19.6450,0.0000,0.0357,14954.7494,0.0000,1.0706,14954.7490,26,0
28140.0000,2814,2017,2.7000,17,1000,1000,1,12661.2642,0.0000,0.9018,2275.5850,0.0000,0.1330,19.6380,0.0000,0.0356,14956.4873,0.0000,1.0705,14956.4873,25,0
28150.0000,2815,2019,2.7000,19,1000,1000,1,12668.2201,0.0000,0.9019,2274.7767,0.0000,0.1330,19.6311,0.0000,0.0356,14962.6278,0.0000,1.0705,14962.6279,25,0
28160.0000,2816,2017,2.7000,17,1000,1000,1,12672.9898,0.0000,0.9020,2273.9689,0.0000,0.1330,19.6241,0.0000,0.0356,14966.5827,0.0000,1.0705,14966.5830,25,0
28170.0000,2817,2016,2.7000,16,1000,1000,1,12677.4205,0.0000,0.9020,2273.1616,0.0000,0.1329,19.6171,0.0000,0.0356,14970.1993,0.0000,1.0705,14970.1992,25,0
28180.0000,2818,2019,2.7000,19,1000,1000,1,12681.4183,0.0000,0.9021,2272.3550,0.0000,0.1329,19.6102,0.0000,0.0356,14973.3835,0.0000,1.0706,14973.3838,25,0
28190.0000,2819,2017,2.7000,17,1000,1000,1,12686.2759,0.0000,0.9022,2271.5489,0.0000,0.1328,19.6032,0.0000,0.0356,14977.4280,0.0000,1.0706,14977.4277,25,0
28200.0000,2820,2016,2.7000,16,1000,1000,1,12690.9191,0.0000,0.9023,2270.7434,0.0000,0.1328,19.5963,0.0000,0.0356,14981.2587,0.0000,1.0706,14981.2588,25,0
28210.0000,2821,2018,2.7000,18,1000,1000,1,12695.5912,0.0000,0.9023,2269.9384,0.0000,0.1327,19.5893,0.0000,0.0356,14985.1189,0.0000,1.0706,14985.1191,25,0
28220.0000,2822,2011,2.7000,11,1000,1000,1,12699.8486,0.0000,0.9023,2269.1340,0.0000,0.1327,19.5824,0.0000,0.0355,14988.5650,0.0000,1.0705,14988.5654,25,0
28230.0000,2823,2014,2.7000,14,1000,1000,1,12704.7665,0.0000,0.9024,2268.3302,0.0000,0.1326,19.5754,0.0000,0.0355,14992.6721,0.0000,1.0705,14992.6719,25,0
28240.0000,2824,2014,2.7000,14,1000,1000,1,12708.3941,0.0000,0.9023,2267.5270,0.0000,0.1326,19.5685,0.0000,0.0355,14995.4896,0.0000,1.0704,14995.4893,25,0
28250.0000,2825,2014,2.7000,14,1000,1000,1,12712.5282,0.0000,0.9023,2266.7243,0.0000,0.1325,19.5616,0.0000,0.0355,14998.8141,0.0000,1.0704,14998.8145,25,0
28260.0000,2826,2009,2.7000,9,1000,1000,1,12716.1678,0.0000,0.9021,2265.9223,0.0000,0.1325,19.5546,0.0000,0.0355,15001.6447,0.0000,1.0701,15001.6445,25,0
28270.0000,2827,2014,2.7000,14,1000,1000,1,12722.5299,0.0000,0.9023,2265.1207,0.0000,0.1324,19.5477,0.0000,0.0355,15007.1983,0.0000,1.0702,15007.1982,25,0
28280.0000,2828,2012,2.7000,12,1000,1000,1,12726.7106,0.0000,0.9022,2264.3198,0.0000,0.1324,19.5408,0.0000,0.0355,15010.5712,0.0000,1.0700,15010.5713,25,0
28290.0000,2829,2014,2.7000,14,1000,1000,1,12731.3206,0.0000,0.9023,2263.5194,0.0000,0.1323,19.5339,0.0000,0.0355,15014.3739,0.0000,1.0701,15014.3740,25,0
28300.0000,2830,2012,2.7000,12,1000,1000,1,12736.4108,0.0000,0.9022,2262.7195,0.0000,0.1323,19.5270,0.0000,0.0354,15018.6574,0.0000,1.0699,15018.6572,25,0
28310.0000,2831,1998,2.7000,1,997,1000,1,12740.9639,0.0000,0.9020,2319.5602,0.0000,0.1323,19.5201,0.0000,0.0354,15080.0442,0.0000,1.0698,15080.0439,24,0
28320.0000,2832,2001,2.7000,1,1000,1000,1,12744.7925,0.0000,0.9020,2319.8492,0.0000,0.1325,19.5132,0.0000,0.0354,15084.1549,0.0000,1.0698,15084.1553,24,0
28330.0000,2833,2000,2.7000,0,1000,1000,1,12748.9238,0.0000,0.9018,2320.6929,0.0000,0.1325,19.5063,0.0000,0.0354,15089.1231,0.0000,1.0697,15089.1230,24,0
28340.0000,2834,2000,2.7000,2,998,1000,1,12754.4476,0.0000,0.9020,2321.0275,0.0000,0.1326,19.4994,0.0000,0.0354,15094.9746,0.0000,1.0700,15094.9746,24,0
28350.0000,2835,1998,2.7000,0,998,1000,1,12756.4625,0.0000,0.9020,2321.5398,0.0000,0.1328,19.4926,0.0000,0.0354,15097.4948,0.0000,1.0702,15097.4951,24,0
28360.0000,2836,2006,2.7000,6,1000,1000,1,12763.1260,0.0000,0.9022,2321.4690,0.0000,0.1329,19.4857,0.0000,0.0354,15104.0807,0.0000,1.0705,15104.0811,25,0
28370.0000,2837,2005,2.7000,5,1000,1000,1,12767.4732,0.0000,0.9021,2320.6507,0.0000,0.1328,19.4788,0.0000,0.0354,15107.6027,0.0000,1.0703,15107.6025,24,0
28380.0000,2838,2007,2.7000,7,1000,1000,1,12772.4188,0.0000,0.9022,2319.8330,0.0000,0.1328,19.4720,0.0000,0.0353,15111.7237,0.0000,1.0703,15111.7236,25,0
28390.0000,2839,2003,2.7000,3,1000,1000,1,12776.6221,0.0000,0.9023,2319.0159,0.0000,0.1327,19.4651,0.0000,0.0353,15115.1031,0.0000,1.0703,15115.1035,24,0
28400.0000,2840,2003,2.7000,3,1000,1000,1,12780.6340,0.0000,0.9023,2318.1993,0.0000,0.1327,19.4582,0.0000,0.0353,15118.2915,0.0000,1.0703,15118.2920,24,0
28410.0000,2841,2006,2.7000,6,1000,1000,1,12785.7998,0.0000,0.9024,2317.3833,0.0000,0.1326,19.4514,0.0000,0.0353,15122.6346,0.0000,1.0703,15122.6348,25,0
28420.0000,2842,2011,2.7000,11,1000,1000,1,12789.8463,0.0000,0.9025,2316.5679,0.0000,0.1326,19.4446,0.0000,0.0353,15125.8588,0.0000,1.0704,15125.8584,25,0
28430.0000,2843,2014,2.7000,14,1000,1000,1,12794.9634,0.0000,0.9026,2315.7531,0.0000,0.1325,19.4377,0.0000,0.0353,15130.1543,0.0000,1.0704,15130.1543,25,0
28440.0000,2844,2015,2.7000,15,1000,1000,1,12799.7229,0.0000,0.9026,2314.9388,0.0000,0.1325,19.4309,0.0000,0.0353,15134.0926,0.0000,1.0704,15134.0928,25,0
28450.0000,2845,2013,2.7000,13,1000,1000,1,12803.9830,0.0000,0.9026,2314.1252,0.0000,0.1324,19.4241,0.0000,0.0353,15137.5322,0.0000,1.0703,15137.5322,25,0
28460.0000,2846,2010,2.7000,10,1000,1000,1,12806.7631,0.0000,0.9024,2313.3120,0.0000,0.1324,19.4172,0.0000,0.0352,15139.4924,0.0000,1.0701,15139.4922,25,0
28470.0000,2847,2008,2.7000,8,1000,1000,1,12812.4410,0.0000,0.9024,2312.4995,0.0000,0.1323,19.4104,0.0000,0.0352,15144.3509,0.0000,1.0700,15144.3506,25,0
28480.0000,2848,2011,2.7000,11,1000,1000,1,12816.4888,0.0000,0.9024,2311.6875,0.0000,0.1323,19.4036,0.0000,0.0352,15147.5799,0.0000,1.0699,15147.5801,25,0
28490.0000,2849,2013,2.7000,13,1000,1000,1,12822.0275,0.0000,0.9025,2310.8761,0.0000,0.1323,19.3968,0.0000,0.0352,15152.3004,0.0000,1.0700,15152.3008,25,0
28500.0000,2850,2012,2.7000,12,1000,1000,1,12826.4349,0.0000,0.9026,2310.0653,0.0000,0.1322,19.3900,0.0000,0.0352,15155.8902,0.0000,1.0700,15155.8906,25,0
28510.0000,2851,2007,2.7000,7,1000,1000,1,12828.1111,0.0000,0.9025,2309.2550,0.0000,0.1322,19.3832,0.0000,0.0352,15156.7493,0.0000,1.0699,15156.7490,25,0
28520.0000,2852,2001,2.7000,1,1000,1000,1,12835.8050,0.0000,0.9025,2308.4453,0.0000,0.1321,19.3764,0.0000,0.0352,15163.6267,0.0000,1.0698,15163.6270,24,0
28530.0000,2853,2001,2.7000,1,1000,1000,1,12838.1652,0.0000,0.9025,2330.5599,0.0000,0.1322,19.3696,0.0000,0.0352,15188.0947,0.0000,1.0699,15188.0947,24,0
28540.0000,2854,2005,2.7000,5,1000,1000,1,12844.5773,0.0000,0.9026,2330.2468,0.0000,0.1322,19.3628,0.0000,0.0351,15194.1869,0.0000,1.0699,15194.1865,24,0
28550.0000,2855,2006,2.7000,6,1000,1000,1,12848.7246,0.0000,0.9026,2329.4306,0.0000,0.1321,19.3560,0.0000,0.0351,15197.5113,0.0000,1.0698,15197.5117,25,0
28560.0000,2856,2008,2.7000,8,1000,1000,1,12853.3491,0.0000,0.9028,2328.6150,0.0000,0.1321,19.3492,0.0000,0.0351,15201.3133,0.0000,1.0700,15201.3135,25,0
28570.0000,2857,2010,2.7000,10,1000,1000,1,12858.2342,0.0000,0.9027,2327.7999,0.0000,0.1320,19.3425,0.0000,0.0351,15205.3766,0.0000,1.0698,15205.3770,25,0
28580.0000,2858,2009,2.7000,9,1000,1000,1,12857.6296,0.0000,0.9026,2326.9854,0.0000,0.1320,19.3357,0.0000,0.0351,15203.9507,0.0000,1.0697,15203.9512,25,0
28590.0000,2859,2013,2.7000,13,1000,1000,1,12865.6075,0.0000,0.9027,2326.1715,0.0000,0.1319,19.3289,0.0000,0.0351,15211.1080,0.0000,1.0697,15211.1084,25,0
28600.0000,2860,2010,2.7000,10,1000,1000,1,12871.0142,0.0000,0.9026,2325.3582,0.0000,0.1319,19.3222,0.0000,0.0351,15215.6945,0.0000,1.0696,15215.6943,25,0
28610.0000,2861,2004,2.7000,4,1000,1000,1,12876.6750,0.0000,0.9026,2324.5454,0.0000,0.1318,19.3154,0.0000,0.0351,15220.5358,0.0000,1.0695,15220.5361,24,0
28620.0000,2862,2006,2.7000,6,1000,1000,1,12880.0342,0.0000,0.9026,2323.7332,0.0000,0.1318,19.3087,0.0000,0.0350,15223.0761,0.0000,1.0695,15223.0762,25,0
28630.0000,2863,2003,2.7000,3,1000,1000,1,12885.6737,0.0000,0.9026,2335.5831,0.0000,0.1318,19.3019,0.0000,0.0350,15240.5588,0.0000,1.0694,15240.5586,24,0
28640.0000,2864,2007,2.7000,7,1000,1000,1,12888.9456,0.0000,0.9027,2334.7676,0.0000,0.1318,19.2952,0.0000,0.0350,15243.0084,0.0000,1.0694,15243.0088,25,0
28650.0000,2865,2010,2.7000,10,1000,1000,1,12893.3257,0.0000,0.9027,2333.9527,0.0000,0.1317,19.2885,0.0000,0.0350,15246.5669,0.0000,1.0695,15246.5674,25,0
28660.0000,2866,2007,2.7000,7,1000,1000,1,12898.6373,0.0000,0.9027,2333.1384,0.0000,0.1317,19.2817,0.0000,0.0350,15251.0574,0.0000,1.0694,15251.0576,25,0
28670.0000,2867,2010,2.7000,10,1000,1000,1,12902.5645,0.0000,0.9027,2332.3246,0.0000,0.1316,19.2750,0.0000,0.0350,15254.1641,0.0000,1.0693,15254.1641,25,0
28680.0000,2868,2005,2.7000,5,1000,1000,1,12902.0737,0.0000,0.9025,2331.5113,0.0000,0.1316,19.2683,0.0000,0.0350,15252.8534,0.0000,1.0691,15252.8535,24,0
28690.0000,2869,2001,2.7000,1,1000,1000,1,12912.4093,0.0000,0.9025,2330.6987,0.0000,0.1315,19.2616,0.0000,0.0350,15262.3696,0.0000,1.0690,15262.3691,24,0
28700.0000,2870,2003,2.7000,3,1000,1000,1,12917.1032,0.0000,0.9025,2329.8866,0.0000,0.1315,19.2549,0.0000,0.0349,15266.2446,0.0000,1.0689,15266.2441,24,0
28710.0000,2871,1999,2.7000,0,999,1000,1,12920.5258,0.0000,0.9024,2339.5578,0.0000,0.1315,19.2481,0.0000,0.0349,15279.3317,0.0000,1.0688,15279.3320,24,0
28720.0000,2872,2000,2.7000,0,1000,1000,1,12925.0136,0.0000,0.9023,2340.1801,0.0000,0.1317,19.2414,0.0000,0.0349,15284.4351,0.0000,1.0689,15284.4355,24,0
28730.0000,2873,1996,2.7000,0,996,1000,1,12929.8141,0.0000,0.9022,2340.8303,0.0000,0.1318,19.2347,0.0000,0.0349,15289.8792,0.0000,1.0689,15289.8789,24,0
28740.0000,2874,2001,2.7000,1,1000,1000,1,12934.0914,0.0000,0.9022,2341.1353,0.0000,0.1319,19.2281,0.0000,0.0349,15294.4547,0.0000,1.0690,15294.4551,24,0
28750.0000,2875,1995,2.7000,0,995,1000,1,12938.3318,0.0000,0.9021,2341.9165,0.0000,0.1319,19.2214,0.0000,0.0349,15299.4696,0.0000,1.0689,15299.4697,24,0
28760.0000,2876,1999,2.7000,1,998,1000,1,12942.8869,0.0000,0.9020,2342.0070,0.0000,0.1320,19.2147,0.0000,0.0349,15304.1086,0.0000,1.0689,15304.1084,24,0
28770.0000,2877,2011,2.7000,11,1000,1000,1,12947.0487,0.0000,0.9021,2341.7893,0.0000,0.1320,19.2080,0.0000,0.0349,15308.0460,0.0000,1.0690,15308.0459,25,0
28780.0000,2878,2015,2.7000,15,1000,1000,1,12953.5012,0.0000,0.9022,2340.9756,0.0000,0.1320,19.2013,0.0000,0.0349,15313.6782,0.0000,1.0690,15313.6777,25,0
28790.0000,2879,2023,2.7000,23,1000,1000,1,12956.6779,0.0000,0.9024,2340.1625,0.0000,0.1320,19.1947,0.0000,0.0348,15316.0351,0.0000,1.0692,15316.0352,26,0
28800.0000,2880,2028,2.7000,28,1000,1000,1,12962.3862,0.0000,0.9026,2339.3500,0.0000,0.1319,19.1880,0.0000,0.0348,15320.9242,0.0000,1.0693,15320.9238,26,0
28810.0000,2881,2030,2.7000,30,1000,1000,1,12966.8943,0.0000,0.9026,2338.5380,0.0000,0.1319,19.1813,0.0000,0.0348,15324.6136,0.0000,1.0693,15324.6133,26,0
28820.0000,2882,2030,2.7000,30,1000,1000,1,12971.2812,0.0000,0.9025,2337.7265,0.0000,0.1318,19.1747,0.0000,0.0348,15328.1825,0.0000,1.0692,15328.1826,26,0
28830.0000,2883,2025,2.7000,25,1000,1000,1,12974.0469,0.0000,0.9023,2336.9157,0.0000,0.1318,19.1680,0.0000,0.0348,15330.1306,0.0000,1.0689,15330.1309,26,0
28840.0000,2884,2023,2.7000,23,1000,1000,1,12978.8382,0.0000,0.9022,2336.1054,0.0000,0.1317,19.1614,0.0000,0.0348,15334.1049,0.0000,1.0687,15334.1045,26,0
28850.0000,2885,2015,2.7000,15,1000,1000,1,12983.4712,0.0000,0.9021,2335.2956,0.0000,0.1317,19.1547,0.0000,0.0348,15337.9216,0.0000,1.0686,15337.9219,25,0
28860.0000,2886,2008,2.7000,8,1000,1000,1,12989.5532,0.0000,0.9020,2334.4864,0.0000,0.1316,19.1481,0.0000,0.0348,15343.1877,0.0000,1.0684,15343.1875,25,0
28870.0000,2887,2008,2.7000,8,1000,1000,1,12993.9186,0.0000,0.9020,2333.6778,0.0000,0.1316,19.1415,0.0000,0.0347,15346.7379,0.0000,1.0683,15346.7383,25,0
28880.0000,2888,2002,2.7000,2,1000,1000,1,12998.7800,0.0000,0.9019,2332.8698,0.0000,0.1315,19.1348,0.0000,0.0347,15350.7846,0.0000,1.0682,15350.7842,24,0
28890.0000,2889,2000,2.7000,0,1000,1000,1,13000.7162,0.0000,0.9020,2332.0623,0.0000,0.1315,19.1282,0.0000,0.0347,15351.9066,0.0000,1.0682,15351.9062,24,0
28900.0000,2890,2003,2.7000,3,1000,1000,1,13006.7666,0.0000,0.9020,2331.2553,0.0000,0.1315,19.1216,0.0000,0.0347,15357.1435,0.0000,1.0682,15357.1436,24,0
28910.0000,2891,2002,2.7000,2,1000,1000,1,13012.3364,0.0000,0.9021,2330.4489,0.0000,0.1314,19.1150,0.0000,0.0347,15361.9003,0.0000,1.0682,15361.9004,24,0
28920.0000,2892,2001,2.7000,1,1000,1000,1,13014.0885,0.0000,0.9019,2349.6921,0.0000,0.1314,19.1084,0.0000,0.0347,15382.8890,0.0000,1.0680,15382.8887,24,0
28930.0000,2893,1999,2.7000,0,999,1000,1,13019.8335,0.0000,0.9019,2348.8799,0.0000,0.1314,19.1018,0.0000,0.0347,15387.8151,0.0000,1.0679,15387.8154,24,0
28940.0000,2894,1996,2.7000,2,994,1000,1,13023.6968,0.0000,0.9017,2350.5605,0.0000,0.1315,19.0952,0.0000,0.0347,15393.3525,0.0000,1.0678,15393.3525,24,0
28950.0000,2895,2000,2.7000,0,1000,1000,1,13028.1380,0.0000,0.9015,2351.3868,0.0000,0.1316,19.0886,0.0000,0.0346,15398.6134,0.0000,1.0678,15398.6133,24,0
28960.0000,2896,2004,2.7000,4,1000,1000,1,13031.3760,0.0000,0.9015,2351.7747,0.0000,0.1317,19.0820,0.0000,0.0346,15402.2328,0.0000,1.0678,15402.2324,24,0
28970.0000,2897,2003,2.7000,3,1000,1000,1,13039.3177,0.0000,0.9014,2350.9629,0.0000,0.1317,19.0754,0.0000,0.0346,15409.3560,0.0000,1.0677,15409.3564,24,0
28980.0000,2898,2004,2.7000,4,1000,1000,1,13042.6946,0.0000,0.9014,2350.1517,0.0000,0.1316,19.0688,0.0000,0.0346,15411.9151,0.0000,1.0676,15411.9150,24,0
28990.0000,2899,2002,2.7000,2,1000,1000,1,13044.7469,0.0000,0.9012,2349.3410,0.0000,0.1316,19.0622,0.0000,0.0346,15413.1502,0.0000,1.0674,15413.1504,24,0
29000.0000,2900,2003,2.7000,3,1000,1000,1,13052.3875,0.0000,0.9012,2348.5309,0.0000,0.1315,19.0557,0.0000,0.0346,15419.9741,0.0000,1.0673,15419.9736,24,0
29010.0000,2901,2003,2.7000,3,1000,1000,1,13055.9475,0.0000,0.9013,2347.7214,0.0000,0.1315,19.0491,0.0000,0.0346,15422.7179,0.0000,1.0674,15422.7178,24,0
29020.0000,2902,2002,2.7000,2,1000,1000,1,13061.6029,0.0000,0.9012,2355.4936,0.0000,0.1315,19.0425,0.0000,0.0346,15436.1390,0.0000,1.0673,15436.1387,24,0
29030.0000,2903,2003,2.7000,3,1000,1000,1,13066.0249,0.0000,0.9012,2355.7961,0.0000,0.1315,19.0360,0.0000,0.0346,15440.8569,0.0000,1.0673,15440.8574,24,0
29040.0000,2904,1999,2.7000,1,998,1000,1,13070.6934,0.0000,0.9012,2356.4719,0.0000,0.1315,19.0294,0.0000,0.0345,15446.1947,0.0000,1.0673,15446.1943,24,0
29050.0000,2905,2003,2.7000,3,1000,1000,1,13075.2056,0.0000,0.9012,2356.2863,0.0000,0.1316,19.0229,0.0000,0.0345,15450.5148,0.0000,1.0673,15450.5146,24,0
29060.0000,2906,2003,2.7000,3,1000,1000,1,13079.5150,0.0000,0.9012,2355.4755,0.0000,0.1315,19.0163,0.0000,0.0345,15454.0068,0.0000,1.0672,15454.0068,24,0
29070.0000,2907,2000,2.7000,1,999,1000,1,13084.1259,0.0000,0.9011,2357.9367,0.0000,0.1316,19.0098,0.0000,0.0345,15461.0724,0.0000,1.0672,15461.0723,24,0
29080.0000,2908,1997,2.7000,0,997,1000,1,13084.7487,0.0000,0.9009,2358.3060,0.0000,0.1317,19.0032,0.0000,0.0345,15462.0579,0.0000,1.0671,15462.0576,24,0
29090.0000,2909,2005,2.7000,5,1000,1000,1,13092.7828,0.0000,0.9011,2357.9993,0.0000,0.1317,18.9967,0.0000,0.0345,15469.7788,0.0000,1.0673,15469.7793,24,0
29100.0000,2910,2007,2.7000,7,1000,1000,1,13098.0216,0.0000,0.9012,2359.0534,0.0000,0.1318,18.9902,0.0000,0.0345,15476.0652,0.0000,1.0674,15476.0654,25,0
29110.0000,2911,2004,2.7000,4,1000,1000,1,13101.7964,0.0000,0.9011,2358.2430,0.0000,0.1317,18.9837,0.0000,0.0345,15479.0230,0.0000,1.0672,15479.0234,24,0
29120.0000,2912,1999,2.7000,0,999,1000,1,13105.3608,0.0000,0.9010,2360.2780,0.0000,0.1317,18.9771,0.0000,0.0344,15484.6159,0.0000,1.0672,15484.6162,24,0
29130.0000,2913,1999,2.7000,1,998,1000,1,13111.5423,0.0000,0.9011,2360.9086,0.0000,0.1318,18.9706,0.0000,0.0344,15491.4215,0.0000,1.0673,15491.4219,24,0
29140.0000,2914,2000,2.7000,0,1000,1000,1,13112.8099,0.0000,0.9008,2361.5625,0.0000,0.1321,18.9641,0.0000,0.0344,15493.3365,0.0000,1.0673,15493.3369,24,0
29150.0000,2915,1997,2.7000,0,997,1000,1,13117.7109,0.0000,0.9007,2361.6403,0.0000,0.1321,18.9576,0.0000,0.0344,15498.3087,0.0000,1.0672,15498.3086,24,0
29160.0000,2916,2006,2.7000,6,1000,1000,1,13123.8059,0.0000,0.9008,2361.3657,0.0000,0.1322,18.9511,0.0000,0.0344,15504.1227,0.0000,1.0674,15504.1230,25,0
29170.0000,2917,2007,2.7000,7,1000,1000,1,13129.3083,0.0000,0.9008,2360.5562,0.0000,0.1321,18.9446,0.0000,0.0344,15508.8091,0.0000,1.0673,15508.8096,25,0
29180.0000,2918,2005,2.7000,5,1000,1000,1,13133.5143,0.0000,0.9008,2359.7472,0.0000,0.1321,18.9381,0.0000,0.0344,15512.1996,0.0000,1.0672,15512.1992,24,0
29190.0000,2919,2004,2.7000,4,1000,1000,1,13138.0435,0.0000,0.9007,2358.9388,0.0000,0.1320,18.9316,0.0000,0.0344,15515.9140,0.0000,1.0671,15515.9141,24,0
29200.0000,2920,2002,2.7000,2,1000,1000,1,13140.6835,0.0000,0.9006,2358.1310,0.0000,0.1320,18.9251,0.0000,0.0343,15517.7396,0.0000,1.0670,15517.7393,24,0
29210.0000,2921,2002,2.7000,2,1000,1000,1,13146.1856,0.0000,0.9005,2364.1092,0.0000,0.1320,18.9187,0.0000,0.0343,15529.2135,0.0000,1.0668,15529.2139,24,0
29220.0000,2922,2002,2.7000,2,1000,1000,1,13151.6345,0.0000,0.9005,2365.4346,0.0000,0.1320,18.9122,0.0000,0.0343,15535.9814,0.0000,1.0668,15535.9814,24,0
29230.0000,2923,1998,2.7000,0,998,1000,1,13153.8873,0.0000,0.9005,2365.8758,0.0000,0.1320,18.9057,0.0000,0.0343,15538.6688,0.0000,1.0668,15538.6689,24,0
29240.0000,2924,1999,2.7000,0,999,1000,1,13159.5181,0.0000,0.9003,2366.3871,0.0000,0.1322,18.8993,0.0000,0.0343,15544.8045,0.0000,1.0668,15544.8047,24,0
29250.0000,2925,2005,2.7000,5,1000,1000,1,13165.5997,0.0000,0.9003,2366.2408,0.0000,0.1323,18.8928,0.0000,0.0343,15550.7333,0.0000,1.0669,15550.7334,24,0
29260.0000,2926,2003,2.7000,3,1000,1000,1,13170.1215,0.0000,0.9003,2365.4321,0.0000,0.1322,18.8863,0.0000,0.0343,15554.4400,0.0000,1.0668,15554.4404,24,0
29270.0000,2927,2005,2.7000,5,1000,1000,1,13174.4303,0.0000,0.9003,2364.6240,0.0000,0.1322,18.8799,0.0000,0.0343,15557.9342,0.0000,1.0668,15557.9346,24,0
29280.0000,2928,2011,2.7000,11,1000,1000,1,13179.0053,0.0000,0.9005,2363.8164,0.0000,0.1321,18.8734,0.0000,0.0343,15561.6952,0.0000,1.0669,15561.6953,25,0
29290.0000,2929,2012,2.7000,12,1000,1000,1,13181.4380,0.0000,0.9005,2363.0094,0.0000,0.1321,18.8670,0.0000,0.0342,15563.3144,0.0000,1.0669,15563.3145,25,0
29300.0000,2930,2003,2.7000,3,1000,1000,1,13188.0203,0.0000,0.9006,2362.2029,0.0000,0.1320,18.8606,0.0000,0.0342,15569.0837,0.0000,1.0669,15569.0840,24,0
29310.0000,2931,1998,2.7000,0,998,1000,1,13190.5592,0.0000,0.9006,2369.7984,0.0000,0.1320,18.8541,0.0000,0.0342,15579.2117,0.0000,1.0669,15579.2119,24,0
29320.0000,2932,2004,2.7000,4,1000,1000,1,13196.4608,0.0000,0.9006,2369.9741,0.0000,0.1322,18.8477,0.0000,0.0342,15585.2825,0.0000,1.0670,15585.2822,24,0
29330.0000,2933,2007,2.7000,7,1000,1000,1,13201.6875,0.0000,0.9007,2369.1660,0.0000,0.1321,18.8413,0.0000,0.0342,15589.6947,0.0000,1.0670,15589.6943,25,0
29340.0000,2934,2000,2.7000,0,1000,1000,1,13204.2595,0.0000,0.9006,2371.7686,0.0000,0.1321,18.8348,0.0000,0.0342,15594.8629,0.0000,1.0670,15594.8633,24,0
29350.0000,2935,2000,2.7000,0,1000,1000,1,13206.4411,0.0000,0.9006,2372.0041,0.0000,0.1323,18.8284,0.0000,0.0342,15597.2736,0.0000,1.0671,15597.2734,24,0
29360.0000,2936,1999,2.7000,0,999,1000,1,13213.1639,0.0000,0.9006,2372.6910,0.0000,0.1325,18.8220,0.0000,0.0342,15604.6769,0.0000,1.0672,15604.6768,24,0
29370.0000,2937,2006,2.7000,6,1000,1000,1,13219.6140,0.0000,0.9007,2373.2444,0.0000,0.1325,18.8156,0.0000,0.0342,15611.6740,0.0000,1.0674,15611.6738,25,0
29380.0000,2938,2005,2.7000,5,1000,1000,1,13223.3802,0.0000,0.9007,2372.4366,0.0000,0.1325,18.8092,0.0000,0.0341,15614.6261,0.0000,1.0674,15614.6260,24,0
29390.0000,2939,2008,2.7000,8,1000,1000,1,13228.4636,0.0000,0.9009,2371.6294,0.0000,0.1324,18.8028,0.0000,0.0341,15618.8958,0.0000,1.0674,15618.8955,25,0
29400.0000,2940,2003,2.7000,3,1000,1000,1,13232.6119,0.0000,0.9007,2370.8227,0.0000,0.1324,18.7964,0.0000,0.0341,15622.2310,0.0000,1.0672,15622.2314,24,0
29410.0000,2941,2001,2.7000,1,1000,1000,1,13234.3153,0.0000,0.9007,2370.0166,0.0000,0.1323,18.7900,0.0000,0.0341,15623.1219,0.0000,1.0672,15623.1221,24,0
29420.0000,2942,1995,2.7000,1,994,1000,1,13242.1307,0.0000,0.9005,2375.7358,0.0000,0.1324,18.7836,0.0000,0.0341,15636.6501,0.0000,1.0670,15636.6504,24,0
29430.0000,2943,2001,2.7000,1,1000,1000,1,13245.1479,0.0000,0.9005,2375.6119,0.0000,0.1326,18.7772,0.0000,0.0341,15639.5370,0.0000,1.0671,15639.5371,24,0
29440.0000,2944,1999,2.7000,0,999,1000,1,13251.0661,0.0000,0.9004,2376.2641,0.0000,0.1326,18.7709,0.0000,0.0341,15646.1011,0.0000,1.0671,15646.1016,24,0
29450.0000,2945,1997,2.7000,4,993,1000,1,13255.0442,0.0000,0.9004,2376.4856,0.0000,0.1326,18.7645,0.0000,0.0341,15650.2943,0.0000,1.0671,15650.2939,24,0
29460.0000,2946,2005,2.7000,5,1000,1000,1,13260.1207,0.0000,0.9006,2377.8521,0.0000,0.1328,18.7581,0.0000,0.0340,15656.7309,0.0000,1.0675,15656.7305,24,0
29470.0000,2947,2000,2.7000,0,1000,1000,1,13263.7512,0.0000,0.9005,2378.5158,0.0000,0.1328,18.7518,0.0000,0.0340,15661.0188,0.0000,1.0674,15661.0186,24,0
29480.0000,2948,2002,2.7000,2,1000,1000,1,13268.3638,0.0000,0.9005,2378.9125,0.0000,0.1330,18.7454,0.0000,0.0340,15666.0218,0.0000,1.0675,15666.0215,24,0
29490.0000,2949,2001,2.7000,1,1000,1000,1,13273.6713,0.0000,0.9005,2378.9270,0.0000,0.1330,18.7390,0.0000,0.0340,15671.3373,0.0000,1.0675,15671.3369,24,0
29500.0000,2950,2003,2.7000,3,1000,1000,1,13277.2085,0.0000,0.9006,2378.1206,0.0000,0.1329,18.7327,0.0000,0.0340,15674.0617,0.0000,1.0676,15674.0615,24,0
29510.0000,2951,1997,2.7000,0,997,1000,1,13279.2610,0.0000,0.9005,2377.3147,0.0000,0.1329,18.7263,0.0000,0.0340,15675.3020,0.0000,1.0674,15675.3018,24,0
29520.0000,2952,2002,2.7000,2,1000,1000,1,13286.9095,0.0000,0.9007,2380.3220,0.0000,0.1330,18.7200,0.0000,0.0340,15685.9515,0.0000,1.0676,15685.9512,24,0
29530.0000,2953,2002,2.7000,2,1000,1000,1,13288.8047,0.0000,0.9006,2379.5160,0.0000,0.1329,18.7137,0.0000,0.0340,15687.0343,0.0000,1.0675,15687.0342,24,0
29540.0000,2954,2007,2.7000,7,1000,1000,1,13296.2642,0.0000,0.9007,2378.7105,0.0000,0.1329,18.7073,0.0000,0.0340,15693.6819,0.0000,1.0675,15693.6816,25,0
29550.0000,2955,2001,2.7000,1,1000,1000,1,13300.6468,0.0000,0.9006,2377.9055,0.0000,0.1328,18.7010,0.0000,0.0339,15697.2532,0.0000,1.0673,15697.2529,24,0
29560.0000,2956,1994,2.7000,0,994,1000,1,13303.8356,0.0000,0.9004,2382.1048,0.0000,0.1328,18.6947,0.0000,0.0339,15704.6351,0.0000,1.0672,15704.6348,24,0
29570.0000,2957,2004,2.7000,4,1000,1000,1,13309.4263,0.0000,0.9005,2383.6942,0.0000,0.1330,18.6883,0.0000,0.0339,15711.8088,0.0000,1.0674,15711.8086,24,0
29580.0000,2958,2003,2.7000,3,1000,1000,1,13313.5316,0.0000,0.9004,2382.8884,0.0000,0.1330,18.6820,0.0000,0.0339,15715.1020,0.0000,1.0673,15715.1016,24,0
29590.0000,2959,2005,2.7000,5,1000,1000,1,13318.1847,0.0000,0.9004,2382.0830,0.0000,0.1330,18.6757,0.0000,0.0339,15718.9435,0.0000,1.0673,15718.9434,24,0
29600.0000,2960,2002,2.7000,2,1000,1000,1,13323.0002,0.0000,0.9003,2381.2783,0.0000,0.1329,18.6694,0.0000,0.0339,15722.9479,0.0000,1.0671,15722.9482,24,0
29610.0000,2961,2005,2.7000,5,1000,1000,1,13327.7827,0.0000,0.9004,2385.2986,0.0000,0.1329,18.6631,0.0000,0.0339,15731.7444,0.0000,1.0672,15731.7441,24,0
29620.0000,2962,2006,2.7000,6,1000,1000,1,13331.3519,0.0000,0.9004,2384.4933,0.0000,0.1329,18.6568,0.0000,0.0339,15734.5020,0.0000,1.0671,15734.5020,25,0
29630.0000,2963,2004,2.7000,4,1000,1000,1,13336.8351,0.0000,0.9004,2383.6885,0.0000,0.1328,18.6505,0.0000,0.0339,15739.1742,0.0000,1.0671,15739.1738,24,0
29640.0000,2964,2006,2.7000,6,1000,1000,1,13341.2411,0.0000,0.9005,2382.8843,0.0000,0.1328,18.6442,0.0000,0.0338,15742.7697,0.0000,1.0671,15742.7695,25,0
29650.0000,2965,2008,2.7000,8,1000,1000,1,13344.7354,0.0000,0.9005,2382.0807,0.0000,0.1327,18.6379,0.0000,0.0338,15745.4540,0.0000,1.0670,15745.4541,25,0
29660.0000,2966,2010,2.7000,10,1000,1000,1,13350.3142,0.0000,0.9005,2381.2775,0.0000,0.1327,18.6316,0.0000,0.0338,15750.2234,0.0000,1.0671,15750.2236,25,0
29670.0000,2967,2016,2.7000,16,1000,1000,1,13354.7153,0.0000,0.9005,2380.4749,0.0000,0.1327,18.6254,0.0000,0.0338,15753.8156,0.0000,1.0670,15753.8154,25,0
29680.0000,2968,2013,2.7000,13,1000,1000,1,13356.8996,0.0000,0.9005,2379.6729,0.0000,0.1326,18.6191,0.0000,0.0338,15755.1916,0.0000,1.0669,15755.1914,25,0
29690.0000,2969,2019,2.7000,19,1000,1000,1,13361.8353,0.0000,0.9005,2378.8714,0.0000,0.1326,18.6128,0.0000,0.0338,15759.3195,0.0000,1.0668,15759.3193,25,0
29700.0000,2970,2015,2.7000,15,1000,1000,1,13368.3007,0.0000,0.9005,2378.0704,0.0000,0.1325,18.6065,0.0000,0.0338,15764.9776,0.0000,1.0668,15764.9775,25,0
29710.0000,2971,2016,2.7000,16,1000,1000,1,13369.1733,0.0000,0.9004,2377.2700,0.0000,0.1325,18.6003,0.0000,0.0338,15765.0436,0.0000,1.0667,15765.0439,25,0
29720.0000,2972,2007,2.7000,7,1000,1000,1,13376.3350,0.0000,0.9004,2376.4701,0.0000,0.1324,18.5940,0.0000,0.0337,15771.3991,0.0000,1.0666,15771.3994,25,0
29730.0000,2973,2003,2.7000,3,1000,1000,1,13381.8886,0.0000,0.9005,2375.6708,0.0000,0.1324,18.5878,0.0000,0.0337,15776.1472,0.0000,1.0666,15776.1475,24,0
29740.0000,2974,2000,2.7000,0,1000,1000,1,13384.5987,0.0000,0.9004,2392.6147,0.0000,0.1324,18.5815,0.0000,0.0337,15795.7948,0.0000,1.0665,15795.7949,24,0
29750.0000,2975,2005,2.7000,5,1000,1000,1,13390.3894,0.0000,0.9004,2392.3260,0.0000,0.1324,18.5753,0.0000,0.0337,15801.2907,0.0000,1.0666,15801.2910,24,0
29760.0000,2976,2002,2.7000,2,1000,1000,1,13394.4053,0.0000,0.9003,2393.5408,0.0000,0.1326,18.5690,0.0000,0.0337,15806.5151,0.0000,1.0665,15806.5156,24,0
29770.0000,2977,2001,2.7000,1,1000,1000,1,13398.4595,0.0000,0.9002,2393.2460,0.0000,0.1325,18.5628,0.0000,0.0337,15810.2683,0.0000,1.0665,15810.2686,24,0
29780.0000,2978,1997,2.7000,0,997,1000,1,13403.2030,0.0000,0.9001,2394.6643,0.0000,0.1326,18.5566,0.0000,0.0337,15816.4238,0.0000,1.0664,15816.4238,24,0
29790.0000,2979,2003,2.7000,3,1000,1000,1,13408.1631,0.0000,0.9001,2394.5735,0.0000,0.1327,18.5503,0.0000,0.0337,15821.2869,0.0000,1.0665,15821.2871,24,0
29800.0000,2980,2000,2.7000,1,999,1000,1,13413.1216,0.0000,0.9001,2395.5940,0.0000,0.1328,18.5441,0.0000,0.0337,15827.2598,0.0000,1.0665,15827.2598,24,0
29810.0000,2981,2000,2.7000,1,999,1000,1,13417.3879,0.0000,0.9000,2396.2147,0.0000,0.1330,18.5379,0.0000,0.0336,15832.1404,0.0000,1.0666,15832.1406,24,0
29820.0000,2982,1997,2.7000,2,995,1000,1,13422.2796,0.0000,0.8999,2396.7661,0.0000,0.1332,18.5317,0.0000,0.0336,15837.5774,0.0000,1.0668,15837.5771,24,0
29830.0000,2983,2005,2.7000,5,1000,1000,1,13426.0680,0.0000,0.9000,2396.5999,0.0000,0.1333,18.5255,0.0000,0.0336,15841.1934,0.0000,1.0669,15841.1934,24,0
29840.0000,2984,2003,2.7000,3,1000,1000,1,13429.7917,0.0000,0.9001,2395.7968,0.0000,0.1333,18.5192,0.0000,0.0336,15844.1078,0.0000,1.0670,15844.1074,24,0
29850.0000,2985,2003,2.7000,3,1000,1000,1,13433.5019,0.0000,0.8999,2394.9942,0.0000,0.1332,18.5130,0.0000,0.0336,15847.0091,0.0000,1.0667,15847.0088,24,0
29860.0000,2986,2004,2.7000,4,1000,1000,1,13439.7089,0.0000,0.9000,2394.1921,0.0000,0.1332,18.5068,0.0000,0.0336,15852.4078,0.0000,1.0667,15852.4082,24,0
29870.0000,2987,2001,2.7000,1,1000,1000,1,13444.6974,0.0000,0.9000,2399.4340,0.0000,0.1333,18.5006,0.0000,0.0336,15862.6321,0.0000,1.0668,15862.6318,24,0
29880.0000,2988,1996,2.7000,0,996,1000,1,13448.1353,0.0000,0.8998,2399.9574,0.0000,0.1335,18.4945,0.0000,0.0336,15866.5872,0.0000,1.0668,15866.5869,24,0
29890.0000,2989,1999,2.7000,1,998,1000,1,13453.7002,0.0000,0.8997,2400.3475,0.0000,0.1336,18.4883,0.0000,0.0336,15872.5359,0.0000,1.0668,15872.5361,24,0
29900.0000,2990,2002,2.7000,2,1000,1000,1,13457.1389,0.0000,0.8996,2400.8363,0.0000,0.1337,18.4821,0.0000,0.0335,15876.4573,0.0000,1.0669,15876.4570,24,0
29910.0000,2991,1999,2.7000,0,999,1000,1,13461.9390,0.0000,0.8995,2401.3524,0.0000,0.1337,18.4759,0.0000,0.0335,15881.7673,0.0000,1.0667,15881.7676,24,0
29920.0000,2992,2002,2.7000,2,1000,1000,1,13467.1892,0.0000,0.8994,2401.5816,0.0000,0.1339,18.4697,0.0000,0.0335,15887.2406,0.0000,1.0668,15887.2402,24,0
29930.0000,2993,1997,2.7000,0,997,1000,1,13468.8377,0.0000,0.8992,2402.5893,0.0000,0.1340,18.4636,0.0000,0.0335,15889.8905,0.0000,1.0668,15889.8906,24,0
29940.0000,2994,1997,2.7000,0,997,1000,1,13475.6810,0.0000,0.8991,2402.8962,0.0000,0.1342,18.4574,0.0000,0.0335,15897.0346,0.0000,1.0667,15897.0342,24,0
29950.0000,2995,2008,2.7000,8,1000,1000,1,13480.6604,0.0000,0.8994,2402.9421,0.0000,0.1343,18.4512,0.0000,0.0335,15902.0538,0.0000,1.0672,15902.0537,25,0
29960.0000,2996,1999,2.7000,0,999,1000,1,13483.8711,0.0000,0.8993,2402.1401,0.0000,0.1342,18.4451,0.0000,0.0335,15904.4563,0.0000,1.0670,15904.4561,24,0
29970.0000,2997,2001,2.7000,1,1000,1000,1,13487.1993,0.0000,0.8992,2403.9475,0.0000,0.1343,18.4389,0.0000,0.0335,15909.5857,0.0000,1.0670,15909.5859,24,0
29980.0000,2998,2002,2.7000,2,1000,1000,1,13493.8986,0.0000,0.8992,2403.1456,0.0000,0.1343,18.4328,0.0000,0.0335,15915.4770,0.0000,1.0670,15915.4766,24,0
29990.0000,2999,1996,2.7000,1,995,1000,1,13498.1296,0.0000,0.8991,2405.8705,0.0000,0.1344,18.4266,0.0000,0.0334,15922.4268,0.0000,1.0670,15922.4268,24,0
30000.0000,3000,2004,2.7000,4,1000,1000,1,13501.5906,0.0000,0.8992,2405.9068,0.0000,0.1345,18.4205,0.0000,0.0334,15925.9179,0.0000,1.0672,15925.9180,24,0
30010.0000,3001,2000,2.7000,0,1000,1000,1,13504.5376,0.0000,0.8991,2406.8662,0.0000,0.1347,18.4143,0.0000,0.0334,15929.8182,0.0000,1.0672,15929.8184,24,0
30020.0000,3002,2002,2.7000,2,1000,1000,1,13512.2493,0.0000,0.8991,2407.3583,0.0000,0.1347,18.4082,0.0000,0.0334,15938.0158,0.0000,1.0673,15938.0156,24,0
30030.0000,3003,2000,2.7000,1,999,1000,1,13516.2697,0.0000,0.8992,2407.8911,0.0000,0.1348,18.4021,0.0000,0.0334,15942.5629,0.0000,1.0674,15942.5625,24,0
30040.0000,3004,2002,2.7000,2,1000,1000,1,13520.4430,0.0000,0.8993,2407.7488,0.0000,0.1348,18.3959,0.0000,0.0334,15946.5878,0.0000,1.0674,15946.5879,24,0
30050.0000,3005,2001,2.7000,1,1000,1000,1,13525.2029,0.0000,0.8993,2406.9476,0.0000,0.1347,18.3898,0.0000,0.0334,15950.5403,0.0000,1.0674,15950.5400,24,0
30060.0000,3006,2001,2.7000,1,1000,1000,1,13528.3108,0.0000,0.8991,2409.3626,0.0000,0.1347,18.3837,0.0000,0.0334,15956.0571,0.0000,1.0672,15956.0566,24,0
30070.0000,3007,2005,2.7000,5,1000,1000,1,13533.7905,0.0000,0.8992,2408.5613,0.0000,0.1347,18.3776,0.0000,0.0334,15960.7295,0.0000,1.0673,15960.7295,24,0
30080.0000,3008,2007,2.7000,7,1000,1000,1,13538.9695,0.0000,0.8993,2407.7606,0.0000,0.1346,18.3715,0.0000,0.0333,15965.1016,0.0000,1.0673,15965.1016,25,0
30090.0000,3009,2016,2.7000,16,1000,1000,1,13542.6556,0.0000,0.8995,2406.9604,0.0000,0.1346,18.3654,0.0000,0.0333,15967.9814,0.0000,1.0675,15967.9814,25,0
30100.0000,3010,2014,2.7000,14,1000,1000,1,13548.0121,0.0000,0.8996,2406.1608,0.0000,0.1346,18.3593,0.0000,0.0333,15972.5322,0.0000,1.0674,15972.5322,25,0
30110.0000,3011,2013,2.7000,13,1000,1000,1,13552.3826,0.0000,0.8996,2405.3616,0.0000,0.1345,18.3532,0.0000,0.0333,15976.0974,0.0000,1.0674,15976.0977,25,0
30120.0000,3012,2014,2.7000,14,1000,1000,1,13556.2576,0.0000,0.8997,2404.5630,0.0000,0.1345,18.3471,0.0000,0.0333,15979.1677,0.0000,1.0675,15979.1680,25,0
30130.0000,3013,2006,2.7000,6,1000,1000,1,13561.6400,0.0000,0.8996,2403.7650,0.0000,0.1344,18.3410,0.0000,0.0333,15983.7460,0.0000,1.0673,15983.7461,25,0
30140.0000,3014,2005,2.7000,5,1000,1000,1,13565.7123,0.0000,0.8996,2402.9675,0.0000,0.1344,18.3349,0.0000,0.0333,15987.0147,0.0000,1.0672,15987.0146,24,0
30150.0000,3015,2010,2.7000,10,1000,1000,1,13570.1444,0.0000,0.8997,2402.1704,0.0000,0.1343,18.3288,0.0000,0.0333,15990.6437,0.0000,1.0673,15990.6436,25,0
30160.0000,3016,2007,2.7000,7,1000,1000,1,13575.1714,0.0000,0.8998,2401.3740,0.0000,0.1343,18.3228,0.0000,0.0333,15994.8681,0.0000,1.0673,15994.8682,25,0
30170.0000,3017,2009,2.7000,9,1000,1000,1,13578.8877,0.0000,0.8998,2400.5780,0.0000,0.1342,18.3167,0.0000,0.0332,15997.7824,0.0000,1.0673,15997.7822,25,0
30180.0000,3018,2011,2.7000,11,1000,1000,1,13584.1248,0.0000,0.9000,2399.7826,0.0000,0.1342,18.3106,0.0000,0.0332,16002.2180,0.0000,1.0675,16002.2178,25,0
30190.0000,3019,2006,2.7000,6,1000,1000,1,13587.1850,0.0000,0.9000,2398.9877,0.0000,0.1342,18.3045,0.0000,0.0332,16004.4773,0.0000,1.0674,16004.4775,25,0
30200.0000,3020,2004,2.7000,4,1000,1000,1,13587.8389,0.0000,0.8998,2398.1933,0.0000,0.1341,18.2985,0.0000,0.0332,16004.3308,0.0000,1.0672,16004.3311,24,0
30210.0000,3021,2009,2.7000,9,1000,1000,1,13597.4601,0.0000,0.8999,2397.3995,0.0000,0.1341,18.2924,0.0000,0.0332,16013.1520,0.0000,1.0671,16013.1523,25,0
30220.0000,3022,2008,2.7000,8,1000,1000,1,13602.0525,0.0000,0.8999,2396.6062,0.0000,0.1340,18.2864,0.0000,0.0332,16016.9451,0.0000,1.0671,16016.9453,25,0
30230.0000,3023,2009,2.7000,9,1000,1000,1,13606.2129,0.0000,0.8998,2395.8134,0.0000,0.1340,18.2803,0.0000,0.0332,16020.3066,0.0000,1.0670,16020.3066,25,0
30240.0000,3024,2009,2.7000,9,1000,1000,1,13609.9895,0.0000,0.8999,2395.0211,0.0000,0.1339,18.2743,0.0000,0.0332,16023.2849,0.0000,1.0670,16023.2852,25,0
30250.0000,3025,2010,2.7000,10,1000,1000,1,13614.6471,0.0000,0.9000,2394.2294,0.0000,0.1339,18.2682,0.0000,0.0332,16027.1448,0.0000,1.0670,16027.1445,25,0
30260.0000,3026,2006,2.7000,6,1000,1000,1,13620.0129,0.0000,0.9000,2393.4382,0.0000,0.1338,18.2622,0.0000,0.0331,16031.7132,0.0000,1.0670,16031.7129,25,0
30270.0000,3027,2008,2.7000,8,1000,1000,1,13623.0137,0.0000,0.8999,2392.6475,0.0000,0.1338,18.2562,0.0000,0.0331,16033.9173,0.0000,1.0669,16033.9170,25,0
30280.0000,3028,2011,2.7000,11,1000,1000,1,13627.8506,0.0000,0.8999,2391.8573,0.0000,0.1338,18.2501,0.0000,0.0331,16037.9581,0.0000,1.0667,16037.9580,25,0
30290.0000,3029,2010,2.7000,10,1000,1000,1,13633.4790,0.0000,0.8998,2391.0676,0.0000,0.1337,18.2441,0.0000,0.0331,16042.7907,0.0000,1.0666,16042.7910,25,0
30300.0000,3030,2014,2.7000,14,1000,1000,1,13637.7928,0.0000,0.8999,2390.2785,0.0000,0.1337,18.2381,0.0000,0.0331,16046.3094,0.0000,1.0667,16046.3096,25,0
30310.0000,3031,2013,2.7000,13,1000,1000,1,13640.8854,0.0000,0.8999,2389.4899,0.0000,0.1336,18.2321,0.0000,0.0331,16048.6073,0.0000,1.0666,16048.6074,25,0
30320.0000,3032,2010,2.7000,10,1000,1000,1,13647.0723,0.0000,0.8999,2388.7018,0.0000,0.1336,18.2261,0.0000,0.0331,16054.0002,0.0000,1.0665,16054.0000,25,0
30330.0000,3033,2015,2.7000,15,1000,1000,1,13651.5718,0.0000,0.9000,2387.9142,0.0000,0.1335,18.2201,0.0000,0.0331,16057.7061,0.0000,1.0666,16057.7061,25,0
30340.0000,3034,2014,2.7000,14,1000,1000,1,13655.4727,0.0000,0.9000,2387.1272,0.0000,0.1335,18.2140,0.0000,0.0331,16060.8139,0.0000,1.0665,16060.8135,25,0
30350.0000,3035,2010,2.7000,10,1000,1000,1,13659.5775,0.0000,0.9000,2386.3407,0.0000,0.1334,18.2080,0.0000,0.0330,16064.1262,0.0000,1.0665,16064.1260,25,0
30360.0000,3036,2008,2.7000,8,1000,1000,1,13665.1255,0.0000,0.9000,2385.5546,0.0000,0.1334,18.2021,0.0000,0.0330,16068.8822,0.0000,1.0664,16068.8818,25,0
30370.0000,3037,1998,2.7000,0,998,1000,1,13669.0116,0.0000,0.8998,2426.3802,0.0000,0.1334,18.1961,0.0000,0.0330,16113.5879,0.0000,1.0663,16113.5879,24,0
30380.0000,3038,2001,2.7000,2,999,1000,1,13673.8444,0.0000,0.8998,2426.6791,0.0000,0.1336,18.1901,0.0000,0.0330,16118.7136,0.0000,1.0665,16118.7139,24,0
30390.0000,3039,1998,2.7000,0,998,1000,1,13678.4641,0.0000,0.8998,2426.2661,0.0000,0.1336,18.1841,0.0000,0.0330,16122.9143,0.0000,1.0664,16122.9141,24,0
30400.0000,3040,2008,2.7000,8,1000,1000,1,13683.1122,0.0000,0.8999,2426.9297,0.0000,0.1337,18.1781,0.0000,0.0330,16128.2200,0.0000,1.0665,16128.2197,25,0
30410.0000,3041,2006,2.7000,6,1000,1000,1,13686.8329,0.0000,0.8999,2426.1316,0.0000,0.1336,18.1721,0.0000,0.0330,16131.1367,0.0000,1.0665,16131.1367,25,0
30420.0000,3042,2006,2.7000,6,1000,1000,1,13691.3696,0.0000,0.8998,2425.3341,0.0000,0.1336,18.1661,0.0000,0.0330,16134.8698,0.0000,1.0663,16134.8701,25,0
30430.0000,3043,2008,2.7000,8,1000,1000,1,13696.5310,0.0000,0.8998,2424.5371,0.0000,0.1335,18.1602,0.0000,0.0330,16139.2282,0.0000,1.0663,16139.2285,25,0
30440.0000,3044,2000,2.7000,0,1000,1000,1,13698.0504,0.0000,0.8997,2423.7406,0.0000,0.1335,18.1542,0.0000,0.0330,16139.9452,0.0000,1.0662,16139.9453,24,0
30450.0000,3045,2002,2.7000,2,1000,1000,1,13705.5851,0.0000,0.8997,2430.6367,0.0000,0.1336,18.1483,0.0000,0.0329,16154.3700,0.0000,1.0662,16154.3701,24,0
30460.0000,3046,1999,2.7000,0,999,1000,1,13709.1099,0.0000,0.8998,2431.0372,0.0000,0.1337,18.1423,0.0000,0.0329,16158.2893,0.0000,1.0663,16158.2891,24,0
30470.0000,3047,2001,2.7000,1,1000,1000,1,13714.3635,0.0000,0.8997,2431.5773,0.0000,0.1337,18.1363,0.0000,0.0329,16164.0772,0.0000,1.0663,16164.0771,24,0
30480.0000,3048,2003,2.7000,3,1000,1000,1,13718.9854,0.0000,0.8997,2431.7862,0.0000,0.1337,18.1304,0.0000,0.0329,16168.9020,0.0000,1.0663,16168.9023,24,0
30490.0000,3049,2010,2.7000,10,1000,1000,1,13722.5992,0.0000,0.8999,2430.9886,0.0000,0.1337,18.1244,0.0000,0.0329,16171.7123,0.0000,1.0665,16171.7119,25,0
30500.0000,3050,2008,2.7000,8,1000,1000,1,13727.3761,0.0000,0.8999,2430.1916,0.0000,0.1336,18.1185,0.0000,0.0329,16175.6862,0.0000,1.0664,16175.6865,25,0
30510.0000,3051,2003,2.7000,3,1000,1000,1,13731.7600,0.0000,0.8998,2429.3951,0.0000,0.1336,18.1126,0.0000,0.0329,16179.2676,0.0000,1.0663,16179.2676,24,0
30520.0000,3052,1998,2.7000,0,998,1000,1,13735.7975,0.0000,0.8999,2434.3590,0.0000,0.1337,18.1066,0.0000,0.0329,16188.2631,0.0000,1.0664,16188.2627,24,0
30530.0000,3053,2000,2.7000,0,1000,1000,1,13739.6770,0.0000,0.8999,2433.7714,0.0000,0.1337,18.1007,0.0000,0.0329,16191.5491,0.0000,1.0664,16191.5488,24,0
30540.0000,3054,2007,2.7000,7,1000,1000,1,13744.9093,0.0000,0.9001,2434.5052,0.0000,0.1337,18.0948,0.0000,0.0328,16197.5092,0.0000,1.0666,16197.5088,25,0
30550.0000,3055,2011,2.7000,11,1000,1000,1,13748.3366,0.0000,0.9002,2433.7083,0.0000,0.1336,18.0888,0.0000,0.0328,16200.1337,0.0000,1.0666,16200.1338,25,0
30560.0000,3056,2006,2.7000,6,1000,1000,1,13750.5835,0.0000,0.9000,2432.9119,0.0000,0.1336,18.0829,0.0000,0.0328,16201.5784,0.0000,1.0664,16201.5781,25,0
30570.0000,3057,2008,2.7000,8,1000,1000,1,13759.5360,0.0000,0.9002,2432.1161,0.0000,0.1336,18.0770,0.0000,0.0328,16209.7291,0.0000,1.0666,16209.7295,25,0
30580.0000,3058,2008,2.7000,8,1000,1000,1,13763.9638,0.0000,0.9001,2431.3208,0.0000,0.1335,18.0711,0.0000,0.0328,16213.3556,0.0000,1.0664,16213.3555,25,0
30590.0000,3059,2014,2.7000,14,1000,1000,1,13768.5004,0.0000,0.9003,2430.5260,0.0000,0.1335,18.0652,0.0000,0.0328,16217.0915,0.0000,1.0666,16217.0918,25,0
30600.0000,3060,2014,2.7000,14,1000,1000,1,13771.6241,0.0000,0.9003,2429.7317,0.0000,0.1334,18.0593,0.0000,0.0328,16219.4151,0.0000,1.0665,16219.4150,25,0
30610.0000,3061,2004,2.7000,4,1000,1000,1,13776.6067,0.0000,0.9002,2428.9379,0.0000,0.1334,18.0534,0.0000,0.0328,16223.5980,0.0000,1.0664,16223.5977,24,0
30620.0000,3062,2004,2.7000,4,1000,1000,1,13780.7125,0.0000,0.9002,2428.1446,0.0000,0.1333,18.0475,0.0000,0.0328,16226.9046,0.0000,1.0663,16226.9043,24,0
30630.0000,3063,2003,2.7000,3,1000,1000,1,13786.0175,0.0000,0.9002,2427.3519,0.0000,0.1333,18.0416,0.0000,0.0327,16231.4110,0.0000,1.0662,16231.4111,24,0
30640.0000,3064,2001,2.7000,1,1000,1000,1,13790.7757,0.0000,0.9002,2440.9673,0.0000,0.1334,18.0357,0.0000,0.0327,16249.7787,0.0000,1.0663,16249.7783,24,0
30650.0000,3065,2001,2.7000,1,1000,1000,1,13795.5442,0.0000,0.9002,2441.2114,0.0000,0.1335,18.0298,0.0000,0.0327,16254.7854,0.0000,1.0665,16254.7852,24,0
30660.0000,3066,2003,2.7000,3,1000,1000,1,13799.8696,0.0000,0.9001,2441.0315,0.0000,0.1336,18.0239,0.0000,0.0327,16258.9251,0.0000,1.0664,16258.9248,24,0
30670.0000,3067,2000,2.7000,0,1000,1000,1,13802.1853,0.0000,0.9002,2440.2356,0.0000,0.1336,18.0181,0.0000,0.0327,16260.4390,0.0000,1.0664,16260.4395,24,0
30680.0000,3068,2006,2.7000,6,1000,1000,1,13808.2440,0.0000,0.9002,2442.5428,0.0000,0.1336,18.0122,0.0000,0.0327,16268.7990,0.0000,1.0664,16268.7988,25,0
30690.0000,3069,2011,2.7000,11,1000,1000,1,13812.6007,0.0000,0.9003,2441.7469,0.0000,0.1335,18.0063,0.0000,0.0327,16272.3539,0.0000,1.0665,16272.3535,25,0
30700.0000,3070,2012,2.7000,12,1000,1000,1,13815.9265,0.0000,0.9002,2440.9515,0.0000,0.1335,18.0005,0.0000,0.0327,16274.8785,0.0000,1.0663,16274.8789,25,0
30710.0000,3071,2008,2.7000,8,1000,1000,1,13822.4467,0.0000,0.9002,2440.1567,0.0000,0.1334,17.9946,0.0000,0.0327,16280.5980,0.0000,1.0663,16280.5977,25,0
30720.0000,3072,1999,2.7000,1,998,1000,1,13826.8541,0.0000,0.9001,2444.9674,0.0000,0.1334,17.9887,0.0000,0.0326,16289.8103,0.0000,1.0662,16289.8105,24,0
30730.0000,3073,2009,2.7000,9,1000,1000,1,13831.5970,0.0000,0.9003,2445.2936,0.0000,0.1335,17.9829,0.0000,0.0326,16294.8735,0.0000,1.0664,16294.8740,25,0
30740.0000,3074,2006,2.7000,6,1000,1000,1,13834.5461,0.0000,0.9003,2444.4982,0.0000,0.1335,17.9770,0.0000,0.0326,16297.0213,0.0000,1.0664,16297.0215,25,0
30750.0000,3075,2002,2.7000,2,1000,1000,1,13840.3072,0.0000,0.9002,2443.7032,0.0000,0.1334,17.9712,0.0000,0.0326,16301.9816,0.0000,1.0662,16301.9814,24,0
30760.0000,3076,1998,2.7000,0,998,1000,1,13842.2743,0.0000,0.9000,2447.4160,0.0000,0.1336,17.9654,0.0000,0.0326,16307.6556,0.0000,1.0662,16307.6553,24,0
30770.0000,3077,2005,2.7000,5,1000,1000,1,13849.3178,0.0000,0.9001,2447.4047,0.0000,0.1337,17.9595,0.0000,0.0326,16314.6820,0.0000,1.0663,16314.6816,24,0
30780.0000,3078,2010,2.7000,10,1000,1000,1,13853.5646,0.0000,0.9002,2446.6096,0.0000,0.1336,17.9537,0.0000,0.0326,16318.1278,0.0000,1.0664,16318.1279,25,0
30790.0000,3079,2004,2.7000,4,1000,1000,1,13858.3888,0.0000,0.9001,2445.8150,0.0000,0.1336,17.9478,0.0000,0.0326,16322.1516,0.0000,1.0663,16322.1514,24,0
30800.0000,3080,2007,2.7000,7,1000,1000,1,13861.7065,0.0000,0.9002,2445.0209,0.0000,0.1335,17.9420,0.0000,0.0326,16324.6694,0.0000,1.0663,16324.6699,25,0
30810.0000,3081,2004,2.7000,4,1000,1000,1,13866.4687,0.0000,0.9002,2444.2273,0.0000,0.1335,17.9362,0.0000,0.0326,16328.6322,0.0000,1.0662,16328.6318,24,0
30820.0000,3082,2009,2.7000,9,1000,1000,1,13871.9531,0.0000,0.9003,2443.4342,0.0000,0.1335,17.9304,0.0000,0.0325,16333.3177,0.0000,1.0663,16333.3174,25,0
30830.0000,3083,2014,2.7000,14,1000,1000,1,13875.0934,0.0000,0.9005,2442.6417,0.0000,0.1334,17.9246,0.0000,0.0325,16335.6596,0.0000,1.0664,16335.6592,25,0
30840.0000,3084,2015,2.7000,15,1000,1000,1,13878.6439,0.0000,0.9005,2441.8496,0.0000,0.1334,17.9188,0.0000,0.0325,16338.4123,0.0000,1.0664,16338.4121,25,0
30850.0000,3085,2014,2.7000,14,1000,1000,1,13881.3391,0.0000,0.9003,2441.0581,0.0000,0.1333,17.9129,0.0000,0.0325,16340.3102,0.0000,1.0661,16340.3105,25,0
30860.0000,3086,2012,2.7000,12,1000,1000,1,13889.2553,0.0000,0.9002,2440.2671,0.0000,0.1333,17.9071,0.0000,0.0325,16347.4295,0.0000,1.0660,16347.4297,25,0
30870.0000,3087,2017,2.7000,17,1000,1000,1,13894.3301,0.0000,0.9004,2439.4766,0.0000,0.1332,17.9013,0.0000,0.0325,16351.7080,0.0000,1.0661,16351.7080,25,0
30880.0000,3088,2018,2.7000,18,1000,1000,1,13896.3092,0.0000,0.9003,2438.6866,0.0000,0.1332,17.8955,0.0000,0.0325,16352.8914,0.0000,1.0660,16352.8916,25,0
30890.0000,3089,2016,2.7000,16,1000,1000,1,13902.7380,0.0000,0.9004,2437.8972,0.0000,0.1331,17.8897,0.0000,0.0325,16358.5249,0.0000,1.0660,16358.5244,25,0
30900.0000,3090,2012,2.7000,12,1000,1000,1,13906.5625,0.0000,0.9004,2437.1082,0.0000,0.1331,17.8840,0.0000,0.0325,16361.5546,0.0000,1.0659,16361.5547,25,0
30910.0000,3091,2010,2.7000,10,1000,1000,1,13911.4997,0.0000,0.9003,2436.3197,0.0000,0.1331,17.8782,0.0000,0.0324,16365.6976,0.0000,1.0658,16365.6973,25,0
30920.0000,3092,2010,2.7000,10,1000,1000,1,13916.9958,0.0000,0.9003,2435.5318,0.0000,0.1330,17.8724,0.0000,0.0324,16370.4000,0.0000,1.0658,16370.4004,25,0
30930.0000,3093,2013,2.7000,13,1000,1000,1,13921.2888,0.0000,0.9005,2434.7444,0.0000,0.1330,17.8666,0.0000,0.0324,16373.8998,0.0000,1.0659,16373.8994,25,0
30940.0000,3094,2015,2.7000,15,1000,1000,1,13925.7305,0.0000,0.9005,2433.9574,0.0000,0.1329,17.8608,0.0000,0.0324,16377.5487,0.0000,1.0658,16377.5488,25,0
30950.0000,3095,2009,2.7000,9,1000,1000,1,13930.6241,0.0000,0.9004,2433.1710,0.0000,0.1329,17.8551,0.0000,0.0324,16381.6502,0.0000,1.0657,16381.6504,25,0
30960.0000,3096,2012,2.7000,12,1000,1000,1,13934.9123,0.0000,0.9004,2432.3851,0.0000,0.1328,17.8493,0.0000,0.0324,16385.1467,0.0000,1.0656,16385.1465,25,0
30970.0000,3097,2020,2.7000,20,1000,1000,1,13939.6291,0.0000,0.9005,2431.5997,0.0000,0.1328,17.8435,0.0000,0.0324,16389.0724,0.0000,1.0657,16389.0723,25,0
30980.0000,3098,2016,2.7000,16,1000,1000,1,13943.8457,0.0000,0.9004,2430.8148,0.0000,0.1328,17.8378,0.0000,0.0324,16392.4983,0.0000,1.0655,16392.4980,25,0
30990.0000,3099,2024,2.7000,24,1000,1000,1,13948.5120,0.0000,0.9006,2430.0304,0.0000,0.1327,17.8320,0.0000,0.0324,16396.3745,0.0000,1.0657,16396.3750,26,0
31000.0000,3100,2025,2.7000,25,1000,1000,1,13952.3065,0.0000,0.9006,2429.2465,0.0000,0.1327,17.8263,0.0000,0.0324,16399.3793,0.0000,1.0656,16399.3789,26,0
31010.0000,3101,2020,2.7000,20,1000,1000,1,13957.6185,0.0000,0.9005,2428.4632,0.0000,0.1326,17.8205,0.0000,0.0323,16403.9022,0.0000,1.0655,16403.9023,25,0
31020.0000,3102,2016,2.7000,16,1000,1000,1,13961.0469,0.0000,0.9005,2427.6803,0.0000,0.1326,17.8148,0.0000,0.0323,16406.5420,0.0000,1.0654,16406.5430,25,0
31030.0000,3103,2021,2.7000,21,1000,1000,1,13966.5629,0.0000,0.9005,2426.8979,0.0000,0.1325,17.8090,0.0000,0.0323,16411.2698,0.0000,1.0654,16411.2695,26,0
31040.0000,3104,2026,2.7000,26,1000,1000,1,13969.6087,0.0000,0.9007,2426.1161,0.0000,0.1325,17.8033,0.0000,0.0323,16413.5281,0.0000,1.0655,16413.5273,26,0
31050.0000,3105,2024,2.7000,24,1000,1000,1,13974.1132,0.0000,0.9006,2425.3347,0.0000,0.1325,17.7976,0.0000,0.0323,16417.2455,0.0000,1.0654,16417.2461,26,0
31060.0000,3106,2025,2.7000,25,1000,1000,1,13979.3028,0.0000,0.9005,2424.5539,0.0000,0.1324,17.7918,0.0000,0.0323,16421.6485,0.0000,1.0653,16421.6484,26,0
31070.0000,3107,2013,2.7000,13,1000,1000,1,13983.6520,0.0000,0.9004,2423.7735,0.0000,0.1324,17.7861,0.0000,0.0323,16425.2116,0.0000,1.0650,16425.2109,25,0
31080.0000,3108,2010,2.7000,10,1000,1000,1,13988.6584,0.0000,0.9003,2422.9937,0.0000,0.1323,17.7804,0.0000,0.0323,16429.4325,0.0000,1.0649,16429.4316,25,0
31090.0000,3109,2006,2.7000,6,1000,1000,1,13991.5782,0.0000,0.9002,2422.2143,0.0000,0.1323,17.7747,0.0000,0.0323,16431.5672,0.0000,1.0647,16431.5664,25,0
31100.0000,3110,2004,2.7000,4,1000,1000,1,13996.6570,0.0000,0.9001,2421.4355,0.0000,0.1323,17.7689,0.0000,0.0323,16435.8614,0.0000,1.0646,16435.8613,24,0
31110.0000,3111,2005,2.7000,5,1000,1000,1,14002.4625,0.0000,0.9002,2420.6571,0.0000,0.1322,17.7632,0.0000,0.0322,16440.8829,0.0000,1.0646,16440.8828,24,0
31120.0000,3112,2008,2.7000,8,1000,1000,1,14006.1824,0.0000,0.9002,2419.8793,0.0000,0.1322,17.7575,0.0000,0.0322,16443.8192,0.0000,1.0646,16443.8184,25,0
31130.0000,3113,2003,2.7000,3,1000,1000,1,14011.3518,0.0000,0.9003,2419.1019,0.0000,0.1321,17.7518,0.0000,0.0322,16448.2055,0.0000,1.0646,16448.2051,24,0
31140.0000,3114,1997,2.7000,0,997,1000,1,14014.1020,0.0000,0.9002,2467.5075,0.0000,0.1322,17.7461,0.0000,0.0322,16499.3556,0.0000,1.0646,16499.3555,24,0
31150.0000,3115,2004,2.7000,4,1000,1000,1,14019.7618,0.0000,0.9004,2467.7026,0.0000,0.1323,17.7404,0.0000,0.0322,16505.2047,0.0000,1.0649,16505.2051,24,0
31160.0000,3116,2004,2.7000,4,1000,1000,1,14023.1501,0.0000,0.9004,2466.9106,0.0000,0.1323,17.7347,0.0000,0.0322,16507.7955,0.0000,1.0649,16507.7949,24,0
31170.0000,3117,1999,2.7000,0,999,1000,1,14023.1005,0.0000,0.9003,2469.2077,0.0000,0.1323,17.7290,0.0000,0.0322,16510.0372,0.0000,1.0648,16510.0371,24,0
31180.0000,3118,2001,2.7000,1,1000,1000,1,14033.8896,0.0000,0.9004,2469.7367,0.0000,0.1324,17.7234,0.0000,0.0322,16521.3496,0.0000,1.0649,16521.3496,24,0
31190.0000,3119,2006,2.7000,6,1000,1000,1,14038.6341,0.0000,0.9003,2468.9448,0.0000,0.1324,17.7177,0.0000,0.0322,16525.2966,0.0000,1.0648,16525.2969,25,0
31200.0000,3120,2009,2.7000,9,1000,1000,1,14043.1480,0.0000,0.9004,2468.1535,0.0000,0.1323,17.7120,0.0000,0.0321,16529.0135,0.0000,1.0648,16529.0137,25,0
31210.0000,3121,2004,2.7000,4,1000,1000,1,14045.4341,0.0000,0.9003,2467.3627,0.0000,0.1323,17.7063,0.0000,0.0321,16530.5031,0.0000,1.0647,16530.5039,24,0
31220.0000,3122,2006,2.7000,6,1000,1000,1,14050.3192,0.0000,0.9003,2466.5724,0.0000,0.1323,17.7006,0.0000,0.0321,16534.5922,0.0000,1.0646,16534.5918,25,0
31230.0000,3123,2008,2.7000,8,1000,1000,1,14053.5304,0.0000,0.9002,2465.7825,0.0000,0.1322,17.6950,0.0000,0.0321,16537.0079,0.0000,1.0645,16537.0078,25,0
31240.0000,3124,2005,2.7000,5,1000,1000,1,14059.7758,0.0000,0.9001,2464.9932,0.0000,0.1322,17.6893,0.0000,0.0321,16542.4583,0.0000,1.0644,16542.4590,24,0
31250.0000,3125,2001,2.7000,1,1000,1000,1,14065.5357,0.0000,0.9002,2464.2044,0.0000,0.1321,17.6837,0.0000,0.0321,16547.4238,0.0000,1.0644,16547.4238,24,0
31260.0000,3126,2002,2.7000,2,1000,1000,1,14069.8888,0.0000,0.9001,2473.0471,0.0000,0.1321,17.6780,0.0000,0.0321,16560.6139,0.0000,1.0643,16560.6133,24,0
31270.0000,3127,2003,2.7000,3,1000,1000,1,14074.1667,0.0000,0.9001,2474.4930,0.0000,0.1322,17.6723,0.0000,0.0321,16566.3321,0.0000,1.0643,16566.3320,24,0
31280.0000,3128,2003,2.7000,3,1000,1000,1,14078.6665,0.0000,0.9000,2475.0296,0.0000,0.1323,17.6667,0.0000,0.0321,16571.3628,0.0000,1.0644,16571.3633,24,0
31290.0000,3129,2002,2.7000,2,1000,1000,1,14082.7946,0.0000,0.9000,2474.2386,0.0000,0.1322,17.6611,0.0000,0.0321,16574.6943,0.0000,1.0643,16574.6934,24,0
31300.0000,3130,2006,2.7000,6,1000,1000,1,14086.8107,0.0000,0.9000,2473.4481,0.0000,0.1322,17.6554,0.0000,0.0320,16577.9142,0.0000,1.0642,16577.9141,25,0
31310.0000,3131,2006,2.7000,6,1000,1000,1,14092.5446,0.0000,0.9000,2472.6581,0.0000,0.1322,17.6498,0.0000,0.0320,16582.8525,0.0000,1.0642,16582.8516,25,0
31320.0000,3132,2007,2.7000,7,1000,1000,1,14096.6459,0.0000,0.9000,2471.8686,0.0000,0.1321,17.6441,0.0000,0.0320,16586.1586,0.0000,1.0641,16586.1582,25,0
31330.0000,3133,2003,2.7000,3,1000,1000,1,14101.3808,0.0000,0.9001,2471.0796,0.0000,0.1321,17.6385,0.0000,0.0320,16590.0990,0.0000,1.0642,16590.0996,24,0
31340.0000,3134,2001,2.7000,1,1000,1000,1,14105.3800,0.0000,0.9000,2478.0672,0.0000,0.1321,17.6329,0.0000,0.0320,16601.0801,0.0000,1.0641,16601.0801,24,0
31350.0000,3135,2005,2.7000,5,1000,1000,1,14110.3998,0.0000,0.9001,2478.6261,0.0000,0.1322,17.6272,0.0000,0.0320,16606.6531,0.0000,1.0643,16606.6523,24,0
31360.0000,3136,2008,2.7000,8,1000,1000,1,14114.9686,0.0000,0.9002,2477.8357,0.0000,0.1321,17.6216,0.0000,0.0320,16610.4259,0.0000,1.0643,16610.4258,25,0
31370.0000,3137,2014,2.7000,14,1000,1000,1,14119.6085,0.0000,0.9003,2477.0459,0.0000,0.1321,17.6160,0.0000,0.0320,16614.2704,0.0000,1.0643,16614.2695,25,0
31380.0000,3138,2015,2.7000,15,1000,1000,1,14121.7090,0.0000,0.9004,2476.2565,0.0000,0.1320,17.6104,0.0000,0.0320,16615.5759,0.0000,1.0643,16615.5762,25,0
31390.0000,3139,2012,2.7000,12,1000,1000,1,14126.0951,0.0000,0.9003,2475.4676,0.0000,0.1320,17.6048,0.0000,0.0320,16619.1675,0.0000,1.0642,16619.1680,25,0
31400.0000,3140,2012,2.7000,12,1000,1000,1,14132.3896,0.0000,0.9004,2474.6793,0.0000,0.1319,17.5992,0.0000,0.0319,16624.6681,0.0000,1.0642,16624.6680,25,0
31410.0000,3141,2007,2.7000,7,1000,1000,1,14136.8325,0.0000,0.9004,2473.8914,0.0000,0.1319,17.5936,0.0000,0.0319,16628.3175,0.0000,1.0642,16628.3184,25,0
31420.0000,3142,2008,2.7000,8,1000,1000,1,14141.3891,0.0000,0.9003,2473.1040,0.0000,0.1319,17.5880,0.0000,0.0319,16632.0811,0.0000,1.0641,16632.0820,25,0
31430.0000,3143,2004,2.7000,4,1000,1000,1,14146.4881,0.0000,0.9003,2472.3172,0.0000,0.1318,17.5824,0.0000,0.0319,16636.3876,0.0000,1.0640,16636.3867,24,0
31440.0000,3144,2014,2.7000,14,1000,1000,1,14150.6417,0.0000,0.9005,2471.5308,0.0000,0.1318,17.5768,0.0000,0.0319,16639.7493,0.0000,1.0642,16639.7500,25,0
31450.0000,3145,2010,2.7000,10,1000,1000,1,14155.5704,0.0000,0.9004,2470.7449,0.0000,0.1317,17.5712,0.0000,0.0319,16643.8866,0.0000,1.0640,16643.8867,25,0
31460.0000,3146,2013,2.7000,13,1000,1000,1,14159.6595,0.0000,0.9004,2469.9596,0.0000,0.1317,17.5656,0.0000,0.0319,16647.1847,0.0000,1.0640,16647.1855,25,0
31470.0000,3147,2019,2.7000,19,1000,1000,1,14164.2233,0.0000,0.9006,2469.1747,0.0000,0.1316,17.5600,0.0000,0.0319,16650.9580,0.0000,1.0641,16650.9590,25,0
31480.0000,3148,2020,2.7000,20,1000,1000,1,14168.2888,0.0000,0.9005,2468.3904,0.0000,0.1316,17.5545,0.0000,0.0319,16654.2336,0.0000,1.0640,16654.2344,25,0
31490.0000,3149,2020,2.7000,20,1000,1000,1,14173.5360,0.0000,0.9005,2467.6065,0.0000,0.1316,17.5489,0.0000,0.0319,16658.6914,0.0000,1.0639,16658.6914,25,0
31500.0000,3150,2021,2.7000,21,1000,1000,1,14175.5849,0.0000,0.9005,2466.8231,0.0000,0.1315,17.5433,0.0000,0.0318,16659.9513,0.0000,1.0639,16659.9512,26,0
31510.0000,3151,2024,2.7000,24,1000,1000,1,14182.4910,0.0000,0.9007,2466.0403,0.0000,0.1315,17.5377,0.0000,0.0318,16666.0690,0.0000,1.0640,16666.0684,26,0
31520.0000,3152,2026,2.7000,26,1000,1000,1,14187.2669,0.0000,0.9007,2465.2579,0.0000,0.1314,17.5322,0.0000,0.0318,16670.0570,0.0000,1.0640,16670.0566,26,0
31530.0000,3153,2028,2.7000,28,1000,1000,1,14190.1164,0.0000,0.9007,2464.4760,0.0000,0.1314,17.5266,0.0000,0.0318,16672.1191,0.0000,1.0639,16672.1191,26,0
31540.0000,3154,2034,2.7000,34,1000,1000,1,14196.2488,0.0000,0.9008,2463.6946,0.0000,0.1314,17.5211,0.0000,0.0318,16677.4645,0.0000,1.0640,16677.4648,26,0
31550.0000,3155,2029,2.7000,29,1000,1000,1,14199.3475,0.0000,0.9007,2462.9137,0.0000,0.1313,17.5155,0.0000,0.0318,16679.7767,0.0000,1.0638,16679.7773,26,0
31560.0000,3156,2033,2.7000,33,1000,1000,1,14203.6536,0.0000,0.9008,2462.1333,0.0000,0.1313,17.5100,0.0000,0.0318,16683.2969,0.0000,1.0638,16683.2969,26,0
31570.0000,3157,2036,2.7000,36,1000,1000,1,14206.0774,0.0000,0.9007,2461.3535,0.0000,0.1312,17.5044,0.0000,0.0318,16684.9352,0.0000,1.0637,16684.9355,26,0
31580.0000,3158,2036,2.7000,36,1000,1000,1,14214.0731,0.0000,0.9007,2460.5740,0.0000,0.1312,17.4989,0.0000,0.0318,16692.1460,0.0000,1.0636,16692.1465,26,0
31590.0000,3159,2044,2.7000,44,1000,1000,1,14218.4639,0.0000,0.9008,2459.7951,0.0000,0.1311,17.4933,0.0000,0.0318,16695.7523,0.0000,1.0637,16695.7520,26,0
31600.0000,3160,2039,2.7000,39,1000,1000,1,14222.0346,0.0000,0.9007,2459.0167,0.0000,0.1311,17.4878,0.0000,0.0317,16698.5391,0.0000,1.0636,16698.5391,26,0
31610.0000,3161,2029,2.7000,29,1000,1000,1,14225.9625,0.0000,0.9007,2458.2388,0.0000,0.1311,17.4823,0.0000,0.0317,16701.6836,0.0000,1.0635,16701.6836,26,0
31620.0000,3162,2030,2.7000,30,1000,1000,1,14231.8005,0.0000,0.9008,2457.4614,0.0000,0.1310,17.4767,0.0000,0.0317,16706.7386,0.0000,1.0635,16706.7383,26,0
31630.0000,3163,2027,2.7000,27,1000,1000,1,14235.9136,0.0000,0.9007,2456.6844,0.0000,0.1310,17.4712,0.0000,0.0317,16710.0692,0.0000,1.0634,16710.0684,26,0
31640.0000,3164,2026,2.7000,26,1000,1000,1,14241.1926,0.0000,0.9008,2455.9080,0.0000,0.1309,17.4657,0.0000,0.0317,16714.5663,0.0000,1.0634,16714.5664,26,0
31650.0000,3165,2025,2.7000,25,1000,1000,1,14245.6037,0.0000,0.9008,2455.1320,0.0000,0.1309,17.4602,0.0000,0.0317,16718.1959,0.0000,1.0634,16718.1953,26,0
31660.0000,3166,2023,2.7000,23,1000,1000,1,14246.6041,0.0000,0.9009,2454.3566,0.0000,0.1309,17.4547,0.0000,0.0317,16718.4153,0.0000,1.0634,16718.4160,26,0
31670.0000,3167,2026,2.7000,26,1000,1000,1,14253.9498,0.0000,0.9009,2453.5816,0.0000,0.1308,17.4491,0.0000,0.0317,16724.9805,0.0000,1.0634,16724.9805,26,0
31680.0000,3168,2025,2.7000,25,1000,1000,1,14257.7162,0.0000,0.9009,2452.8071,0.0000,0.1308,17.4436,0.0000,0.0317,16727.9669,0.0000,1.0634,16727.9668,26,0
31690.0000,3169,2028,2.7000,28,1000,1000,1,14263.6357,0.0000,0.9009,2452.0331,0.0000,0.1307,17.4381,0.0000,0.0317,16733.1069,0.0000,1.0633,16733.1074,26,0
31700.0000,3170,2029,2.7000,29,1000,1000,1,14268.2967,0.0000,0.9010,2451.2596,0.0000,0.1307,17.4326,0.0000,0.0316,16736.9889,0.0000,1.0634,16736.9883,26,0
31710.0000,3171,2027,2.7000,27,1000,1000,1,14269.2242,0.0000,0.9009,2450.4865,0.0000,0.1307,17.4271,0.0000,0.0316,16737.1379,0.0000,1.0632,16737.1387,26,0
31720.0000,3172,2029,2.7000,29,1000,1000,1,14276.7370,0.0000,0.9010,2449.7140,0.0000,0.1306,17.4216,0.0000,0.0316,16743.8726,0.0000,1.0632,16743.8730,26,0
31730.0000,3173,2019,2.7000,19,1000,1000,1,14281.8048,0.0000,0.9009,2448.9420,0.0000,0.1306,17.4161,0.0000,0.0316,16748.1629,0.0000,1.0631,16748.1621,25,0
31740.0000,3174,2023,2.7000,23,1000,1000,1,14286.0576,0.0000,0.9010,2448.1704,0.0000,0.1305,17.4107,0.0000,0.0316,16751.6387,0.0000,1.0632,16751.6387,26,0
31750.0000,3175,2020,2.7000,20,1000,1000,1,14289.9229,0.0000,0.9010,2447.3993,0.0000,0.1305,17.4052,0.0000,0.0316,16754.7274,0.0000,1.0631,16754.7266,25,0
31760.0000,3176,2024,2.7000,24,1000,1000,1,14293.4298,0.0000,0.9011,2446.6287,0.0000,0.1304,17.3997,0.0000,0.0316,16757.4582,0.0000,1.0631,16757.4590,26,0
31770.0000,3177,2025,2.7000,25,1000,1000,1,14299.4385,0.0000,0.9011,2445.8586,0.0000,0.1304,17.3942,0.0000,0.0316,16762.6913,0.0000,1.0631,16762.6914,26,0
31780.0000,3178,2032,2.7000,32,1000,1000,1,14304.3012,0.0000,0.9013,2445.0890,0.0000,0.1304,17.3887,0.0000,0.0316,16766.7790,0.0000,1.0632,16766.7793,26,0
31790.0000,3179,2021,2.7000,21,1000,1000,1,14308.9278,0.0000,0.9012,2444.3199,0.0000,0.1303,17.3833,0.0000,0.0316,16770.6309,0.0000,1.0631,16770.6309,26,0
31800.0000,3180,2023,2.7000,23,1000,1000,1,14313.0002,0.0000,0.9014,2443.5512,0.0000,0.1303,17.3778,0.0000,0.0315,16773.9293,0.0000,1.0633,16773.9297,26,0
31810.0000,3181,2019,2.7000,19,1000,1000,1,14316.6778,0.0000,0.9015,2442.7830,0.0000,0.1302,17.3723,0.0000,0.0315,16776.8332,0.0000,1.0633,16776.8340,25,0
31820.0000,3182,2008,2.7000,8,1000,1000,1,14320.2884,0.0000,0.9014,2442.0154,0.0000,0.1302,17.3669,0.0000,0.0315,16779.6706,0.0000,1.0632,16779.6699,25,0
31830.0000,3183,2011,2.7000,11,1000,1000,1,14325.1732,0.0000,0.9014,2441.2481,0.0000,0.1302,17.3614,0.0000,0.0315,16783.7827,0.0000,1.0631,16783.7832,25,0
31840.0000,3184,2013,2.7000,13,1000,1000,1,14329.7682,0.0000,0.9014,2440.4814,0.0000,0.1301,17.3560,0.0000,0.0315,16787.6056,0.0000,1.0630,16787.6055,25,0
31850.0000,3185,2014,2.7000,14,1000,1000,1,14333.9030,0.0000,0.9013,2439.7152,0.0000,0.1301,17.3505,0.0000,0.0315,16790.9687,0.0000,1.0629,16790.9688,25,0
31860.0000,3186,2019,2.7000,19,1000,1000,1,14340.3406,0.0000,0.9013,2438.9494,0.0000,0.1300,17.3451,0.0000,0.0315,16796.6351,0.0000,1.0629,16796.6348,25,0
31870.0000,3187,2019,2.7000,19,1000,1000,1,14345.0905,0.0000,0.9013,2438.1841,0.0000,0.1300,17.3396,0.0000,0.0315,16800.6143,0.0000,1.0628,16800.6152,25,0
31880.0000,3188,2015,2.7000,15,1000,1000,1,14348.4060,0.0000,0.9012,2437.4193,0.0000,0.1300,17.3342,0.0000,0.0315,16803.1596,0.0000,1.0626,16803.1602,25,0
31890.0000,3189,2016,2.7000,16,1000,1000,1,14353.2218,0.0000,0.9013,2436.6550,0.0000,0.1299,17.3288,0.0000,0.0315,16807.2056,0.0000,1.0626,16807.2051,25,0
31900.0000,3190,2016,2.7000,16,1000,1000,1,14355.7903,0.0000,0.9012,2435.8912,0.0000,0.1299,17.3233,0.0000,0.0314,16809.0048,0.0000,1.0625,16809.0039,25,0
31910.0000,3191,2015,2.7000,15,1000,1000,1,14360.8343,0.0000,0.9013,2435.1278,0.0000,0.1298,17.3179,0.0000,0.0314,16813.2800,0.0000,1.0625,16813.2793,25,0
31920.0000,3192,2013,2.7000,13,1000,1000,1,14366.8207,0.0000,0.9012,2434.3649,0.0000,0.1298,17.3125,0.0000,0.0314,16818.4981,0.0000,1.0624,16818.4980,25,0
31930.0000,3193,2022,2.7000,22,1000,1000,1,14371.9466,0.0000,0.9013,2433.6025,0.0000,0.1298,17.3071,0.0000,0.0314,16822.8562,0.0000,1.0625,16822.8555,26,0
31940.0000,3194,2022,2.7000,22,1000,1000,1,14375.6250,0.0000,0.9013,2432.8406,0.0000,0.1297,17.3016,0.0000,0.0314,16825.7672,0.0000,1.0625,16825.7676,26,0
31950.0000,3195,2022,2.7000,22,1000,1000,1,14379.2196,0.0000,0.9012,2432.0791,0.0000,0.1297,17.2962,0.0000,0.0314,16828.5949,0.0000,1.0623,16828.5957,26,0
31960.0000,3196,2022,2.7000,22,1000,1000,1,14385.3261,0.0000,0.9012,2431.3182,0.0000,0.1296,17.2908,0.0000,0.0314,16833.9351,0.0000,1.0622,16833.9355,26,0
31970.0000,3197,2022,2.7000,22,1000,1000,1,14390.0132,0.0000,0.9012,2430.5577,0.0000,0.1296,17.2854,0.0000,0.0314,16837.8562,0.0000,1.0622,16837.8555,26,0
31980.0000,3198,2019,2.7000,19,1000,1000,1,14394.5969,0.0000,0.9012,2429.7976,0.0000,0.1295,17.2800,0.0000,0.0314,16841.6745,0.0000,1.0621,16841.6738,25,0
31990.0000,3199,2019,2.7000,19,1000,1000,1,14398.3808,0.0000,0.9012,2429.0381,0.0000,0.1295,17.2746,0.0000,0.0314,16844.6935,0.0000,1.0621,16844.6934,25,0
32000.0000,3200,2019,2.7000,19,1000,1000,1,14402.8659,0.0000,0.9013,2428.2790,0.0000,0.1295,17.2692,0.0000,0.0313,16848.4141,0.0000,1.0621,16848.4141,25,0
32010.0000,3201,2015,2.7000,15,1000,1000,1,14407.9680,0.0000,0.9011,2427.5204,0.0000,0.1294,17.2638,0.0000,0.0313,16852.7522,0.0000,1.0618,16852.7520,25,0
32020.0000,3202,2019,2.7000,19,1000,1000,1,14411.5263,0.0000,0.9012,2426.7623,0.0000,0.1294,17.2584,0.0000,0.0313,16855.5470,0.0000,1.0619,16855.5469,25,0
32030.0000,3203,2018,2.7000,18,1000,1000,1,14416.2800,0.0000,0.9012,2426.0046,0.0000,0.1293,17.2530,0.0000,0.0313,16859.5376,0.0000,1.0619,16859.5371,25,0
32040.0000,3204,2013,2.7000,13,1000,1000,1,14419.3833,0.0000,0.9011,2425.2475,0.0000,0.1293,17.2476,0.0000,0.0313,16861.8784,0.0000,1.0617,16861.8789,25,0
32050.0000,3205,2015,2.7000,15,1000,1000,1,14425.3027,0.0000,0.9012,2424.4907,0.0000,0.1293,17.2423,0.0000,0.0313,16867.0357,0.0000,1.0618,16867.0352,25,0
32060.0000,3206,2017,2.7000,17,1000,1000,1,14429.6251,0.0000,0.9013,2423.7345,0.0000,0.1292,17.2369,0.0000,0.0313,16870.5964,0.0000,1.0618,16870.5957,25,0
32070.0000,3207,2012,2.7000,12,1000,1000,1,14435.1303,0.0000,0.9013,2422.9787,0.0000,0.1292,17.2315,0.0000,0.0313,16875.3405,0.0000,1.0617,16875.3398,25,0
32080.0000,3208,2005,2.7000,5,1000,1000,1,14438.8840,0.0000,0.9012,2422.2235,0.0000,0.1291,17.2261,0.0000,0.0313,16878.3336,0.0000,1.0616,16878.3340,24,0
32090.0000,3209,2008,2.7000,8,1000,1000,1,14443.8647,0.0000,0.9013,2421.4686,0.0000,0.1291,17.2208,0.0000,0.0313,16882.5541,0.0000,1.0617,16882.5547,25,0
32100.0000,3210,2009,2.7000,9,1000,1000,1,14448.7057,0.0000,0.9014,2420.7143,0.0000,0.1291,17.2154,0.0000,0.0312,16886.6354,0.0000,1.0617,16886.6348,25,0
32110.0000,3211,2013,2.7000,13,1000,1000,1,14453.3452,0.0000,0.9014,2419.9604,0.0000,0.1290,17.2100,0.0000,0.0312,16890.5156,0.0000,1.0617,16890.5156,25,0
32120.0000,3212,2012,2.7000,12,1000,1000,1,14457.1270,0.0000,0.9013,2419.2070,0.0000,0.1290,17.2047,0.0000,0.0312,16893.5386,0.0000,1.0616,16893.5391,25,0
32130.0000,3213,2015,2.7000,15,1000,1000,1,14462.2880,0.0000,0.9015,2418.4540,0.0000,0.1289,17.1993,0.0000,0.0312,16897.9414,0.0000,1.0616,16897.9414,25,0
32140.0000,3214,2014,2.7000,14,1000,1000,1,14466.6405,0.0000,0.9015,2417.7016,0.0000,0.1289,17.1940,0.0000,0.0312,16901.5361,0.0000,1.0616,16901.5352,25,0
32150.0000,3215,2012,2.7000,12,1000,1000,1,14470.8139,0.0000,0.9016,2416.9496,0.0000,0.1289,17.1886,0.0000,0.0312,16904.9521,0.0000,1.0617,16904.9512,25,0
32160.0000,3216,2007,2.7000,7,1000,1000,1,14473.9929,0.0000,0.9015,2416.1980,0.0000,0.1288,17.1833,0.0000,0.0312,16907.3742,0.0000,1.0615,16907.3750,25,0
32170.0000,3217,2016,2.7000,16,1000,1000,1,14480.0795,0.0000,0.9016,2415.4470,0.0000,0.1288,17.1779,0.0000,0.0312,16912.7044,0.0000,1.0616,16912.7051,25,0
32180.0000,3218,2013,2.7000,13,1000,1000,1,14484.6644,0.0000,0.9017,2414.6963,0.0000,0.1287,17.1726,0.0000,0.0312,16916.5333,0.0000,1.0616,16916.5332,25,0
32190.0000,3219,2014,2.7000,14,1000,1000,1,14488.8532,0.0000,0.9016,2413.9462,0.0000,0.1287,17.1673,0.0000,0.0312,16919.9667,0.0000,1.0615,16919.9668,25,0
32200.0000,3220,2014,2.7000,14,1000,1000,1,14493.8828,0.0000,0.9017,2413.1965,0.0000,0.1287,17.1619,0.0000,0.0311,16924.2413,0.0000,1.0615,16924.2422,25,0
32210.0000,3221,2013,2.7000,13,1000,1000,1,14496.2721,0.0000,0.9016,2412.4473,0.0000,0.1286,17.1566,0.0000,0.0311,16925.8761,0.0000,1.0614,16925.8770,25,0
32220.0000,3222,2009,2.7000,9,1000,1000,1,14501.3850,0.0000,0.9015,2411.6986,0.0000,0.1286,17.1513,0.0000,0.0311,16930.2349,0.0000,1.0612,16930.2344,25,0
32230.0000,3223,2003,2.7000,3,1000,1000,1,14507.1963,0.0000,0.9015,2410.9503,0.0000,0.1285,17.1460,0.0000,0.0311,16935.2926,0.0000,1.0611,16935.2930,24,0
32240.0000,3224,2002,2.7000,2,1000,1000,1,14511.8678,0.0000,0.9015,2410.2025,0.0000,0.1285,17.1406,0.0000,0.0311,16939.2109,0.0000,1.0611,16939.2109,24,0
32250.0000,3225,2002,2.7000,3,999,1000,1,14516.5259,0.0000,0.9015,2524.6588,0.0000,0.1285,17.1353,0.0000,0.0311,17058.3201,0.0000,1.0611,17058.3203,24,0
32260.0000,3226,2003,2.7000,3,1000,1000,1,14520.5113,0.0000,0.9015,2525.2580,0.0000,0.1285,17.1300,0.0000,0.0311,17062.8993,0.0000,1.0612,17062.8984,24,0
32270.0000,3227,2001,2.7000,1,1000,1000,1,14524.5959,0.0000,0.9015,2526.3383,0.0000,0.1286,17.1247,0.0000,0.0311,17068.0589,0.0000,1.0612,17068.0586,24,0
32280.0000,3228,2000,2.7000,2,998,1000,1,14529.7301,0.0000,0.9015,2526.7857,0.0000,0.1286,17.1194,0.0000,0.0311,17073.6352,0.0000,1.0612,17073.6348,24,0
32290.0000,3229,1995,2.7000,1,994,1000,1,14534.3030,0.0000,0.9015,2527.0678,0.0000,0.1287,17.1141,0.0000,0.0311,17078.4849,0.0000,1.0613,17078.4844,24,0
32300.0000,3230,2003,2.7000,3,1000,1000,1,14538.2198,0.0000,0.9015,2527.5347,0.0000,0.1289,17.1088,0.0000,0.0311,17082.8633,0.0000,1.0615,17082.8633,24,0
32310.0000,3231,2005,2.7000,5,1000,1000,1,14543.2952,0.0000,0.9016,2527.4224,0.0000,0.1289,17.1035,0.0000,0.0310,17087.8211,0.0000,1.0616,17087.8203,24,0
32320.0000,3232,2008,2.7000,8,1000,1000,1,14547.0231,0.0000,0.9017,2526.6404,0.0000,0.1289,17.0982,0.0000,0.0310,17090.7617,0.0000,1.0616,17090.7617,25,0
32330.0000,3233,2009,2.7000,9,1000,1000,1,14552.0880,0.0000,0.9017,2525.8588,0.0000,0.1289,17.0929,0.0000,0.0310,17095.0397,0.0000,1.0616,17095.0391,25,0
32340.0000,3234,2007,2.7000,7,1000,1000,1,14556.4963,0.0000,0.9018,2525.0778,0.0000,0.1288,17.0876,0.0000,0.0310,17098.6617,0.0000,1.0617,17098.6621,25,0
32350.0000,3235,2003,2.7000,3,1000,1000,1,14559.2623,0.0000,0.9017,2524.2973,0.0000,0.1288,17.0824,0.0000,0.0310,17100.6419,0.0000,1.0615,17100.6426,24,0
32360.0000,3236,2000,2.7000,1,999,1000,1,14565.5191,0.0000,0.9017,2530.7646,0.0000,0.1288,17.0771,0.0000,0.0310,17113.3609,0.0000,1.0614,17113.3613,24,0
32370.0000,3237,2007,2.7000,7,1000,1000,1,14570.1608,0.0000,0.9019,2530.1318,0.0000,0.1288,17.0718,0.0000,0.0310,17117.3644,0.0000,1.0616,17117.3652,25,0
32380.0000,3238,2009,2.7000,9,1000,1000,1,14575.0201,0.0000,0.9019,2529.3504,0.0000,0.1287,17.0665,0.0000,0.0310,17121.4370,0.0000,1.0616,17121.4375,25,0
32390.0000,3239,2008,2.7000,8,1000,1000,1,14577.3702,0.0000,0.9019,2528.5695,0.0000,0.1287,17.0613,0.0000,0.0310,17123.0009,0.0000,1.0615,17123.0000,25,0
32400.0000,3240,2011,2.7000,11,1000,1000,1,14584.2637,0.0000,0.9019,2527.7891,0.0000,0.1286,17.0560,0.0000,0.0310,17129.1088,0.0000,1.0615,17129.1094,25,0
32410.0000,3241,2008,2.7000,8,1000,1000,1,14586.8713,0.0000,0.9018,2527.0092,0.0000,0.1286,17.0507,0.0000,0.0309,17130.9312,0.0000,1.0613,17130.9316,25,0
32420.0000,3242,1999,2.7000,1,998,1000,1,14593.2955,0.0000,0.9016,2533.6719,0.0000,0.1287,17.0455,0.0000,0.0309,17144.0129,0.0000,1.0612,17144.0137,24,0
32430.0000,3243,2000,2.7000,1,999,1000,1,14597.4700,0.0000,0.9016,2533.8610,0.0000,0.1288,17.0402,0.0000,0.0309,17148.3712,0.0000,1.0613,17148.3711,24,0
32440.0000,3244,2003,2.7000,3,1000,1000,1,14601.3574,0.0000,0.9015,2534.5679,0.0000,0.1289,17.0350,0.0000,0.0309,17152.9603,0.0000,1.0613,17152.9609,24,0
32450.0000,3245,2001,2.7000,1,1000,1000,1,14605.6918,0.0000,0.9016,2535.4565,0.0000,0.1290,17.0297,0.0000,0.0309,17158.1780,0.0000,1.0615,17158.1777,24,0
32460.0000,3246,2000,2.7000,1,999,1000,1,14611.1436,0.0000,0.9016,2534.8884,0.0000,0.1290,17.0245,0.0000,0.0309,17163.0564,0.0000,1.0615,17163.0566,24,0
32470.0000,3247,1999,2.7000,0,999,1000,1,14613.7916,0.0000,0.9015,2536.1377,0.0000,0.1291,17.0192,0.0000,0.0309,17166.9486,0.0000,1.0615,17166.9492,24,0
32480.0000,3248,2003,2.7000,3,1000,1000,1,14620.3526,0.0000,0.9014,2536.5285,0.0000,0.1293,17.0140,0.0000,0.0309,17173.8950,0.0000,1.0616,17173.8945,24,0
32490.0000,3249,1999,2.7000,0,999,1000,1,14623.3216,0.0000,0.9014,2537.3069,0.0000,0.1293,17.0087,0.0000,0.0309,17177.6372,0.0000,1.0616,17177.6367,24,0
32500.0000,3250,2004,2.7000,4,1000,1000,1,14628.9953,0.0000,0.9015,2537.7678,0.0000,0.1293,17.0035,0.0000,0.0309,17183.7667,0.0000,1.0617,17183.7676,24,0
32510.0000,3251,2000,2.7000,1,999,1000,1,14633.8765,0.0000,0.9015,2538.3546,0.0000,0.1293,16.9983,0.0000,0.0309,17189.2293,0.0000,1.0617,17189.2285,24,0
32520.0000,3252,2003,2.7000,3,1000,1000,1,14638.4491,0.0000,0.9015,2538.3996,0.0000,0.1293,16.9931,0.0000,0.0308,17193.8418,0.0000,1.0617,17193.8418,24,0
32530.0000,3253,2003,2.7000,3,1000,1000,1,14642.7857,0.0000,0.9015,2537.6193,0.0000,0.1293,16.9878,0.0000,0.0308,17197.3929,0.0000,1.0616,17197.3926,24,0
32540.0000,3254,2002,2.7000,2,1000,1000,1,14647.1662,0.0000,0.9015,2536.8394,0.0000,0.1293,16.9826,0.0000,0.0308,17200.9883,0.0000,1.0616,17200.9883,24,0
32550.0000,3255,2002,2.7000,2,1000,1000,1,14651.1435,0.0000,0.9015,2536.0601,0.0000,0.1292,16.9774,0.0000,0.0308,17204.1810,0.0000,1.0615,17204.1816,24,0
32560.0000,3256,2003,2.7000,3,1000,1000,1,14655.6993,0.0000,0.9015,2540.7559,0.0000,0.1292,16.9722,0.0000,0.0308,17213.4273,0.0000,1.0615,17213.4277,24,0
32570.0000,3257,2000,2.7000,0,1000,1000,1,14660.1619,0.0000,0.9014,2541.0762,0.0000,0.1293,16.9670,0.0000,0.0308,17218.2051,0.0000,1.0615,17218.2051,24,0
32580.0000,3258,2003,2.7000,3,1000,1000,1,14665.4167,0.0000,0.9014,2541.1282,0.0000,0.1294,16.9618,0.0000,0.0308,17223.5067,0.0000,1.0616,17223.5059,24,0
32590.0000,3259,2006,2.7000,6,1000,1000,1,14669.8749,0.0000,0.9015,2540.3485,0.0000,0.1293,16.9566,0.0000,0.0308,17227.1799,0.0000,1.0616,17227.1797,25,0
32600.0000,3260,2004,2.7000,4,1000,1000,1,14672.8863,0.0000,0.9014,2539.5693,0.0000,0.1293,16.9514,0.0000,0.0308,17229.4069,0.0000,1.0615,17229.4062,24,0
32610.0000,3261,2008,2.7000,8,1000,1000,1,14677.8218,0.0000,0.9015,2538.7905,0.0000,0.1293,16.9462,0.0000,0.0308,17233.5584,0.0000,1.0615,17233.5586,25,0
32620.0000,3262,2016,2.7000,16,1000,1000,1,14683.2711,0.0000,0.9017,2538.0122,0.0000,0.1292,16.9410,0.0000,0.0307,17238.2243,0.0000,1.0616,17238.2246,25,0
32630.0000,3263,2014,2.7000,14,1000,1000,1,14685.4458,0.0000,0.9016,2537.2344,0.0000,0.1292,16.9358,0.0000,0.0307,17239.6159,0.0000,1.0615,17239.6152,25,0
32640.0000,3264,2015,2.7000,15,1000,1000,1,14691.0719,0.0000,0.9015,2536.4570,0.0000,0.1291,16.9306,0.0000,0.0307,17244.4595,0.0000,1.0614,17244.4590,25,0
32650.0000,3265,2019,2.7000,19,1000,1000,1,14696.9921,0.0000,0.9016,2535.6802,0.0000,0.1291,16.9254,0.0000,0.0307,17249.5977,0.0000,1.0614,17249.5977,25,0
32660.0000,3266,2021,2.7000,21,1000,1000,1,14700.8336,0.0000,0.9017,2534.9038,0.0000,0.1291,16.9202,0.0000,0.0307,17252.6576,0.0000,1.0615,17252.6582,26,0
32670.0000,3267,2018,2.7000,18,1000,1000,1,14705.1246,0.0000,0.9016,2534.1279,0.0000,0.1290,16.9150,0.0000,0.0307,17256.1675,0.0000,1.0613,17256.1680,25,0
32680.0000,3268,2028,2.7000,28,1000,1000,1,14709.7020,0.0000,0.9019,2533.3525,0.0000,0.1290,16.9099,0.0000,0.0307,17259.9643,0.0000,1.0616,17259.9648,26,0
32690.0000,3269,2023,2.7000,23,1000,1000,1,14713.1176,0.0000,0.9018,2532.5775,0.0000,0.1289,16.9047,0.0000,0.0307,17262.5998,0.0000,1.0614,17262.5996,26,0
32700.0000,3270,2022,2.7000,22,1000,1000,1,14718.9379,0.0000,0.9018,2531.8030,0.0000,0.1289,16.8995,0.0000,0.0307,17267.6404,0.0000,1.0614,17267.6406,26,0
32710.0000,3271,2020,2.7000,20,1000,1000,1,14723.3087,0.0000,0.9018,2531.0290,0.0000,0.1289,16.8944,0.0000,0.0307,17271.2320,0.0000,1.0613,17271.2324,25,0
32720.0000,3272,2012,2.7000,12,1000,1000,1,14726.3566,0.0000,0.9017,2530.2554,0.0000,0.1288,16.8892,0.0000,0.0307,17273.5013,0.0000,1.0612,17273.5020,25,0
32730.0000,3273,2020,2.7000,20,1000,1000,1,14733.0198,0.0000,0.9018,2529.4824,0.0000,0.1288,16.8840,0.0000,0.0306,17279.3862,0.0000,1.0612,17279.3867,25,0
32740.0000,3274,2022,2.7000,22,1000,1000,1,14737.2882,0.0000,0.9018,2528.7098,0.0000,0.1287,16.8789,0.0000,0.0306,17282.8768,0.0000,1.0612,17282.8770,26,0
32750.0000,3275,2019,2.7000,19,1000,1000,1,14742.0578,0.0000,0.9018,2527.9377,0.0000,0.1287,16.8737,0.0000,0.0306,17286.8692,0.0000,1.0611,17286.8691,25,0
32760.0000,3276,2012,2.7000,12,1000,1000,1,14744.9355,0.0000,0.9018,2527.1660,0.0000,0.1287,16.8686,0.0000,0.0306,17288.9700,0.0000,1.0611,17288.9707,25,0
32770.0000,3277,2009,2.7000,9,1000,1000,1,14749.6778,0.0000,0.9017,2526.3948,0.0000,0.1286,16.8634,0.0000,0.0306,17292.9361,0.0000,1.0610,17292.9355,25,0
32780.0000,3278,2010,2.7000,10,1000,1000,1,14755.6614,0.0000,0.9019,2525.6241,0.0000,0.1286,16.8583,0.0000,0.0306,17298.1438,0.0000,1.0610,17298.1445,25,0
32790.0000,3279,2007,2.7000,7,1000,1000,1,14758.5991,0.0000,0.9017,2524.8539,0.0000,0.1285,16.8531,0.0000,0.0306,17300.3061,0.0000,1.0609,17300.3066,25,0
32800.0000,3280,2012,2.7000,12,1000,1000,1,14763.6953,0.0000,0.9019,2524.0841,0.0000,0.1285,16.8480,0.0000,0.0306,17304.6274,0.0000,1.0610,17304.6270,25,0
32810.0000,3281,2019,2.7000,19,1000,1000,1,14769.1225,0.0000,0.9020,2523.3148,0.0000,0.1285,16.8429,0.0000,0.0306,17309.2801,0.0000,1.0610,17309.2793,25,0
32820.0000,3282,2022,2.7000,22,1000,1000,1,14773.8567,0.0000,0.9020,2522.5460,0.0000,0.1284,16.8377,0.0000,0.0306,17313.2403,0.0000,1.0610,17313.2402,26,0
32830.0000,3283,2032,2.7000,32,1000,1000,1,14777.4995,0.0000,0.9021,2521.7776,0.0000,0.1284,16.8326,0.0000,0.0306,17316.1097,0.0000,1.0611,17316.1094,26,0
32840.0000,3284,2036,2.7000,36,1000,1000,1,14782.2042,0.0000,0.9022,2521.0097,0.0000,0.1283,16.8275,0.0000,0.0305,17320.0414,0.0000,1.0611,17320.0410,26,0
32850.0000,3285,2034,2.7000,34,1000,1000,1,14783.8434,0.0000,0.9022,2520.2423,0.0000,0.1283,16.8224,0.0000,0.0305,17320.9080,0.0000,1.0610,17320.9082,26,0
32860.0000,3286,2035,2.7000,35,1000,1000,1,14787.3421,0.0000,0.9020,2519.4753,0.0000,0.1283,16.8172,0.0000,0.0305,17323.6347,0.0000,1.0608,17323.6348,26,0
32870.0000,3287,2029,2.7000,29,1000,1000,1,14795.4963,0.0000,0.9020,2518.7088,0.0000,0.1282,16.8121,0.0000,0.0305,17331.0172,0.0000,1.0607,17331.0176,26,0
32880.0000,3288,2030,2.7000,30,1000,1000,1,14800.8727,0.0000,0.9019,2517.9428,0.0000,0.1282,16.8070,0.0000,0.0305,17335.6224,0.0000,1.0606,17335.6230,26,0
32890.0000,3289,2024,2.7000,24,1000,1000,1,14804.3636,0.0000,0.9019,2517.1772,0.0000,0.1282,16.8019,0.0000,0.0305,17338.3427,0.0000,1.0606,17338.3418,26,0
32900.0000,3290,2018,2.7000,18,1000,1000,1,14809.7648,0.0000,0.9019,2516.4121,0.0000,0.1281,16.7968,0.0000,0.0305,17342.9736,0.0000,1.0605,17342.9746,25,0
32910.0000,3291,2010,2.7000,10,1000,1000,1,14814.1475,0.0000,0.9018,2515.6475,0.0000,0.1281,16.7917,0.0000,0.0305,17346.5867,0.0000,1.0604,17346.5859,25,0
32920.0000,3292,2012,2.7000,12,1000,1000,1,14818.8581,0.0000,0.9019,2514.8833,0.0000,0.1280,16.7866,0.0000,0.0305,17350.5280,0.0000,1.0604,17350.5273,25,0
32930.0000,3293,2011,2.7000,11,1000,1000,1,14821.9304,0.0000,0.9020,2514.1196,0.0000,0.1280,16.7815,0.0000,0.0305,17352.8315,0.0000,1.0605,17352.8320,25,0
32940.0000,3294,2023,2.7000,23,1000,1000,1,14826.1652,0.0000,0.9022,2513.3563,0.0000,0.1280,16.7764,0.0000,0.0304,17356.2979,0.0000,1.0607,17356.2988,26,0
32950.0000,3295,2017,2.7000,17,1000,1000,1,14831.6656,0.0000,0.9022,2512.5936,0.0000,0.1279,16.7713,0.0000,0.0304,17361.0305,0.0000,1.0605,17361.0312,25,0
32960.0000,3296,2018,2.7000,18,1000,1000,1,14836.6019,0.0000,0.9023,2511.8313,0.0000,0.1279,16.7662,0.0000,0.0304,17365.1993,0.0000,1.0606,17365.1992,25,0
32970.0000,3297,2017,2.7000,17,1000,1000,1,14841.6552,0.0000,0.9023,2511.0694,0.0000,0.1278,16.7611,0.0000,0.0304,17369.4857,0.0000,1.0605,17369.4863,25,0
32980.0000,3298,2018,2.7000,18,1000,1000,1,14844.4394,0.0000,0.9023,2510.3080,0.0000,0.1278,16.7560,0.0000,0.0304,17371.5035,0.0000,1.0606,17371.5039,25,0
32990.0000,3299,2015,2.7000,15,1000,1000,1,14849.2280,0.0000,0.9023,2509.5471,0.0000,0.1278,16.7510,0.0000,0.0304,17375.5260,0.0000,1.0604,17375.5254,25,0
33000.0000,3300,2015,2.7000,15,1000,1000,1,14853.9811,0.0000,0.9023,2508.7866,0.0000,0.1277,16.7459,0.0000,0.0304,17379.5136,0.0000,1.0604,17379.5137,25,0
33010.0000,3301,2015,2.7000,15,1000,1000,1,14857.6111,0.0000,0.9022,2508.0266,0.0000,0.1277,16.7408,0.0000,0.0304,17382.3786,0.0000,1.0603,17382.3789,25,0
33020.0000,3302,2025,2.7000,25,1000,1000,1,14863.9572,0.0000,0.9023,2507.2671,0.0000,0.1276,16.7357,0.0000,0.0304,17387.9600,0.0000,1.0604,17387.9609,26,0
33030.0000,3303,2024,2.7000,24,1000,1000,1,14868.7207,0.0000,0.9023,2506.5080,0.0000,0.1276,16.7307,0.0000,0.0304,17391.9593,0.0000,1.0603,17391.9590,26,0
33040.0000,3304,2021,2.7000,21,1000,1000,1,14871.0762,0.0000,0.9023,2505.7493,0.0000,0.1276,16.7256,0.0000,0.0304,17393.5511,0.0000,1.0602,17393.5508,26,0
33050.0000,3305,2015,2.7000,15,1000,1000,1,14877.0552,0.0000,0.9023,2504.9912,0.0000,0.1275,16.7206,0.0000,0.0303,17398.7669,0.0000,1.0602,17398.7676,25,0
33060.0000,3306,2016,2.7000,16,1000,1000,1,14881.6775,0.0000,0.9023,2504.2335,0.0000,0.1275,16.7155,0.0000,0.0303,17402.6265,0.0000,1.0601,17402.6270,25,0
33070.0000,3307,2011,2.7000,11,1000,1000,1,14886.8775,0.0000,0.9023,2503.4762,0.0000,0.1275,16.7104,0.0000,0.0303,17407.0642,0.0000,1.0601,17407.0645,25,0
33080.0000,3308,2019,2.7000,19,1000,1000,1,14891.1485,0.0000,0.9025,2502.7194,0.0000,0.1274,16.7054,0.0000,0.0303,17410.5733,0.0000,1.0603,17410.5742,25,0
33090.0000,3309,2015,2.7000,15,1000,1000,1,14895.1444,0.0000,0.9024,2501.9631,0.0000,0.1274,16.7003,0.0000,0.0303,17413.8079,0.0000,1.0601,17413.8086,25,0
33100.0000,3310,2016,2.7000,16,1000,1000,1,14899.9223,0.0000,0.9024,2501.2072,0.0000,0.1273,16.6953,0.0000,0.0303,17417.8248,0.0000,1.0600,17417.8242,25,0
33110.0000,3311,2004,2.7000,4,1000,1000,1,14903.4038,0.0000,0.9024,2500.4518,0.0000,0.1273,16.6903,0.0000,0.0303,17420.5458,0.0000,1.0600,17420.5449,24,0
33120.0000,3312,2002,2.7000,2,1000,1000,1,14908.8834,0.0000,0.9023,2499.6968,0.0000,0.1273,16.6852,0.0000,0.0303,17425.2654,0.0000,1.0599,17425.2656,24,0
33130.0000,3313,2000,2.7000,0,1000,1000,1,14910.2176,0.0000,0.9023,2569.7724,0.0000,0.1273,16.6802,0.0000,0.0303,17496.6702,0.0000,1.0598,17496.6699,24,0
33140.0000,3314,2004,2.7000,4,1000,1000,1,14918.3129,0.0000,0.9024,2569.3545,0.0000,0.1272,16.6751,0.0000,0.0303,17504.3426,0.0000,1.0599,17504.3418,24,0
33150.0000,3315,2001,2.7000,1,1000,1000,1,14922.5094,0.0000,0.9023,2568.5795,0.0000,0.1272,16.6701,0.0000,0.0303,17507.7590,0.0000,1.0597,17507.7598,24,0
33160.0000,3316,2003,2.7000,3,1000,1000,1,14927.1578,0.0000,0.9023,2570.8234,0.0000,0.1272,16.6651,0.0000,0.0302,17514.6463,0.0000,1.0598,17514.6465,24,0
33170.0000,3317,2004,2.7000,4,1000,1000,1,14932.1238,0.0000,0.9024,2570.0483,0.0000,0.1272,16.6601,0.0000,0.0302,17518.8322,0.0000,1.0598,17518.8320,24,0
33180.0000,3318,2004,2.7000,4,1000,1000,1,14936.6468,0.0000,0.9025,2569.2737,0.0000,0.1272,16.6550,0.0000,0.0302,17522.5756,0.0000,1.0599,17522.5762,24,0
33190.0000,3319,2003,2.7000,3,1000,1000,1,14940.0748,0.0000,0.9024,2572.3227,0.0000,0.1272,16.6500,0.0000,0.0302,17529.0476,0.0000,1.0598,17529.0469,24,0
33200.0000,3320,2002,2.7000,2,1000,1000,1,14945.6606,0.0000,0.9023,2573.3439,0.0000,0.1272,16.6450,0.0000,0.0302,17535.6495,0.0000,1.0598,17535.6504,24,0
33210.0000,3321,2008,2.7000,8,1000,1000,1,14949.8278,0.0000,0.9026,2573.4692,0.0000,0.1272,16.6400,0.0000,0.0302,17539.9370,0.0000,1.0600,17539.9375,25,0
33220.0000,3322,2010,2.7000,10,1000,1000,1,14953.8169,0.0000,0.9026,2572.6945,0.0000,0.1272,16.6350,0.0000,0.0302,17543.1464,0.0000,1.0599,17543.1465,25,0
33230.0000,3323,2009,2.7000,9,1000,1000,1,14959.2619,0.0000,0.9026,2571.9203,0.0000,0.1271,16.6300,0.0000,0.0302,17547.8121,0.0000,1.0599,17547.8125,25,0
33240.0000,3324,2008,2.7000,8,1000,1000,1,14963.0813,0.0000,0.9026,2571.1465,0.0000,0.1271,16.6250,0.0000,0.0302,17550.8528,0.0000,1.0599,17550.8535,25,0
33250.0000,3325,2011,2.7000,11,1000,1000,1,14968.2877,0.0000,0.9026,2570.3733,0.0000,0.1271,16.6200,0.0000,0.0302,17555.2809,0.0000,1.0598,17555.2812,25,0
33260.0000,3326,2012,2.7000,12,1000,1000,1,14972.3574,0.0000,0.9025,2569.6004,0.0000,0.1270,16.6150,0.0000,0.0302,17558.5728,0.0000,1.0597,17558.5723,25,0
33270.0000,3327,2010,2.7000,10,1000,1000,1,14977.1671,0.0000,0.9025,2568.8281,0.0000,0.1270,16.6100,0.0000,0.0301,17562.6052,0.0000,1.0596,17562.6055,25,0
33280.0000,3328,2002,2.7000,2,1000,1000,1,14981.6715,0.0000,0.9023,2568.0562,0.0000,0.1270,16.6050,0.0000,0.0301,17566.3327,0.0000,1.0594,17566.3320,24,0
33290.0000,3329,2003,2.7000,3,1000,1000,1,14986.0895,0.0000,0.9023,2577.3948,0.0000,0.1270,16.6000,0.0000,0.0301,17580.0843,0.0000,1.0594,17580.0840,24,0
33300.0000,3330,2004,2.7000,4,1000,1000,1,14990.6243,0.0000,0.9024,2576.6208,0.0000,0.1270,16.5950,0.0000,0.0301,17583.8401,0.0000,1.0595,17583.8398,24,0
33310.0000,3331,2003,2.7000,4,999,1000,1,14995.2480,0.0000,0.9025,2578.8147,0.0000,0.1270,16.5900,0.0000,0.0301,17590.6527,0.0000,1.0596,17590.6523,24,0
33320.0000,3332,2006,2.7000,6,1000,1000,1,14999.7403,0.0000,0.9026,2578.1500,0.0000,0.1270,16.5851,0.0000,0.0301,17594.4753,0.0000,1.0597,17594.4746,25,0
33330.0000,3333,2004,2.7000,4,1000,1000,1,15003.8281,0.0000,0.9026,2577.3764,0.0000,0.1269,16.5801,0.0000,0.0301,17597.7846,0.0000,1.0596,17597.7852,24,0
33340.0000,3334,1997,2.7000,1,996,1000,1,15008.1764,0.0000,0.9025,2580.3038,0.0000,0.1270,16.5751,0.0000,0.0301,17605.0553,0.0000,1.0596,17605.0547,24,0
33350.0000,3335,2005,2.7000,5,1000,1000,1,15013.0041,0.0000,0.9025,2580.0151,0.0000,0.1271,16.5701,0.0000,0.0301,17609.5893,0.0000,1.0596,17609.5898,24,0
33360.0000,3336,2003,2.7000,3,1000,1000,1,15016.4297,0.0000,0.9025,2581.1523,0.0000,0.1271,16.5652,0.0000,0.0301,17614.1471,0.0000,1.0597,17614.1465,24,0
33370.0000,3337,2004,2.7000,4,1000,1000,1,15022.5698,0.0000,0.9027,2580.3788,0.0000,0.1270,16.5602,0.0000,0.0301,17619.5088,0.0000,1.0598,17619.5078,24,0
33380.0000,3338,2007,2.7000,7,1000,1000,1,15027.1171,0.0000,0.9027,2579.6058,0.0000,0.1270,16.5553,0.0000,0.0300,17623.2781,0.0000,1.0597,17623.2773,25,0
33390.0000,3339,2008,2.7000,8,1000,1000,1,15031.5492,0.0000,0.9027,2578.8332,0.0000,0.1270,16.5503,0.0000,0.0300,17626.9327,0.0000,1.0597,17626.9336,25,0
33400.0000,3340,2010,2.7000,10,1000,1000,1,15035.7907,0.0000,0.9028,2578.0611,0.0000,0.1269,16.5453,0.0000,0.0300,17630.3971,0.0000,1.0597,17630.3965,25,0
33410.0000,3341,2011,2.7000,11,1000,1000,1,15040.5869,0.0000,0.9029,2577.2894,0.0000,0.1269,16.5404,0.0000,0.0300,17634.4167,0.0000,1.0598,17634.4160,25,0
33420.0000,3342,2007,2.7000,7,1000,1000,1,15044.7994,0.0000,0.9028,2576.5183,0.0000,0.1268,16.5354,0.0000,0.0300,17637.8531,0.0000,1.0597,17637.8535,25,0
33430.0000,3343,2015,2.7000,15,1000,1000,1,15049.0509,0.0000,0.9030,2575.7475,0.0000,0.1268,16.5305,0.0000,0.0300,17641.3290,0.0000,1.0598,17641.3281,25,0
33440.0000,3344,2013,2.7000,13,1000,1000,1,15053.8673,0.0000,0.9031,2574.9773,0.0000,0.1268,16.5255,0.0000,0.0300,17645.3701,0.0000,1.0598,17645.3691,25,0
33450.0000,3345,2009,2.7000,9,1000,1000,1,15057.2434,0.0000,0.9031,2574.2075,0.0000,0.1267,16.5206,0.0000,0.0300,17647.9715,0.0000,1.0599,17647.9707,25,0
33460.0000,3346,2000,2.7000,0,1000,1000,1,15061.7348,0.0000,0.9030,2573.4381,0.0000,0.1267,16.5157,0.0000,0.0300,17651.6886,0.0000,1.0597,17651.6895,24,0
33470.0000,3347,2002,2.7000,2,1000,1000,1,15067.6649,0.0000,0.9030,2572.6693,0.0000,0.1267,16.5107,0.0000,0.0300,17656.8449,0.0000,1.0596,17656.8457,24,0
33480.0000,3348,2000,2.7000,1,999,1000,1,15071.9540,0.0000,0.9029,2587.2075,0.0000,0.1267,16.5058,0.0000,0.0300,17675.6673,0.0000,1.0596,17675.6680,24,0
33490.0000,3349,1998,2.7000,1,997,1000,1,15075.8944,0.0000,0.9029,2587.3750,0.0000,0.1269,16.5009,0.0000,0.0299,17679.7703,0.0000,1.0597,17679.7695,24,0
33500.0000,3350,2001,2.7000,3,998,1000,1,15081.4165,0.0000,0.9030,2588.1728,0.0000,0.1270,16.4959,0.0000,0.0299,17686.0852,0.0000,1.0599,17686.0859,24,0
33510.0000,3351,2004,2.7000,4,1000,1000,1,15085.7897,0.0000,0.9030,2588.4895,0.0000,0.1271,16.4910,0.0000,0.0299,17690.7702,0.0000,1.0600,17690.7695,24,0
33520.0000,3352,2002,2.7000,2,1000,1000,1,15090.3132,0.0000,0.9030,2587.7173,0.0000,0.1271,16.4861,0.0000,0.0299,17694.5166,0.0000,1.0599,17694.5156,24,0
33530.0000,3353,2001,2.7000,4,997,1000,1,15095.0177,0.0000,0.9029,2589.5516,0.0000,0.1271,16.4812,0.0000,0.0299,17701.0505,0.0000,1.0600,17701.0508,24,0
33540.0000,3354,2007,2.7000,7,1000,1000,1,15099.1725,0.0000,0.9029,2589.3782,0.0000,0.1272,16.4763,0.0000,0.0299,17705.0270,0.0000,1.0600,17705.0273,25,0
33550.0000,3355,2008,2.7000,8,1000,1000,1,15102.1680,0.0000,0.9029,2588.6064,0.0000,0.1272,16.4714,0.0000,0.0299,17707.2458,0.0000,1.0600,17707.2461,25,0
33560.0000,3356,2006,2.7000,6,1000,1000,1,15107.7983,0.0000,0.9031,2587.8351,0.0000,0.1271,16.4665,0.0000,0.0299,17712.0998,0.0000,1.0601,17712.0996,25,0
33570.0000,3357,2006,2.7000,6,1000,1000,1,15112.9018,0.0000,0.9030,2587.0642,0.0000,0.1271,16.4616,0.0000,0.0299,17716.4275,0.0000,1.0600,17716.4277,25,0
33580.0000,3358,2007,2.7000,7,1000,1000,1,15117.1848,0.0000,0.9030,2586.2938,0.0000,0.1270,16.4566,0.0000,0.0299,17719.9352,0.0000,1.0599,17719.9355,25,0
33590.0000,3359,2009,2.7000,9,1000,1000,1,15121.9158,0.0000,0.9032,2585.5238,0.0000,0.1270,16.4517,0.0000,0.0299,17723.8913,0.0000,1.0601,17723.8906,25,0
33600.0000,3360,2011,2.7000,11,1000,1000,1,15126.0950,0.0000,0.9033,2584.7543,0.0000,0.1270,16.4469,0.0000,0.0299,17727.2961,0.0000,1.0601,17727.2969,25,0
33610.0000,3361,2008,2.7000,8,1000,1000,1,15130.5095,0.0000,0.9034,2583.9853,0.0000,0.1269,16.4420,0.0000,0.0298,17730.9367,0.0000,1.0601,17730.9375,25,0
33620.0000,3362,2015,2.7000,15,1000,1000,1,15135.7976,0.0000,0.9035,2583.2167,0.0000,0.1269,16.4371,0.0000,0.0298,17735.4513,0.0000,1.0602,17735.4512,25,0
33630.0000,3363,2022,2.7000,22,1000,1000,1,15140.0439,0.0000,0.9035,2582.4485,0.0000,0.1269,16.4322,0.0000,0.0298,17738.9247,0.0000,1.0602,17738.9238,26,0
33640.0000,3364,2027,2.7000,27,1000,1000,1,15144.8627,0.0000,0.9036,2581.6809,0.0000,0.1268,16.4273,0.0000,0.0298,17742.9708,0.0000,1.0602,17742.9707,26,0
33650.0000,3365,2027,2.7000,27,1000,1000,1,15147.4854,0.0000,0.9036,2580.9136,0.0000,0.1268,16.4224,0.0000,0.0298,17744.8215,0.0000,1.0601,17744.8223,26,0
33660.0000,3366,2024,2.7000,24,1000,1000,1,15153.4888,0.0000,0.9035,2580.1469,0.0000,0.1267,16.4175,0.0000,0.0298,17750.0532,0.0000,1.0600,17750.0527,26,0
33670.0000,3367,2016,2.7000,16,1000,1000,1,15158.2679,0.0000,0.9034,2579.3806,0.0000,0.1267,16.4127,0.0000,0.0298,17754.0612,0.0000,1.0599,17754.0605,25,0
33680.0000,3368,2016,2.7000,16,1000,1000,1,15162.3877,0.0000,0.9035,2578.6147,0.0000,0.1267,16.4078,0.0000,0.0298,17757.4102,0.0000,1.0599,17757.4102,25,0
33690.0000,3369,2018,2.7000,18,1000,1000,1,15166.7189,0.0000,0.9035,2577.8493,0.0000,0.1266,16.4029,0.0000,0.0298,17760.9712,0.0000,1.0599,17760.9707,25,0
33700.0000,3370,2016,2.7000,16,1000,1000,1,15170.9318,0.0000,0.9034,2577.0844,0.0000,0.1266,16.3980,0.0000,0.0298,17764.4143,0.0000,1.0597,17764.4141,25,0
33710.0000,3371,2020,2.7000,20,1000,1000,1,15175.7556,0.0000,0.9034,2576.3199,0.0000,0.1265,16.3932,0.0000,0.0298,17768.4687,0.0000,1.0597,17768.4688,25,0
33720.0000,3372,2020,2.7000,20,1000,1000,1,15179.8317,0.0000,0.9033,2575.5559,0.0000,0.1265,16.3883,0.0000,0.0297,17771.7759,0.0000,1.0596,17771.7754,25,0
33730.0000,3373,2017,2.7000,17,1000,1000,1,15185.3807,0.0000,0.9033,2574.7923,0.0000,0.1265,16.3835,0.0000,0.0297,17776.5564,0.0000,1.0595,17776.5566,25,0
33740.0000,3374,2015,2.7000,15,1000,1000,1,15185.2999,0.0000,0.9032,2574.0292,0.0000,0.1264,16.3786,0.0000,0.0297,17775.7077,0.0000,1.0594,17775.7070,25,0
33750.0000,3375,2014,2.7000,14,1000,1000,1,15193.7128,0.0000,0.9031,2573.2665,0.0000,0.1264,16.3738,0.0000,0.0297,17783.3530,0.0000,1.0592,17783.3535,25,0
33760.0000,3376,2016,2.7000,16,1000,1000,1,15198.8321,0.0000,0.9031,2572.5043,0.0000,0.1264,16.3689,0.0000,0.0297,17787.7052,0.0000,1.0592,17787.7051,25,0
33770.0000,3377,2014,2.7000,14,1000,1000,1,15202.9502,0.0000,0.9030,2571.7425,0.0000,0.1263,16.3641,0.0000,0.0297,17791.0568,0.0000,1.0590,17791.0566,25,0
33780.0000,3378,2014,2.7000,14,1000,1000,1,15205.7250,0.0000,0.9030,2570.9812,0.0000,0.1263,16.3592,0.0000,0.0297,17793.0654,0.0000,1.0590,17793.0645,25,0
33790.0000,3379,2012,2.7000,12,1000,1000,1,15212.5418,0.0000,0.9030,2570.2203,0.0000,0.1263,16.3544,0.0000,0.0297,17799.1165,0.0000,1.0589,17799.1172,25,0
33800.0000,3380,2013,2.7000,13,1000,1000,1,15216.8668,0.0000,0.9031,2569.4599,0.0000,0.1262,16.3495,0.0000,0.0297,17802.6762,0.0000,1.0590,17802.6758,25,0
33810.0000,3381,2016,2.7000,16,1000,1000,1,15221.2818,0.0000,0.9031,2568.6999,0.0000,0.1262,16.3447,0.0000,0.0297,17806.3264,0.0000,1.0589,17806.3262,25,0
33820.0000,3382,2018,2.7000,18,1000,1000,1,15226.1069,0.0000,0.9033,2567.9404,0.0000,0.1261,16.3399,0.0000,0.0297,17810.3872,0.0000,1.0590,17810.3867,25,0
33830.0000,3383,2018,2.7000,18,1000,1000,1,15229.2023,0.0000,0.9032,2567.1813,0.0000,0.1261,16.3350,0.0000,0.0296,17812.7187,0.0000,1.0590,17812.7188,25,0
33840.0000,3384,2022,2.7000,22,1000,1000,1,15234.9207,0.0000,0.9033,2566.4227,0.0000,0.1261,16.3302,0.0000,0.0296,17817.6736,0.0000,1.0590,17817.6738,26,0
33850.0000,3385,2024,2.7000,24,1000,1000,1,15239.8463,0.0000,0.9033,2565.6645,0.0000,0.1260,16.3254,0.0000,0.0296,17821.8362,0.0000,1.0590,17821.8359,26,0
33860.0000,3386,2021,2.7000,21,1000,1000,1,15244.2458,0.0000,0.9033,2564.9068,0.0000,0.1260,16.3206,0.0000,0.0296,17825.4732,0.0000,1.0589,17825.4727,26,0
33870.0000,3387,2026,2.7000,26,1000,1000,1,15248.6280,0.0000,0.9034,2564.1495,0.0000,0.1260,16.3157,0.0000,0.0296,17829.0933,0.0000,1.0590,17829.0938,26,0
33880.0000,3388,2025,2.7000,25,1000,1000,1,15253.1940,0.0000,0.9034,2563.3927,0.0000,0.1259,16.3109,0.0000,0.0296,17832.8976,0.0000,1.0589,17832.8984,26,0
33890.0000,3389,2023,2.7000,23,1000,1000,1,15256.4670,0.0000,0.9033,2562.6363,0.0000,0.1259,16.3061,0.0000,0.0296,17835.4094,0.0000,1.0588,17835.4102,26,0
33900.0000,3390,2021,2.7000,21,1000,1000,1,15261.7799,0.0000,0.9033,2561.8804,0.0000,0.1258,16.3013,0.0000,0.0296,17839.9616,0.0000,1.0587,17839.9609,26,0
33910.0000,3391,2018,2.7000,18,1000,1000,1,15266.3692,0.0000,0.9032,2561.1249,0.0000,0.1258,16.2965,0.0000,0.0296,17843.7906,0.0000,1.0586,17843.7910,25,0
33920.0000,3392,2011,2.7000,11,1000,1000,1,15270.7281,0.0000,0.9032,2560.3698,0.0000,0.1258,16.2917,0.0000,0.0296,17847.3896,0.0000,1.0585,17847.3887,25,0
33930.0000,3393,2011,2.7000,11,1000,1000,1,15275.4651,0.0000,0.9032,2559.6152,0.0000,0.1257,16.2869,0.0000,0.0296,17851.3672,0.0000,1.0584,17851.3672,25,0
33940.0000,3394,2012,2.7000,12,1000,1000,1,15280.5355,0.0000,0.9032,2558.8611,0.0000,0.1257,16.2821,0.0000,0.0296,17855.6787,0.0000,1.0585,17855.6777,25,0
33950.0000,3395,2017,2.7000,17,1000,1000,1,15285.1199,0.0000,0.9033,2558.1073,0.0000,0.1257,16.2773,0.0000,0.0295,17859.5045,0.0000,1.0585,17859.5039,25,0
33960.0000,3396,2014,2.7000,14,1000,1000,1,15287.9466,0.0000,0.9033,2557.3541,0.0000,0.1256,16.2725,0.0000,0.0295,17861.5731,0.0000,1.0585,17861.5723,25,0
33970.0000,3397,2006,2.7000,6,1000,1000,1,15293.6788,0.0000,0.9033,2556.6012,0.0000,0.1256,16.2677,0.0000,0.0295,17866.5478,0.0000,1.0584,17866.5469,25,0
33980.0000,3398,2009,2.7000,9,1000,1000,1,15297.4842,0.0000,0.9034,2555.8489,0.0000,0.1255,16.2629,0.0000,0.0295,17869.5960,0.0000,1.0584,17869.5957,25,0
33990.0000,3399,2006,2.7000,6,1000,1000,1,15303.2009,0.0000,0.9034,2555.0969,0.0000,0.1255,16.2581,0.0000,0.0295,17874.5560,0.0000,1.0584,17874.5566,25,0
34000.0000,3400,2007,2.7000,7,1000,1000,1,15307.5458,0.0000,0.9034,2554.3454,0.0000,0.1255,16.2534,0.0000,0.0295,17878.1446,0.0000,1.0584,17878.1445,25,0
34010.0000,3401,2007,2.7000,7,1000,1000,1,15311.1169,0.0000,0.9034,2553.5944,0.0000,0.1254,16.2486,0.0000,0.0295,17880.9598,0.0000,1.0583,17880.9590,25,0
34020.0000,3402,2004,2.7000,4,1000,1000,1,15316.1219,0.0000,0.9034,2552.8437,0.0000,0.1254,16.2438,0.0000,0.0295,17885.2095,0.0000,1.0583,17885.2090,24,0
34030.0000,3403,1998,2.7000,2,996,1000,1,15320.5738,0.0000,0.9033,2614.1613,0.0000,0.1254,16.2390,0.0000,0.0295,17950.9741,0.0000,1.0583,17950.9746,24,0
34040.0000,3404,1995,2.7000,0,995,1000,1,15323.9131,0.0000,0.9031,2614.8270,0.0000,0.1257,16.2343,0.0000,0.0295,17954.9744,0.0000,1.0583,17954.9746,24,0
34050.0000,3405,2007,2.7000,7,1000,1000,1,15329.4315,0.0000,0.9032,2614.6790,0.0000,0.1258,16.2295,0.0000,0.0295,17960.3400,0.0000,1.0584,17960.3398,25,0
34060.0000,3406,2004,2.7000,4,1000,1000,1,15331.4517,0.0000,0.9031,2613.9113,0.0000,0.1258,16.2247,0.0000,0.0294,17961.5877,0.0000,1.0583,17961.5879,24,0
34070.0000,3407,2007,2.7000,7,1000,1000,1,15338.9214,0.0000,0.9031,2613.1441,0.0000,0.1257,16.2200,0.0000,0.0294,17968.2854,0.0000,1.0583,17968.2852,25,0
34080.0000,3408,2007,2.7000,7,1000,1000,1,15343.0461,0.0000,0.9031,2612.3773,0.0000,0.1257,16.2152,0.0000,0.0294,17971.6386,0.0000,1.0582,17971.6387,25,0
34090.0000,3409,2006,2.7000,6,1000,1000,1,15348.0134,0.0000,0.9031,2611.6110,0.0000,0.1257,16.2105,0.0000,0.0294,17975.8349,0.0000,1.0582,17975.8340,25,0
34100.0000,3410,2004,2.7000,4,1000,1000,1,15352.8174,0.0000,0.9031,2610.8451,0.0000,0.1256,16.2057,0.0000,0.0294,17979.8682,0.0000,1.0582,17979.8691,24,0
34110.0000,3411,2005,2.7000,5,1000,1000,1,15356.3127,0.0000,0.9032,2610.0797,0.0000,0.1256,16.2009,0.0000,0.0294,17982.5933,0.0000,1.0582,17982.5938,24,0
34120.0000,3412,2001,2.7000,1,1000,1000,1,15361.1206,0.0000,0.9031,2618.4478,0.0000,0.1256,16.1962,0.0000,0.0294,17995.7646,0.0000,1.0581,17995.7637,24,0
34130.0000,3413,2004,2.7000,4,1000,1000,1,15364.0974,0.0000,0.9031,2618.7709,0.0000,0.1256,16.1915,0.0000,0.0294,17999.0597,0.0000,1.0581,17999.0605,24,0
34140.0000,3414,2005,2.7000,5,1000,1000,1,15370.1164,0.0000,0.9031,2618.0038,0.0000,0.1256,16.1867,0.0000,0.0294,18004.3069,0.0000,1.0581,18004.3066,24,0
34150.0000,3415,2015,2.7000,15,1000,1000,1,15375.5407,0.0000,0.9033,2617.2372,0.0000,0.1256,16.1820,0.0000,0.0294,18008.9598,0.0000,1.0582,18008.9590,25,0
34160.0000,3416,2007,2.7000,7,1000,1000,1,15380.3988,0.0000,0.9032,2616.4710,0.0000,0.1255,16.1772,0.0000,0.0294,18013.0470,0.0000,1.0581,18013.0469,25,0
34170.0000,3417,2007,2.7000,7,1000,1000,1,15383.6402,0.0000,0.9033,2615.7053,0.0000,0.1255,16.1725,0.0000,0.0294,18015.5180,0.0000,1.0582,18015.5176,25,0
34180.0000,3418,2006,2.7000,6,1000,1000,1,15388.9817,0.0000,0.9034,2614.9400,0.0000,0.1255,16.1678,0.0000,0.0293,18020.0894,0.0000,1.0582,18020.0898,25,0
34190.0000,3419,2003,2.7000,3,1000,1000,1,15393.0286,0.0000,0.9034,2614.1752,0.0000,0.1254,16.1630,0.0000,0.0293,18023.3668,0.0000,1.0582,18023.3672,24,0
34200.0000,3420,2003,2.7000,3,1000,1000,1,15398.1197,0.0000,0.9034,2622.6541,0.0000,0.1255,16.1583,0.0000,0.0293,18036.9321,0.0000,1.0582,18036.9316,24,0
34210.0000,3421,1998,2.7000,3,995,1000,1,15402.7061,0.0000,0.9034,2623.0791,0.0000,0.1255,16.1536,0.0000,0.0293,18041.9388,0.0000,1.0583,18041.9395,24,0
34220.0000,3422,2005,2.7000,5,1000,1000,1,15406.5689,0.0000,0.9035,2622.8345,0.0000,0.1256,16.1489,0.0000,0.0293,18045.5523,0.0000,1.0584,18045.5527,24,0
34230.0000,3423,2007,2.7000,7,1000,1000,1,15411.4026,0.0000,0.9036,2622.0683,0.0000,0.1256,16.1442,0.0000,0.0293,18049.6150,0.0000,1.0585,18049.6152,25,0
34240.0000,3424,2009,2.7000,9,1000,1000,1,15416.5608,0.0000,0.9037,2621.3025,0.0000,0.1256,16.1394,0.0000,0.0293,18054.0027,0.0000,1.0585,18054.0020,25,0
34250.0000,3425,2006,2.7000,6,1000,1000,1,15420.4033,0.0000,0.9037,2620.5371,0.0000,0.1255,16.1347,0.0000,0.0293,18057.0752,0.0000,1.0585,18057.0742,25,0
34260.0000,3426,2000,2.7000,0,1000,1000,1,15425.2074,0.0000,0.9038,2625.5420,0.0000,0.1255,16.1300,0.0000,0.0293,18066.8794,0.0000,1.0586,18066.8789,24,0
34270.0000,3427,2002,2.7000,2,1000,1000,1,15429.2085,0.0000,0.9038,2624.7759,0.0000,0.1255,16.1253,0.0000,0.0293,18070.1097,0.0000,1.0586,18070.1094,24,0
34280.0000,3428,2003,2.7000,3,1000,1000,1,15434.2268,0.0000,0.9038,2624.0102,0.0000,0.1254,16.1206,0.0000,0.0293,18074.3576,0.0000,1.0585,18074.3574,24,0
34290.0000,3429,2001,2.7000,1,1000,1000,1,15439.2730,0.0000,0.9037,2626.7105,0.0000,0.1255,16.1159,0.0000,0.0293,18082.0995,0.0000,1.0584,18082.0996,24,0
34300.0000,3430,2005,2.7000,5,1000,1000,1,15443.3722,0.0000,0.9036,2627.2566,0.0000,0.1256,16.1112,0.0000,0.0292,18086.7400,0.0000,1.0585,18086.7402,24,0
34310.0000,3431,2004,2.7000,4,1000,1000,1,15447.6128,0.0000,0.9036,2627.7795,0.0000,0.1256,16.1065,0.0000,0.0292,18091.4988,0.0000,1.0584,18091.4980,24,0
34320.0000,3432,2008,2.7000,8,1000,1000,1,15451.8078,0.0000,0.9036,2627.0138,0.0000,0.1256,16.1018,0.0000,0.0292,18094.9234,0.0000,1.0584,18094.9238,25,0
34330.0000,3433,2011,2.7000,11,1000,1000,1,15454.8355,0.0000,0.9037,2626.2486,0.0000,0.1255,16.0971,0.0000,0.0292,18097.1812,0.0000,1.0584,18097.1816,25,0
34340.0000,3434,2003,2.7000,3,1000,1000,1,15460.0123,0.0000,0.9035,2625.4838,0.0000,0.1255,16.0924,0.0000,0.0292,18101.5886,0.0000,1.0582,18101.5879,24,0
34350.0000,3435,2001,2.7000,2,999,1000,1,15466.2269,0.0000,0.9035,2629.7893,0.0000,0.1256,16.0878,0.0000,0.0292,18112.1040,0.0000,1.0583,18112.1035,24,0
34360.0000,3436,2003,2.7000,3,1000,1000,1,15470.2679,0.0000,0.9035,2630.3016,0.0000,0.1256,16.0831,0.0000,0.0292,18116.6525,0.0000,1.0583,18116.6523,24,0
34370.0000,3437,2003,2.7000,3,1000,1000,1,15474.5570,0.0000,0.9034,2629.5363,0.0000,0.1256,16.0784,0.0000,0.0292,18120.1717,0.0000,1.0582,18120.1719,24,0
34380.0000,3438,2008,2.7000,8,1000,1000,1,15479.6622,0.0000,0.9035,2628.7714,0.0000,0.1255,16.0737,0.0000,0.0292,18124.5074,0.0000,1.0582,18124.5078,25,0
34390.0000,3439,2009,2.7000,9,1000,1000,1,15484.5118,0.0000,0.9035,2628.0070,0.0000,0.1255,16.0690,0.0000,0.0292,18128.5879,0.0000,1.0581,18128.5879,25,0
34400.0000,3440,2005,2.7000,5,1000,1000,1,15488.1304,0.0000,0.9033,2627.2431,0.0000,0.1255,16.0644,0.0000,0.0292,18131.4378,0.0000,1.0580,18131.4375,24,0
34410.0000,3441,2000,2.7000,0,1000,1000,1,15492.9487,0.0000,0.9034,2632.7467,0.0000,0.1256,16.0597,0.0000,0.0291,18141.7551,0.0000,1.0582,18141.7559,24,0
34420.0000,3442,2006,2.7000,6,1000,1000,1,15497.4716,0.0000,0.9034,2631.9818,0.0000,0.1256,16.0550,0.0000,0.0291,18145.5085,0.0000,1.0582,18145.5078,25,0
34430.0000,3443,2002,2.7000,2,1000,1000,1,15501.9797,0.0000,0.9033,2631.2174,0.0000,0.1256,16.0504,0.0000,0.0291,18149.2474,0.0000,1.0580,18149.2480,24,0
34440.0000,3444,2005,2.7000,5,1000,1000,1,15505.9075,0.0000,0.9034,2630.4534,0.0000,0.1255,16.0457,0.0000,0.0291,18152.4065,0.0000,1.0580,18152.4062,24,0
34450.0000,3445,1999,2.7000,0,999,1000,1,15508.2367,0.0000,0.9032,2629.6898,0.0000,0.1255,16.0411,0.0000,0.0291,18153.9676,0.0000,1.0578,18153.9668,24,0
34460.0000,3446,2007,2.7000,7,1000,1000,1,15515.3989,0.0000,0.9034,2634.2265,0.0000,0.1255,16.0364,0.0000,0.0291,18165.6618,0.0000,1.0580,18165.6621,25,0
34470.0000,3447,2007,2.7000,7,1000,1000,1,15520.7212,0.0000,0.9035,2633.4623,0.0000,0.1254,16.0317,0.0000,0.0291,18170.2153,0.0000,1.0581,18170.2148,25,0
34480.0000,3448,2002,2.7000,2,1000,1000,1,15525.1994,0.0000,0.9035,2632.6985,0.0000,0.1254,16.0271,0.0000,0.0291,18173.9250,0.0000,1.0580,18173.9258,24,0
34490.0000,3449,2003,2.7000,3,1000,1000,1,15526.0651,0.0000,0.9035,2631.9352,0.0000,0.1254,16.0224,0.0000,0.0291,18174.0228,0.0000,1.0579,18174.0234,24,0
34500.0000,3450,2000,2.7000,2,998,1000,1,15534.2825,0.0000,0.9035,2631.1723,0.0000,0.1253,16.0178,0.0000,0.0291,18181.4726,0.0000,1.0579,18181.4727,24,0
34510.0000,3451,2002,2.7000,2,1000,1000,1,15538.5512,0.0000,0.9036,2637.5913,0.0000,0.1254,16.0132,0.0000,0.0291,18192.1557,0.0000,1.0581,18192.1562,24,0
34520.0000,3452,2000,2.7000,0,1000,1000,1,15538.0654,0.0000,0.9036,2636.8272,0.0000,0.1254,16.0085,0.0000,0.0291,18190.9011,0.0000,1.0580,18190.9004,24,0
34530.0000,3453,2001,2.7000,1,1000,1000,1,15547.3147,0.0000,0.9035,2638.5215,0.0000,0.1255,16.0039,0.0000,0.0290,18201.8401,0.0000,1.0581,18201.8398,24,0
34540.0000,3454,2007,2.7000,7,1000,1000,1,15552.5071,0.0000,0.9036,2637.7576,0.0000,0.1255,15.9993,0.0000,0.0290,18206.2639,0.0000,1.0582,18206.2637,25,0
34550.0000,3455,2005,2.7000,5,1000,1000,1,15556.6456,0.0000,0.9037,2636.9942,0.0000,0.1255,15.9946,0.0000,0.0290,18209.6344,0.0000,1.0582,18209.6348,24,0
34560.0000,3456,1999,2.7000,0,999,1000,1,15557.9043,0.0000,0.9036,2636.2312,0.0000,0.1254,15.9900,0.0000,0.0290,18210.1254,0.0000,1.0580,18210.1250,24,0
34570.0000,3457,2004,2.7000,4,1000,1000,1,15566.0722,0.0000,0.9036,2639.7929,0.0000,0.1255,15.9854,0.0000,0.0290,18221.8505,0.0000,1.0581,18221.8496,24,0
34580.0000,3458,2003,2.7000,3,1000,1000,1,15570.7278,0.0000,0.9036,2639.0295,0.0000,0.1254,15.9807,0.0000,0.0290,18225.7380,0.0000,1.0580,18225.7383,24,0
34590.0000,3459,2007,2.7000,7,1000,1000,1,15575.2658,0.0000,0.9036,2638.2666,0.0000,0.1254,15.9761,0.0000,0.0290,18229.5084,0.0000,1.0580,18229.5078,25,0
34600.0000,3460,2004,2.7000,4,1000,1000,1,15578.9259,0.0000,0.9036,2637.5041,0.0000,0.1253,15.9715,0.0000,0.0290,18232.4015,0.0000,1.0579,18232.4023,24,0
34610.0000,3461,2003,2.7000,3,1000,1000,1,15584.1381,0.0000,0.9037,2636.7420,0.0000,0.1253,15.9669,0.0000,0.0290,18236.8470,0.0000,1.0580,18236.8477,24,0
34620.0000,3462,2004,2.7000,4,1000,1000,1,15587.6273,0.0000,0.9037,2635.9804,0.0000,0.1253,15.9623,0.0000,0.0290,18239.5700,0.0000,1.0580,18239.5703,24,0
34630.0000,3463,2006,2.7000,6,1000,1000,1,15592.3294,0.0000,0.9037,2635.2192,0.0000,0.1252,15.9577,0.0000,0.0290,18243.5062,0.0000,1.0579,18243.5059,25,0
34640.0000,3464,2003,2.7000,3,1000,1000,1,15597.4619,0.0000,0.9037,2634.4584,0.0000,0.1252,15.9531,0.0000,0.0290,18247.8734,0.0000,1.0579,18247.8730,24,0
34650.0000,3465,2000,2.7000,0,1000,1000,1,15596.6439,0.0000,0.9035,2633.6981,0.0000,0.1252,15.9485,0.0000,0.0289,18246.2905,0.0000,1.0577,18246.2910,24,0
34660.0000,3466,2003,2.7000,4,999,1000,1,15606.5369,0.0000,0.9035,2644.7633,0.0000,0.1252,15.9439,0.0000,0.0289,18267.2441,0.0000,1.0577,18267.2441,24,0
34670.0000,3467,1997,2.7000,0,997,1000,1,15611.1172,0.0000,0.9035,2645.5943,0.0000,0.1252,15.9393,0.0000,0.0289,18272.6508,0.0000,1.0577,18272.6504,24,0
34680.0000,3468,1997,2.7000,1,996,1000,1,15616.0957,0.0000,0.9034,2646.1485,0.0000,0.1254,15.9347,0.0000,0.0289,18278.1788,0.0000,1.0577,18278.1797,24,0
34690.0000,3469,2002,2.7000,2,1000,1000,1,15620.6561,0.0000,0.9034,2645.8019,0.0000,0.1255,15.9301,0.0000,0.0289,18282.3881,0.0000,1.0578,18282.3887,24,0
34700.0000,3470,2008,2.7000,8,1000,1000,1,15624.7489,0.0000,0.9034,2645.0394,0.0000,0.1254,15.9255,0.0000,0.0289,18285.7138,0.0000,1.0578,18285.7129,25,0
34710.0000,3471,1999,2.7000,0,999,1000,1,15628.5220,0.0000,0.9033,2644.2774,0.0000,0.1254,15.9209,0.0000,0.0289,18288.7202,0.0000,1.0576,18288.7207,24,0
34720.0000,3472,2003,2.7000,3,1000,1000,1,15633.2896,0.0000,0.9033,2647.6907,0.0000,0.1256,15.9163,0.0000,0.0289,18296.8967,0.0000,1.0577,18296.8965,24,0
34730.0000,3473,2004,2.7000,4,1000,1000,1,15638.6802,0.0000,0.9033,2646.9284,0.0000,0.1255,15.9117,0.0000,0.0289,18301.5203,0.0000,1.0577,18301.5195,24,0
34740.0000,3474,2004,2.7000,4,1000,1000,1,15642.6058,0.0000,0.9033,2648.3398,0.0000,0.1255,15.9071,0.0000,0.0289,18306.8528,0.0000,1.0577,18306.8535,24,0
34750.0000,3475,2005,2.7000,5,1000,1000,1,15646.0595,0.0000,0.9033,2647.5777,0.0000,0.1255,15.9026,0.0000,0.0289,18309.5398,0.0000,1.0577,18309.5391,24,0
34760.0000,3476,2009,2.7000,9,1000,1000,1,15651.4904,0.0000,0.9034,2646.8160,0.0000,0.1255,15.8980,0.0000,0.0289,18314.2044,0.0000,1.0577,18314.2051,25,0
34770.0000,3477,2015,2.7000,15,1000,1000,1,15656.5054,0.0000,0.9035,2646.0548,0.0000,0.1254,15.8934,0.0000,0.0288,18318.4536,0.0000,1.0578,18318.4531,25,0
34780.0000,3478,2011,2.7000,11,1000,1000,1,15658.4787,0.0000,0.9035,2645.2940,0.0000,0.1254,15.8889,0.0000,0.0288,18319.6615,0.0000,1.0577,18319.6621,25,0
34790.0000,3479,2014,2.7000,14,1000,1000,1,15665.6575,0.0000,0.9035,2644.5336,0.0000,0.1254,15.8843,0.0000,0.0288,18326.0754,0.0000,1.0577,18326.0762,25,0
34800.0000,3480,2010,2.7000,10,1000,1000,1,15668.6954,0.0000,0.9034,2643.7737,0.0000,0.1253,15.8797,0.0000,0.0288,18328.3488,0.0000,1.0575,18328.3496,25,0
34810.0000,3481,2009,2.7000,9,1000,1000,1,15673.0600,0.0000,0.9034,2643.0142,0.0000,0.1253,15.8752,0.0000,0.0288,18331.9493,0.0000,1.0575,18331.9492,25,0
34820.0000,3482,2000,2.7000,0,1000,1000,1,15678.5361,0.0000,0.9032,2642.2551,0.0000,0.1252,15.8706,0.0000,0.0288,18336.6618,0.0000,1.0573,18336.6621,24,0
34830.0000,3483,1997,2.7000,0,997,1000,1,15683.4662,0.0000,0.9031,2653.5080,0.0000,0.1254,15.8660,0.0000,0.0288,18352.8403,0.0000,1.0572,18352.8398,24,0
34840.0000,3484,2005,2.7000,5,1000,1000,1,15687.3710,0.0000,0.9032,2652.9688,0.0000,0.1254,15.8615,0.0000,0.0288,18356.2012,0.0000,1.0574,18356.2012,24,0
34850.0000,3485,2002,2.7000,2,1000,1000,1,15692.6948,0.0000,0.9031,2652.2075,0.0000,0.1254,15.8569,0.0000,0.0288,18360.7592,0.0000,1.0572,18360.7598,24,0
34860.0000,3486,2008,2.7000,8,1000,1000,1,15697.0558,0.0000,0.9033,2651.4467,0.0000,0.1253,15.8524,0.0000,0.0288,18364.3549,0.0000,1.0574,18364.3555,25,0
34870.0000,3487,2001,2.7000,1,1000,1000,1,15701.9096,0.0000,0.9032,2650.6863,0.0000,0.1253,15.8478,0.0000,0.0288,18368.4438,0.0000,1.0573,18368.4434,24,0
34880.0000,3488,2001,2.7000,1,1000,1000,1,15706.5826,0.0000,0.9032,2655.9472,0.0000,0.1255,15.8433,0.0000,0.0288,18378.3731,0.0000,1.0575,18378.3730,24,0
34890.0000,3489,1995,2.7000,0,995,1000,1,15708.8199,0.0000,0.9031,2656.1288,0.0000,0.1255,15.8388,0.0000,0.0287,18380.7875,0.0000,1.0574,18380.7871,24,0
34900.0000,3490,1999,2.7000,1,998,1000,1,15714.4141,0.0000,0.9030,2656.9716,0.0000,0.1258,15.8342,0.0000,0.0287,18387.2199,0.0000,1.0575,18387.2207,24,0
34910.0000,3491,2007,2.7000,7,1000,1000,1,15720.1424,0.0000,0.9031,2656.5101,0.0000,0.1258,15.8297,0.0000,0.0287,18392.4822,0.0000,1.0576,18392.4824,25,0
34920.0000,3492,2006,2.7000,6,1000,1000,1,15723.5336,0.0000,0.9032,2655.7494,0.0000,0.1257,15.8252,0.0000,0.0287,18395.1082,0.0000,1.0576,18395.1074,25,0
34930.0000,3493,2005,2.7000,5,1000,1000,1,15726.7832,0.0000,0.9031,2654.9891,0.0000,0.1257,15.8206,0.0000,0.0287,18397.5929,0.0000,1.0576,18397.5938,24,0
34940.0000,3494,2004,2.7000,4,1000,1000,1,15733.8577,0.0000,0.9032,2654.2292,0.0000,0.1257,15.8161,0.0000,0.0287,18403.9030,0.0000,1.0576,18403.9023,24,0
34950.0000,3495,2003,2.7000,3,1000,1000,1,15737.9313,0.0000,0.9032,2653.4698,0.0000,0.1256,15.8116,0.0000,0.0287,18407.2127,0.0000,1.0575,18407.2129,24,0
34960.0000,3496,2002,2.7000,2,1000,1000,1,15742.1706,0.0000,0.9033,2652.7108,0.0000,0.1256,15.8070,0.0000,0.0287,18410.6884,0.0000,1.0576,18410.6875,24,0
34970.0000,3497,2003,2.7000,3,1000,1000,1,15746.2193,0.0000,0.9033,2659.8136,0.0000,0.1256,15.8025,0.0000,0.0287,18421.8354,0.0000,1.0576,18421.8359,24,0
34980.0000,3498,2000,2.7000,0,1000,1000,1,15746.9746,0.0000,0.9031,2659.0532,0.0000,0.1256,15.7980,0.0000,0.0287,18421.8257,0.0000,1.0573,18421.8262,24,0
34990.0000,3499,2003,2.7000,3,1000,1000,1,15756.3837,0.0000,0.9031,2661.0710,0.0000,0.1257,15.7935,0.0000,0.0287,18433.2482,0.0000,1.0575,18433.2480,24,0
35000.0000,3500,2002,2.7000,2,1000,1000,1,15760.2242,0.0000,0.9031,2660.3107,0.0000,0.1257,15.7890,0.0000,0.0287,18436.3239,0.0000,1.0574,18436.3242,24,0
35010.0000,3501,2001,2.7000,1,1000,1000,1,15765.4443,0.0000,0.9032,2659.5508,0.0000,0.1256,15.7845,0.0000,0.0286,18440.7797,0.0000,1.0575,18440.7793,24,0
35020.0000,3502,2002,2.7000,2,1000,1000,1,15768.9383,0.0000,0.9032,2658.7914,0.0000,0.1256,15.7800,0.0000,0.0286,18443.5096,0.0000,1.0574,18443.5098,24,0
35030.0000,3503,2000,2.7000,0,1000,1000,1,15773.4932,0.0000,0.9031,2663.0650,0.0000,0.1257,15.7755,0.0000,0.0286,18452.3337,0.0000,1.0574,18452.3340,24,0
35040.0000,3504,2006,2.7000,6,1000,1000,1,15778.7976,0.0000,0.9032,2663.8447,0.0000,0.1257,15.7710,0.0000,0.0286,18458.4132,0.0000,1.0576,18458.4141,25,0
35050.0000,3505,2004,2.7000,4,1000,1000,1,15781.5284,0.0000,0.9032,2663.0847,0.0000,0.1257,15.7665,0.0000,0.0286,18460.3795,0.0000,1.0575,18460.3789,24,0
35060.0000,3506,2003,2.7000,3,1000,1000,1,15788.2385,0.0000,0.9031,2662.3251,0.0000,0.1257,15.7620,0.0000,0.0286,18466.3256,0.0000,1.0574,18466.3262,24,0
35070.0000,3507,2007,2.7000,7,1000,1000,1,15792.4662,0.0000,0.9033,2665.2020,0.0000,0.1257,15.7575,0.0000,0.0286,18473.4256,0.0000,1.0575,18473.4258,25,0
35080.0000,3508,2012,2.7000,12,1000,1000,1,15797.1918,0.0000,0.9033,2664.4422,0.0000,0.1257,15.7530,0.0000,0.0286,18477.3869,0.0000,1.0576,18477.3867,25,0
35090.0000,3509,2012,2.7000,12,1000,1000,1,15801.4583,0.0000,0.9034,2663.6829,0.0000,0.1256,15.7485,0.0000,0.0286,18480.8897,0.0000,1.0576,18480.8906,25,0
35100.0000,3510,2010,2.7000,10,1000,1000,1,15806.0126,0.0000,0.9034,2662.9240,0.0000,0.1256,15.7440,0.0000,0.0286,18484.6806,0.0000,1.0575,18484.6797,25,0
35110.0000,3511,2008,2.7000,8,1000,1000,1,15808.2997,0.0000,0.9033,2662.1656,0.0000,0.1255,15.7395,0.0000,0.0286,18486.2048,0.0000,1.0574,18486.2051,25,0
35120.0000,3512,2004,2.7000,4,1000,1000,1,15811.9241,0.0000,0.9031,2661.4075,0.0000,0.1255,15.7350,0.0000,0.0286,18489.0667,0.0000,1.0572,18489.0664,24,0
35130.0000,3513,2001,2.7000,1,1000,1000,1,15818.1147,0.0000,0.9031,2660.6500,0.0000,0.1255,15.7306,0.0000,0.0286,18494.4952,0.0000,1.0571,18494.4961,24,0
35140.0000,3514,2007,2.7000,7,1000,1000,1,15824.1006,0.0000,0.9032,2659.8928,0.0000,0.1254,15.7261,0.0000,0.0285,18499.7194,0.0000,1.0572,18499.7188,25,0
35150.0000,3515,2004,2.7000,4,1000,1000,1,15828.7267,0.0000,0.9032,2659.1361,0.0000,0.1254,15.7216,0.0000,0.0285,18503.5844,0.0000,1.0571,18503.5840,24,0
35160.0000,3516,1998,2.7000,0,998,1000,1,15829.5569,0.0000,0.9030,2669.6030,0.0000,0.1254,15.7171,0.0000,0.0285,18514.8771,0.0000,1.0569,18514.8770,24,0
35170.0000,3517,2000,2.7000,0,1000,1000,1,15837.0348,0.0000,0.9030,2670.1813,0.0000,0.1256,15.7127,0.0000,0.0285,18522.9288,0.0000,1.0571,18522.9297,24,0
35180.0000,3518,2000,2.7000,0,1000,1000,1,15840.8368,0.0000,0.9030,2669.9911,0.0000,0.1256,15.7082,0.0000,0.0285,18526.5361,0.0000,1.0570,18526.5352,24,0
35190.0000,3519,2006,2.7000,6,1000,1000,1,15846.9044,0.0000,0.9030,2670.5688,0.0000,0.1256,15.7037,0.0000,0.0285,18533.1769,0.0000,1.0571,18533.1777,25,0
35200.0000,3520,2002,2.7000,2,1000,1000,1,15848.5223,0.0000,0.9030,2669.8101,0.0000,0.1256,15.6993,0.0000,0.0285,18534.0316,0.0000,1.0571,18534.0312,24,0
35210.0000,3521,2007,2.7000,7,1000,1000,1,15855.4104,0.0000,0.9031,2669.0518,0.0000,0.1255,15.6948,0.0000,0.0285,18540.1571,0.0000,1.0571,18540.1562,25,0
35220.0000,3522,2008,2.7000,8,1000,1000,1,15860.4755,0.0000,0.9030,2668.2940,0.0000,0.1255,15.6904,0.0000,0.0285,18544.4598,0.0000,1.0570,18544.4590,25,0
35230.0000,3523,2003,2.7000,3,1000,1000,1,15865.1891,0.0000,0.9030,2667.5366,0.0000,0.1255,15.6859,0.0000,0.0285,18548.4116,0.0000,1.0569,18548.4121,24,0
35240.0000,3524,2000,2.7000,0,1000,1000,1,15866.7053,0.0000,0.9028,2673.8108,0.0000,0.1255,15.6814,0.0000,0.0285,18556.1975,0.0000,1.0568,18556.1973,24,0
35250.0000,3525,2000,2.7000,0,1000,1000,1,15872.9467,0.0000,0.9029,2674.2461,0.0000,0.1255,15.6770,0.0000,0.0285,18562.8698,0.0000,1.0568,18562.8691,24,0
35260.0000,3526,2002,2.7000,2,1000,1000,1,15877.7491,0.0000,0.9028,2674.7952,0.0000,0.1255,15.6726,0.0000,0.0284,18568.2169,0.0000,1.0568,18568.2168,24,0
35270.0000,3527,2001,2.7000,1,1000,1000,1,15882.5379,0.0000,0.9028,2675.0850,0.0000,0.1255,15.6681,0.0000,0.0284,18573.2910,0.0000,1.0568,18573.2910,24,0
35280.0000,3528,1996,2.7000,0,996,1000,1,15887.2577,0.0000,0.9027,2675.6670,0.0000,0.1256,15.6637,0.0000,0.0284,18578.5884,0.0000,1.0567,18578.5879,24,0
35290.0000,3529,1999,2.7000,2,997,1000,1,15892.3253,0.0000,0.9026,2676.1426,0.0000,0.1257,15.6592,0.0000,0.0284,18584.1271,0.0000,1.0568,18584.1270,24,0
35300.0000,3530,1996,2.7000,0,996,1000,1,15893.0460,0.0000,0.9025,2676.7449,0.0000,0.1258,15.6548,0.0000,0.0284,18585.4457,0.0000,1.0567,18585.4453,24,0
35310.0000,3531,2001,2.7000,3,998,1000,1,15901.0435,0.0000,0.9024,2677.0886,0.0000,0.1260,15.6504,0.0000,0.0284,18593.7824,0.0000,1.0568,18593.7832,24,0
35320.0000,3532,2000,2.7000,1,999,1000,1,15905.2921,0.0000,0.9025,2677.7690,0.0000,0.1261,15.6459,0.0000,0.0284,18598.7069,0.0000,1.0570,18598.7070,24,0
35330.0000,3533,2000,2.7000,2,998,1000,1,15910.1304,0.0000,0.9024,2678.2064,0.0000,0.1262,15.6415,0.0000,0.0284,18603.9783,0.0000,1.0570,18603.9785,24,0
35340.0000,3534,2001,2.7000,1,1000,1000,1,15913.7380,0.0000,0.9023,2678.6850,0.0000,0.1263,15.6371,0.0000,0.0284,18608.0600,0.0000,1.0570,18608.0605,24,0
35350.0000,3535,2003,2.7000,3,1000,1000,1,15919.3279,0.0000,0.9024,2678.2115,0.0000,0.1263,15.6327,0.0000,0.0284,18613.1721,0.0000,1.0571,18613.1719,24,0
35360.0000,3536,1994,2.7000,0,994,1000,1,15922.3629,0.0000,0.9024,2679.6138,0.0000,0.1263,15.6282,0.0000,0.0284,18617.6049,0.0000,1.0571,18617.6055,24,0
35370.0000,3537,2005,2.7000,5,1000,1000,1,15926.3375,0.0000,0.9025,2680.1252,0.0000,0.1265,15.6238,0.0000,0.0284,18622.0865,0.0000,1.0573,18622.0859,24,0
35380.0000,3538,2003,2.7000,3,1000,1000,1,15932.5121,0.0000,0.9025,2679.3677,0.0000,0.1264,15.6194,0.0000,0.0283,18627.4992,0.0000,1.0572,18627.5000,24,0
35390.0000,3539,2008,2.7000,8,1000,1000,1,15936.3646,0.0000,0.9025,2678.6106,0.0000,0.1264,15.6150,0.0000,0.0283,18630.5902,0.0000,1.0572,18630.5898,25,0
35400.0000,3540,2007,2.7000,7,1000,1000,1,15941.8603,0.0000,0.9025,2677.8539,0.0000,0.1264,15.6106,0.0000,0.0283,18635.3247,0.0000,1.0572,18635.3242,25,0
35410.0000,3541,2004,2.7000,4,1000,1000,1,15945.5928,0.0000,0.9025,2677.0977,0.0000,0.1263,15.6062,0.0000,0.0283,18638.2966,0.0000,1.0571,18638.2969,24,0
35420.0000,3542,2008,2.7000,8,1000,1000,1,15950.5792,0.0000,0.9026,2676.3418,0.0000,0.1263,15.6018,0.0000,0.0283,18642.5228,0.0000,1.0572,18642.5234,25,0
35430.0000,3543,2007,2.7000,7,1000,1000,1,15955.4020,0.0000,0.9026,2675.5865,0.0000,0.1262,15.5974,0.0000,0.0283,18646.5858,0.0000,1.0571,18646.5859,25,0
35440.0000,3544,2005,2.7000,5,1000,1000,1,15959.7988,0.0000,0.9025,2674.8315,0.0000,0.1262,15.5930,0.0000,0.0283,18650.2233,0.0000,1.0570,18650.2227,24,0
35450.0000,3545,2002,2.7000,2,1000,1000,1,15962.9775,0.0000,0.9024,2674.0770,0.0000,0.1262,15.5886,0.0000,0.0283,18652.6431,0.0000,1.0569,18652.6426,24,0
35460.0000,3546,2000,2.7000,2,998,1000,1,15968.9986,0.0000,0.9025,2684.6598,0.0000,0.1262,15.5842,0.0000,0.0283,18669.2426,0.0000,1.0570,18669.2422,24,0
35470.0000,3547,2002,2.7000,2,1000,1000,1,15973.1596,0.0000,0.9025,2685.0905,0.0000,0.1263,15.5798,0.0000,0.0283,18673.8299,0.0000,1.0570,18673.8301,24,0
35480.0000,3548,2005,2.7000,5,1000,1000,1,15977.8163,0.0000,0.9025,2685.5763,0.0000,0.1263,15.5754,0.0000,0.0283,18678.9679,0.0000,1.0571,18678.9688,24,0
35490.0000,3549,2005,2.7000,5,1000,1000,1,15982.4672,0.0000,0.9024,2684.8196,0.0000,0.1263,15.5710,0.0000,0.0283,18682.8577,0.0000,1.0569,18682.8574,24,0
35500.0000,3550,2008,2.7000,8,1000,1000,1,15985.9011,0.0000,0.9024,2684.0633,0.0000,0.1262,15.5666,0.0000,0.0283,18685.5309,0.0000,1.0569,18685.5312,25,0
35510.0000,3551,2008,2.7000,8,1000,1000,1,15991.4163,0.0000,0.9025,2683.3074,0.0000,0.1262,15.5622,0.0000,0.0282,18690.2859,0.0000,1.0570,18690.2852,25,0
35520.0000,3552,2005,2.7000,5,1000,1000,1,15995.0393,0.0000,0.9025,2682.5520,0.0000,0.1262,15.5578,0.0000,0.0282,18693.1491,0.0000,1.0569,18693.1484,24,0
35530.0000,3553,2001,2.7000,1,1000,1000,1,15999.7587,0.0000,0.9024,2688.2872,0.0000,0.1262,15.5535,0.0000,0.0282,18703.5993,0.0000,1.0569,18703.5996,24,0
35540.0000,3554,2004,2.7000,4,1000,1000,1,16004.8192,0.0000,0.9024,2688.5316,0.0000,0.1262,15.5491,0.0000,0.0282,18708.8999,0.0000,1.0569,18708.9004,24,0
35550.0000,3555,2008,2.7000,8,1000,1000,1,16009.2080,0.0000,0.9026,2687.7753,0.0000,0.1262,15.5447,0.0000,0.0282,18712.5280,0.0000,1.0570,18712.5273,25,0
35560.0000,3556,2015,2.7000,15,1000,1000,1,16014.1638,0.0000,0.9027,2687.0194,0.0000,0.1262,15.5403,0.0000,0.0282,18716.7236,0.0000,1.0571,18716.7227,25,0
35570.0000,3557,2018,2.7000,18,1000,1000,1,16018.9828,0.0000,0.9028,2686.2640,0.0000,0.1261,15.5360,0.0000,0.0282,18720.7828,0.0000,1.0571,18720.7832,25,0
35580.0000,3558,2013,2.7000,13,1000,1000,1,16022.1787,0.0000,0.9028,2685.5090,0.0000,0.1261,15.5316,0.0000,0.0282,18723.2194,0.0000,1.0571,18723.2188,25,0
35590.0000,3559,2013,2.7000,13,1000,1000,1,16027.6181,0.0000,0.9030,2684.7545,0.0000,0.1260,15.5272,0.0000,0.0282,18727.8998,0.0000,1.0572,18727.9004,25,0
35600.0000,3560,2025,2.7000,25,1000,1000,1,16032.4126,0.0000,0.9032,2684.0003,0.0000,0.1260,15.5229,0.0000,0.0282,18731.9358,0.0000,1.0574,18731.9355,26,0
35610.0000,3561,2031,2.7000,31,1000,1000,1,16036.8653,0.0000,0.9033,2683.2466,0.0000,0.1260,15.5185,0.0000,0.0282,18735.6304,0.0000,1.0575,18735.6309,26,0
35620.0000,3562,2030,2.7000,30,1000,1000,1,16041.4864,0.0000,0.9034,2682.4933,0.0000,0.1259,15.5142,0.0000,0.0282,18739.4938,0.0000,1.0575,18739.4941,26,0
35630.0000,3563,2028,2.7000,28,1000,1000,1,16045.4083,0.0000,0.9035,2681.7404,0.0000,0.1259,15.5098,0.0000,0.0282,18742.6585,0.0000,1.0575,18742.6582,26,0
35640.0000,3564,2021,2.7000,21,1000,1000,1,16050.3042,0.0000,0.9035,2680.9880,0.0000,0.1259,15.5055,0.0000,0.0281,18746.7977,0.0000,1.0575,18746.7969,26,0
35650.0000,3565,2014,2.7000,14,1000,1000,1,16055.0348,0.0000,0.9034,2680.2359,0.0000,0.1258,15.5011,0.0000,0.0281,18750.7718,0.0000,1.0574,18750.7715,25,0
35660.0000,3566,2013,2.7000,13,1000,1000,1,16059.2728,0.0000,0.9034,2679.4843,0.0000,0.1258,15.4968,0.0000,0.0281,18754.2539,0.0000,1.0573,18754.2539,25,0
35670.0000,3567,2007,2.7000,7,1000,1000,1,16064.0034,0.0000,0.9033,2678.7332,0.0000,0.1258,15.4924,0.0000,0.0281,18758.2290,0.0000,1.0572,18758.2285,25,0
35680.0000,3568,2001,2.7000,1,1000,1000,1,16068.0083,0.0000,0.9032,2677.9824,0.0000,0.1257,15.4881,0.0000,0.0281,18761.4787,0.0000,1.0571,18761.4785,24,0
35690.0000,3569,1998,2.7000,0,998,1000,1,16071.0412,0.0000,0.9033,2695.6142,0.0000,0.1257,15.4837,0.0000,0.0281,18782.1391,0.0000,1.0571,18782.1387,24,0
35700.0000,3570,2001,2.7000,1,1000,1000,1,16076.9441,0.0000,0.9032,2696.5550,0.0000,0.1258,15.4794,0.0000,0.0281,18788.9785,0.0000,1.0571,18788.9785,24,0
35710.0000,3571,2010,2.7000,10,1000,1000,1,16081.9292,0.0000,0.9033,2695.7999,0.0000,0.1258,15.4751,0.0000,0.0281,18793.2041,0.0000,1.0572,18793.2051,25,0
35720.0000,3572,2004,2.7000,4,1000,1000,1,16084.4888,0.0000,0.9032,2695.0452,0.0000,0.1257,15.4707,0.0000,0.0281,18795.0047,0.0000,1.0571,18795.0039,24,0
35730.0000,3573,2005,2.7000,5,1000,1000,1,16091.3372,0.0000,0.9033,2694.2909,0.0000,0.1257,15.4664,0.0000,0.0281,18801.0945,0.0000,1.0570,18801.0938,24,0
35740.0000,3574,2004,2.7000,4,1000,1000,1,16094.1842,0.0000,0.9032,2693.5371,0.0000,0.1257,15.4621,0.0000,0.0281,18803.1833,0.0000,1.0570,18803.1836,24,0
35750.0000,3575,2002,2.7000,2,1000,1000,1,16099.0165,0.0000,0.9032,2692.7836,0.0000,0.1256,15.4577,0.0000,0.0281,18807.2578,0.0000,1.0569,18807.2578,24,0
35760.0000,3576,2006,2.7000,6,1000,1000,1,16104.6320,0.0000,0.9034,2699.3988,0.0000,0.1256,15.4534,0.0000,0.0280,18819.4843,0.0000,1.0571,18819.4844,25,0
35770.0000,3577,2000,2.7000,0,1000,1000,1,16108.1829,0.0000,0.9032,2698.6442,0.0000,0.1256,15.4491,0.0000,0.0280,18822.2761,0.0000,1.0569,18822.2754,24,0
35780.0000,3578,2010,2.7000,10,1000,1000,1,16114.0554,0.0000,0.9034,2700.1810,0.0000,0.1256,15.4448,0.0000,0.0280,18829.6812,0.0000,1.0570,18829.6816,25,0
35790.0000,3579,2010,2.7000,10,1000,1000,1,16117.8536,0.0000,0.9034,2699.4266,0.0000,0.1256,15.4405,0.0000,0.0280,18832.7207,0.0000,1.0570,18832.7207,25,0
35800.0000,3580,2006,2.7000,6,1000,1000,1,16122.7385,0.0000,0.9034,2698.6725,0.0000,0.1255,15.4362,0.0000,0.0280,18836.8472,0.0000,1.0569,18836.8477,25,0
35810.0000,3581,2005,2.7000,5,1000,1000,1,16126.2027,0.0000,0.9033,2697.9189,0.0000,0.1255,15.4318,0.0000,0.0280,18839.5535,0.0000,1.0568,18839.5527,24,0
35820.0000,3582,2004,2.7000,4,1000,1000,1,16129.0156,0.0000,0.9032,2697.1657,0.0000,0.1255,15.4275,0.0000,0.0280,18841.6088,0.0000,1.0567,18841.6094,24,0
35830.0000,3583,2001,2.7000,1,1000,1000,1,16135.8098,0.0000,0.9031,2696.4130,0.0000,0.1254,15.4232,0.0000,0.0280,18847.6460,0.0000,1.0565,18847.6465,24,0
35840.0000,3584,2001,2.7000,4,997,1000,1,16140.9128,0.0000,0.9032,2703.8949,0.0000,0.1254,15.4189,0.0000,0.0280,18860.2267,0.0000,1.0566,18860.2266,24,0
35850.0000,3585,2004,2.7000,4,1000,1000,1,16145.1866,0.0000,0.9032,2703.6987,0.0000,0.1255,15.4146,0.0000,0.0280,18864.2999,0.0000,1.0567,18864.3008,24,0
35860.0000,3586,2004,2.7000,4,1000,1000,1,16149.4743,0.0000,0.9032,2702.9447,0.0000,0.1254,15.4103,0.0000,0.0280,18867.8294,0.0000,1.0566,18867.8301,24,0
35870.0000,3587,2003,2.7000,3,1000,1000,1,16154.6183,0.0000,0.9032,2702.1912,0.0000,0.1254,15.4060,0.0000,0.0280,18872.2155,0.0000,1.0566,18872.2148,24,0
35880.0000,3588,2002,2.7000,2,1000,1000,1,16156.4641,0.0000,0.9031,2701.4381,0.0000,0.1254,15.4017,0.0000,0.0280,18873.3038,0.0000,1.0565,18873.3047,24,0
35890.0000,3589,2003,2.7000,3,1000,1000,1,16162.2965,0.0000,0.9031,2700.6854,0.0000,0.1253,15.3974,0.0000,0.0279,18878.3793,0.0000,1.0564,18878.3789,24,0
35900.0000,3590,2004,2.7000,4,1000,1000,1,16168.0380,0.0000,0.9032,2699.9331,0.0000,0.1253,15.3932,0.0000,0.0279,18883.3643,0.0000,1.0564,18883.3652,24,0
35910.0000,3591,2005,2.7000,5,1000,1000,1,16172.7482,0.0000,0.9032,2699.1812,0.0000,0.1253,15.3889,0.0000,0.0279,18887.3183,0.0000,1.0564,18887.3184,24,0
35920.0000,3592,2002,2.7000,2,1000,1000,1,16177.1421,0.0000,0.9032,2698.4298,0.0000,0.1252,15.3846,0.0000,0.0279,18890.9565,0.0000,1.0564,18890.9570,24,0
35930.0000,3593,2003,2.7000,3,1000,1000,1,16181.7898,0.0000,0.9033,2697.6787,0.0000,0.1252,15.3803,0.0000,0.0279,18894.8488,0.0000,1.0564,18894.8496,24,0
35940.0000,3594,2004,2.7000,4,1000,1000,1,16186.1429,0.0000,0.9033,2696.9281,0.0000,0.1252,15.3760,0.0000,0.0279,18898.4471,0.0000,1.0564,18898.4473,24,0
35950.0000,3595,2005,2.7000,5,1000,1000,1,16190.3512,0.0000,0.9033,2696.1779,0.0000,0.1251,15.3717,0.0000,0.0279,18901.9009,0.0000,1.0563,18901.9004,24,0
35960.0000,3596,2009,2.7000,9,1000,1000,1,16195.2436,0.0000,0.9034,2695.4282,0.0000,0.1251,15.3675,0.0000,0.0279,18906.0392,0.0000,1.0564,18906.0391,25,0
35970.0000,3597,2016,2.7000,16,1000,1000,1,16198.5814,0.0000,0.9036,2694.6788,0.0000,0.1250,15.3632,0.0000,0.0279,18908.6234,0.0000,1.0565,18908.6230,25,0
35980.0000,3598,2015,2.7000,15,1000,1000,1,16203.5535,0.0000,0.9035,2693.9299,0.0000,0.1250,15.3589,0.0000,0.0279,18912.8423,0.0000,1.0564,18912.8418,25,0
35990.0000,3599,2016,2.7000,16,1000,1000,1,16208.4201,0.0000,0.9035,2693.1814,0.0000,0.1250,15.3547,0.0000,0.0279,18916.9561,0.0000,1.0564,18916.9570,25,0
36000.0000,3600,2016,2.7000,16,1000,1000,1,16213.0312,0.0000,0.9034,2692.4333,0.0000,0.1249,15.3504,0.0000,0.0279,18920.8149,0.0000,1.0563,18920.8145,25,0
36010.0000,3601,2015,2.7000,15,1000,1000,1,16217.7890,0.0000,0.9034,2691.6856,0.0000,0.1249,15.3461,0.0000,0.0279,18924.8207,0.0000,1.0562,18924.8203,25,0
36020.0000,3602,2010,2.7000,10,1000,1000,1,16221.7748,0.0000,0.9034,2690.9383,0.0000,0.1249,15.3419,0.0000,0.0278,18928.0549,0.0000,1.0561,18928.0547,25,0
36030.0000,3603,2010,2.7000,10,1000,1000,1,16227.0386,0.0000,0.9035,2690.1914,0.0000,0.1248,15.3376,0.0000,0.0278,18932.5677,0.0000,1.0561,18932.5684,25,0
36040.0000,3604,2015,2.7000,15,1000,1000,1,16231.3847,0.0000,0.9036,2689.4450,0.0000,0.1248,15.3334,0.0000,0.0278,18936.1631,0.0000,1.0562,18936.1621,25,0
36050.0000,3605,2014,2.7000,14,1000,1000,1,16236.0389,0.0000,0.9037,2688.6990,0.0000,0.1248,15.3291,0.0000,0.0278,18940.0670,0.0000,1.0563,18940.0664,25,0
36060.0000,3606,2008,2.7000,8,1000,1000,1,16240.1833,0.0000,0.9037,2687.9533,0.0000,0.1247,15.3249,0.0000,0.0278,18943.4615,0.0000,1.0562,18943.4609,25,0
36070.0000,3607,2003,2.7000,3,1000,1000,1,16244.1921,0.0000,0.9035,2687.2081,0.0000,0.1247,15.3206,0.0000,0.0278,18946.7208,0.0000,1.0560,18946.7207,24,0
36080.0000,3608,2002,2.7000,2,1000,1000,1,16248.4970,0.0000,0.9035,2686.4633,0.0000,0.1247,15.3164,0.0000,0.0278,18950.2767,0.0000,1.0559,18950.2773,24,0
36090.0000,3609,1999,2.7000,0,999,1000,1,16252.3961,0.0000,0.9034,2716.1634,0.0000,0.1247,15.3121,0.0000,0.0278,18983.8716,0.0000,1.0559,18983.8711,24,0
36100.0000,3610,2001,2.7000,1,1000,1000,1,16258.5047,0.0000,0.9033,2716.8060,0.0000,0.1250,15.3079,0.0000,0.0278,18990.6186,0.0000,1.0560,18990.6191,24,0
36110.0000,3611,1997,2.7000,0,997,1000,1,16262.3013,0.0000,0.9033,2717.3358,0.0000,0.1250,15.3036,0.0000,0.0278,18994.9408,0.0000,1.0561,18994.9414,24,0
36120.0000,3612,2000,2.7000,0,1000,1000,1,16266.4990,0.0000,0.9032,2717.8704,0.0000,0.1251,15.2994,0.0000,0.0278,18999.6688,0.0000,1.0561,18999.6680,24,0
36130.0000,3613,2001,2.7000,1,1000,1000,1,16272.1585,0.0000,0.9030,2718.2297,0.0000,0.1253,15.2952,0.0000,0.0278,19005.6834,0.0000,1.0561,19005.6836,24,0
36140.0000,3614,2004,2.7000,4,1000,1000,1,16276.3381,0.0000,0.9032,2718.9259,0.0000,0.1253,15.2909,0.0000,0.0278,19010.5550,0.0000,1.0562,19010.5547,24,0
36150.0000,3615,2003,2.7000,3,1000,1000,1,16281.5594,0.0000,0.9032,2718.1738,0.0000,0.1252,15.2867,0.0000,0.0277,19015.0200,0.0000,1.0562,19015.0195,24,0
36160.0000,3616,2006,2.7000,6,1000,1000,1,16286.1844,0.0000,0.9033,2717.4221,0.0000,0.1252,15.2825,0.0000,0.0277,19018.8890,0.0000,1.0562,19018.8887,25,0
36170.0000,3617,1999,2.7000,1,998,1000,1,16290.5908,0.0000,0.9032,2720.3733,0.0000,0.1253,15.2782,0.0000,0.0277,19026.2423,0.0000,1.0562,19026.2422,24,0
36180.0000,3618,2001,2.7000,1,1000,1000,1,16294.0068,0.0000,0.9033,2720.0663,0.0000,0.1253,15.2740,0.0000,0.0277,19029.3471,0.0000,1.0564,19029.3477,24,0
36190.0000,3619,2002,2.7000,2,1000,1000,1,16299.3270,0.0000,0.9033,2720.3526,0.0000,0.1253,15.2698,0.0000,0.0277,19034.9494,0.0000,1.0563,19034.9492,24,0
36200.0000,3620,2000,2.7000,0,1000,1000,1,16303.3693,0.0000,0.9033,2721.7219,0.0000,0.1253,15.2656,0.0000,0.0277,19040.3568,0.0000,1.0562,19040.3574,24,0
36210.0000,3621,1996,2.7000,0,996,1000,1,16308.4117,0.0000,0.9032,2721.7811,0.0000,0.1253,15.2614,0.0000,0.0277,19045.4542,0.0000,1.0562,19045.4551,24,0
36220.0000,3622,2010,2.7000,10,1000,1000,1,16313.2437,0.0000,0.9034,2722.9503,0.0000,0.1255,15.2572,0.0000,0.0277,19051.4512,0.0000,1.0566,19051.4512,25,0
36230.0000,3623,2009,2.7000,9,1000,1000,1,16316.8292,0.0000,0.9034,2722.1988,0.0000,0.1254,15.2529,0.0000,0.0277,19054.2809,0.0000,1.0566,19054.2812,25,0
36240.0000,3624,2004,2.7000,4,1000,1000,1,16322.1326,0.0000,0.9034,2721.4476,0.0000,0.1254,15.2487,0.0000,0.0277,19058.8289,0.0000,1.0565,19058.8281,24,0
36250.0000,3625,1999,2.7000,0,999,1000,1,16326.0216,0.0000,0.9034,2723.7535,0.0000,0.1254,15.2445,0.0000,0.0277,19065.0196,0.0000,1.0565,19065.0195,24,0
36260.0000,3626,2003,2.7000,3,1000,1000,1,16331.2273,0.0000,0.9035,2723.7279,0.0000,0.1254,15.2403,0.0000,0.0277,19070.1955,0.0000,1.0566,19070.1953,24,0
36270.0000,3627,2000,2.7000,0,1000,1000,1,16330.0682,0.0000,0.9035,2722.9769,0.0000,0.1254,15.2361,0.0000,0.0277,19068.2812,0.0000,1.0565,19068.2812,24,0
36280.0000,3628,1999,2.7000,0,999,1000,1,16336.4523,0.0000,0.9033,2725.5463,0.0000,0.1255,15.2319,0.0000,0.0276,19077.2305,0.0000,1.0564,19077.2305,24,0
36290.0000,3629,2005,2.7000,5,1000,1000,1,16344.7311,0.0000,0.9033,2725.9157,0.0000,0.1255,15.2277,0.0000,0.0276,19085.8745,0.0000,1.0564,19085.8750,24,0
36300.0000,3630,1998,2.7000,0,998,1000,1,16344.6227,0.0000,0.9031,2726.8633,0.0000,0.1256,15.2235,0.0000,0.0276,19086.7095,0.0000,1.0564,19086.7090,24,0
36310.0000,3631,2002,2.7000,3,999,1000,1,16354.0431,0.0000,0.9031,2727.3810,0.0000,0.1258,15.2193,0.0000,0.0276,19096.6434,0.0000,1.0565,19096.6426,24,0
36320.0000,3632,2007,2.7000,7,1000,1000,1,16357.8457,0.0000,0.9032,2726.7382,0.0000,0.1258,15.2152,0.0000,0.0276,19099.7991,0.0000,1.0566,19099.7988,25,0
36330.0000,3633,2016,2.7000,16,1000,1000,1,16362.8621,0.0000,0.9034,2725.9877,0.0000,0.1257,15.2110,0.0000,0.0276,19104.0607,0.0000,1.0567,19104.0605,25,0
36340.0000,3634,2010,2.7000,10,1000,1000,1,16367.0370,0.0000,0.9033,2725.2375,0.0000,0.1257,15.2068,0.0000,0.0276,19107.4813,0.0000,1.0566,19107.4805,25,0
36350.0000,3635,2009,2.7000,9,1000,1000,1,16370.3041,0.0000,0.9032,2724.4878,0.0000,0.1257,15.2026,0.0000,0.0276,19109.9945,0.0000,1.0565,19109.9941,25,0
36360.0000,3636,2008,2.7000,8,1000,1000,1,16374.4589,0.0000,0.9032,2723.7385,0.0000,0.1256,15.1984,0.0000,0.0276,19113.3958,0.0000,1.0564,19113.3965,25,0
36370.0000,3637,2013,2.7000,13,1000,1000,1,16381.1969,0.0000,0.9033,2722.9896,0.0000,0.1256,15.1942,0.0000,0.0276,19119.3808,0.0000,1.0565,19119.3809,25,0
36380.0000,3638,2011,2.7000,11,1000,1000,1,16385.4720,0.0000,0.9033,2722.2411,0.0000,0.1256,15.1901,0.0000,0.0276,19122.9032,0.0000,1.0564,19122.9023,25,0
36390.0000,3639,2017,2.7000,17,1000,1000,1,16389.5389,0.0000,0.9034,2721.4931,0.0000,0.1255,15.1859,0.0000,0.0276,19126.2179,0.0000,1.0565,19126.2188,25,0
36400.0000,3640,2017,2.7000,17,1000,1000,1,16394.6579,0.0000,0.9034,2720.7454,0.0000,0.1255,15.1817,0.0000,0.0276,19130.5850,0.0000,1.0564,19130.5859,25,0
36410.0000,3641,2011,2.7000,11,1000,1000,1,16399.1780,0.0000,0.9032,2719.9981,0.0000,0.1255,15.1775,0.0000,0.0275,19134.3536,0.0000,1.0562,19134.3535,25,0
36420.0000,3642,2012,2.7000,12,1000,1000,1,16403.3645,0.0000,0.9033,2719.2513,0.0000,0.1254,15.1734,0.0000,0.0275,19137.7892,0.0000,1.0563,19137.7891,25,0
36430.0000,3643,2012,2.7000,12,1000,1000,1,16407.5499,0.0000,0.9033,2718.5049,0.0000,0.1254,15.1692,0.0000,0.0275,19141.2240,0.0000,1.0563,19141.2246,25,0
36440.0000,3644,2010,2.7000,10,1000,1000,1,16412.1043,0.0000,0.9033,2717.7589,0.0000,0.1254,15.1650,0.0000,0.0275,19145.0282,0.0000,1.0562,19145.0273,25,0
36450.0000,3645,2011,2.7000,11,1000,1000,1,16416.7087,0.0000,0.9033,2717.0132,0.0000,0.1253,15.1609,0.0000,0.0275,19148.8828,0.0000,1.0561,19148.8828,25,0
36460.0000,3646,2022,2.7000,22,1000,1000,1,16421.6869,0.0000,0.9035,2716.2680,0.0000,0.1253,15.1567,0.0000,0.0275,19153.1116,0.0000,1.0563,19153.1113,26,0
36470.0000,3647,2022,2.7000,22,1000,1000,1,16426.4053,0.0000,0.9035,2715.5232,0.0000,0.1253,15.1526,0.0000,0.0275,19157.0811,0.0000,1.0562,19157.0820,26,0
36480.0000,3648,2015,2.7000,15,1000,1000,1,16427.8250,0.0000,0.9033,2714.7789,0.0000,0.1252,15.1484,0.0000,0.0275,19157.7523,0.0000,1.0561,19157.7520,25,0
36490.0000,3649,2017,2.7000,17,1000,1000,1,16435.6323,0.0000,0.9033,2714.0349,0.0000,0.1252,15.1443,0.0000,0.0275,19164.8114,0.0000,1.0560,19164.8105,25,0
36500.0000,3650,2007,2.7000,7,1000,1000,1,16439.4792,0.0000,0.9032,2713.2913,0.0000,0.1252,15.1401,0.0000,0.0275,19167.9106,0.0000,1.0559,19167.9102,25,0
36510.0000,3651,2009,2.7000,9,1000,1000,1,16444.3976,0.0000,0.9032,2712.5481,0.0000,0.1251,15.1360,0.0000,0.0275,19172.0818,0.0000,1.0558,19172.0820,25,0
36520.0000,3652,2021,2.7000,21,1000,1000,1,16449.0733,0.0000,0.9034,2711.8054,0.0000,0.1251,15.1318,0.0000,0.0275,19176.0105,0.0000,1.0560,19176.0098,26,0
36530.0000,3653,2015,2.7000,15,1000,1000,1,16453.2413,0.0000,0.9033,2711.0630,0.0000,0.1250,15.1277,0.0000,0.0275,19179.4320,0.0000,1.0558,19179.4316,25,0
36540.0000,3654,2008,2.7000,8,1000,1000,1,16458.3172,0.0000,0.9033,2710.3211,0.0000,0.1250,15.1235,0.0000,0.0274,19183.7618,0.0000,1.0557,19183.7617,25,0
36550.0000,3655,2003,2.7000,3,1000,1000,1,16462.5893,0.0000,0.9033,2739.2086,0.0000,0.1250,15.1194,0.0000,0.0274,19216.9173,0.0000,1.0557,19216.9180,24,0
36560.0000,3656,2003,2.7000,3,1000,1000,1,16467.3354,0.0000,0.9033,2738.4594,0.0000,0.1250,15.1153,0.0000,0.0274,19220.9101,0.0000,1.0557,19220.9102,24,0
36570.0000,3657,2003,2.7000,3,1000,1000,1,16471.5624,0.0000,0.9033,2739.7304,0.0000,0.1250,15.1111,0.0000,0.0274,19226.4040,0.0000,1.0557,19226.4043,24,0
36580.0000,3658,2006,2.7000,6,1000,1000,1,16476.0361,0.0000,0.9034,2738.9815,0.0000,0.1249,15.1070,0.0000,0.0274,19230.1246,0.0000,1.0557,19230.1250,25,0
36590.0000,3659,2012,2.7000,12,1000,1000,1,16480.0034,0.0000,0.9034,2738.2329,0.0000,0.1249,15.1029,0.0000,0.0274,19233.3392,0.0000,1.0558,19233.3398,25,0
36600.0000,3660,2007,2.7000,7,1000,1000,1,16484.7649,0.0000,0.9033,2737.4847,0.0000,0.1249,15.0988,0.0000,0.0274,19237.3484,0.0000,1.0556,19237.3477,25,0
36610.0000,3661,2003,2.7000,3,1000,1000,1,16489.2145,0.0000,0.9033,2736.7370,0.0000,0.1248,15.0946,0.0000,0.0274,19241.0461,0.0000,1.0555,19241.0469,24,0
36620.0000,3662,2006,2.7000,6,1000,1000,1,16494.3572,0.0000,0.9034,2742.2283,0.0000,0.1248,15.0905,0.0000,0.0274,19251.6759,0.0000,1.0557,19251.6758,25,0
36630.0000,3663,2004,2.7000,4,1000,1000,1,16498.8086,0.0000,0.9035,2741.4796,0.0000,0.1248,15.0864,0.0000,0.0274,19255.3747,0.0000,1.0556,19255.3750,24,0
36640.0000,3664,2001,2.7000,1,1000,1000,1,16502.2764,0.0000,0.9035,2740.7314,0.0000,0.1248,15.0823,0.0000,0.0274,19258.0900,0.0000,1.0556,19258.0898,24,0
36650.0000,3665,2003,2.7000,3,1000,1000,1,16505.3059,0.0000,0.9034,2739.9836,0.0000,0.1247,15.0782,0.0000,0.0274,19260.3676,0.0000,1.0555,19260.3672,24,0
36660.0000,3666,1997,2.7000,0,997,1000,1,16511.0955,0.0000,0.9033,2744.8000,0.0000,0.1248,15.0740,0.0000,0.0274,19270.9695,0.0000,1.0554,19270.9688,24,0
36670.0000,3667,2003,2.7000,3,1000,1000,1,16515.1529,0.0000,0.9032,2744.4505,0.0000,0.1248,15.0699,0.0000,0.0274,19274.6734,0.0000,1.0554,19274.6738,24,0
36680.0000,3668,2002,2.7000,2,1000,1000,1,16520.4599,0.0000,0.9032,2745.7023,0.0000,0.1248,15.0658,0.0000,0.0273,19281.2280,0.0000,1.0554,19281.2285,24,0
36690.0000,3669,2000,2.7000,0,1000,1000,1,16522.1006,0.0000,0.9031,2745.8468,0.0000,0.1248,15.0617,0.0000,0.0273,19283.0091,0.0000,1.0553,19283.0098,24,0
36700.0000,3670,2004,2.7000,4,1000,1000,1,16530.6227,0.0000,0.9031,2746.6366,0.0000,0.1249,15.0576,0.0000,0.0273,19292.3168,0.0000,1.0553,19292.3164,24,0
36710.0000,3671,2011,2.7000,11,1000,1000,1,16535.0517,0.0000,0.9032,2745.8884,0.0000,0.1249,15.0535,0.0000,0.0273,19295.9936,0.0000,1.0554,19295.9941,25,0
36720.0000,3672,2021,2.7000,21,1000,1000,1,16539.8410,0.0000,0.9034,2745.1406,0.0000,0.1248,15.0494,0.0000,0.0273,19300.0309,0.0000,1.0556,19300.0312,26,0
36730.0000,3673,2030,2.7000,30,1000,1000,1,16544.0478,0.0000,0.9035,2744.3932,0.0000,0.1248,15.0453,0.0000,0.0273,19303.4863,0.0000,1.0556,19303.4863,26,0
36740.0000,3674,2026,2.7000,26,1000,1000,1,16547.7229,0.0000,0.9035,2743.6462,0.0000,0.1248,15.0412,0.0000,0.0273,19306.4104,0.0000,1.0556,19306.4102,26,0
36750.0000,3675,2025,2.7000,25,1000,1000,1,16553.1369,0.0000,0.9034,2742.8996,0.0000,0.1247,15.0371,0.0000,0.0273,19311.0737,0.0000,1.0554,19311.0742,26,0
36760.0000,3676,2026,2.7000,26,1000,1000,1,16557.2117,0.0000,0.9033,2742.1535,0.0000,0.1247,15.0330,0.0000,0.0273,19314.3983,0.0000,1.0553,19314.3984,26,0
36770.0000,3677,2026,2.7000,26,1000,1000,1,16561.8975,0.0000,0.9034,2741.4077,0.0000,0.1247,15.0289,0.0000,0.0273,19318.3342,0.0000,1.0553,19318.3340,26,0
36780.0000,3678,2020,2.7000,20,1000,1000,1,16566.0485,0.0000,0.9034,2740.6624,0.0000,0.1246,15.0249,0.0000,0.0273,19321.7358,0.0000,1.0553,19321.7363,25,0
36790.0000,3679,2021,2.7000,21,1000,1000,1,16570.9445,0.0000,0.9036,2739.9174,0.0000,0.1246,15.0208,0.0000,0.0273,19325.8827,0.0000,1.0554,19325.8828,26,0
36800.0000,3680,2020,2.7000,20,1000,1000,1,16575.8145,0.0000,0.9036,2739.1729,0.0000,0.1246,15.0167,0.0000,0.0273,19330.0041,0.0000,1.0554,19330.0039,25,0
36810.0000,3681,2020,2.7000,20,1000,1000,1,16579.6278,0.0000,0.9035,2738.4287,0.0000,0.1245,15.0126,0.0000,0.0272,19333.0691,0.0000,1.0553,19333.0684,25,0
36820.0000,3682,2018,2.7000,18,1000,1000,1,16584.7158,0.0000,0.9034,2737.6850,0.0000,0.1245,15.0085,0.0000,0.0272,19337.4093,0.0000,1.0552,19337.4102,25,0
36830.0000,3683,2016,2.7000,16,1000,1000,1,16589.2070,0.0000,0.9034,2736.9417,0.0000,0.1245,15.0045,0.0000,0.0272,19341.1531,0.0000,1.0551,19341.1523,25,0
36840.0000,3684,2013,2.7000,13,1000,1000,1,16592.6730,0.0000,0.9033,2736.1988,0.0000,0.1244,15.0004,0.0000,0.0272,19343.8722,0.0000,1.0550,19343.8730,25,0
36850.0000,3685,2011,2.7000,11,1000,1000,1,16598.4449,0.0000,0.9032,2735.4562,0.0000,0.1244,14.9963,0.0000,0.0272,19348.8974,0.0000,1.0548,19348.8965,25,0
36860.0000,3686,2008,2.7000,8,1000,1000,1,16603.1168,0.0000,0.9032,2734.7141,0.0000,0.1244,14.9922,0.0000,0.0272,19352.8231,0.0000,1.0548,19352.8223,25,0
36870.0000,3687,2002,2.7000,2,1000,1000,1,16607.0499,0.0000,0.9032,2733.9724,0.0000,0.1243,14.9882,0.0000,0.0272,19356.0104,0.0000,1.0547,19356.0098,24,0
36880.0000,3688,2000,2.7000,0,1000,1000,1,16612.1659,0.0000,0.9032,2755.9559,0.0000,0.1244,14.9841,0.0000,0.0272,19383.1059,0.0000,1.0548,19383.1055,24,0
36890.0000,3689,2002,2.7000,2,1000,1000,1,16615.3855,0.0000,0.9032,2755.2088,0.0000,0.1244,14.9801,0.0000,0.0272,19385.5744,0.0000,1.0548,19385.5742,24,0
36900.0000,3690,2000,2.7000,0,1000,1000,1,16618.1348,0.0000,0.9033,2756.7391,0.0000,0.1244,14.9760,0.0000,0.0272,19389.8499,0.0000,1.0548,19389.8496,24,0
36910.0000,3691,2000,2.7000,0,1000,1000,1,16625.5184,0.0000,0.9033,2757.3090,0.0000,0.1244,14.9719,0.0000,0.0272,19397.7994,0.0000,1.0548,19397.7988,24,0
36920.0000,3692,2002,2.7000,2,1000,1000,1,16629.4151,0.0000,0.9032,2757.8326,0.0000,0.1244,14.9679,0.0000,0.0272,19402.2156,0.0000,1.0547,19402.2148,24,0
36930.0000,3693,2000,2.7000,0,1000,1000,1,16633.2233,0.0000,0.9031,2758.0858,0.0000,0.1244,14.9638,0.0000,0.0272,19406.2729,0.0000,1.0546,19406.2734,24,0
36940.0000,3694,1995,2.7000,1,994,1000,1,16639.3981,0.0000,0.9031,2758.4513,0.0000,0.1245,14.9598,0.0000,0.0272,19412.8092,0.0000,1.0547,19412.8086,24,0
36950.0000,3695,2005,2.7000,5,1000,1000,1,16642.4689,0.0000,0.9031,2759.2794,0.0000,0.1246,14.9557,0.0000,0.0271,19416.7040,0.0000,1.0549,19416.7031,24,0
36960.0000,3696,2002,2.7000,2,1000,1000,1,16647.5022,0.0000,0.9031,2758.5328,0.0000,0.1246,14.9517,0.0000,0.0271,19420.9868,0.0000,1.0549,19420.9863,24,0
36970.0000,3697,2002,2.7000,2,1000,1000,1,16653.0319,0.0000,0.9031,2757.7867,0.0000,0.1246,14.9476,0.0000,0.0271,19425.7662,0.0000,1.0548,19425.7656,24,0
36980.0000,3698,1997,2.7000,0,997,1000,1,16655.3502,0.0000,0.9031,2760.5769,0.0000,0.1246,14.9436,0.0000,0.0271,19430.8707,0.0000,1.0548,19430.8711,24,0
36990.0000,3699,1997,2.7000,0,997,1000,1,16660.2012,0.0000,0.9031,2761.3613,0.0000,0.1247,14.9396,0.0000,0.0271,19436.5020,0.0000,1.0549,19436.5020,24,0
37000.0000,3700,2007,2.7000,7,1000,1000,1,16665.6196,0.0000,0.9032,2761.3954,0.0000,0.1247,14.9355,0.0000,0.0271,19441.9505,0.0000,1.0551,19441.9512,25,0
37010.0000,3701,2007,2.7000,7,1000,1000,1,16670.6444,0.0000,0.9033,2760.6492,0.0000,0.1247,14.9315,0.0000,0.0271,19446.2251,0.0000,1.0551,19446.2246,25,0
37020.0000,3702,2003,2.7000,3,1000,1000,1,16675.5432,0.0000,0.9033,2759.9035,0.0000,0.1247,14.9275,0.0000,0.0271,19450.3741,0.0000,1.0550,19450.3750,24,0
37030.0000,3703,2002,2.7000,2,1000,1000,1,16676.9892,0.0000,0.9032,2759.1582,0.0000,0.1246,14.9234,0.0000,0.0271,19451.0709,0.0000,1.0550,19451.0703,24,0
37040.0000,3704,2006,2.7000,6,1000,1000,1,16684.3996,0.0000,0.9032,2758.4133,0.0000,0.1246,14.9194,0.0000,0.0271,19457.7323,0.0000,1.0549,19457.7324,25,0
37050.0000,3705,2002,2.7000,2,1000,1000,1,16688.9489,0.0000,0.9032,2764.0780,0.0000,0.1246,14.9154,0.0000,0.0271,19467.9422,0.0000,1.0548,19467.9414,24,0
37060.0000,3706,2002,2.7000,2,1000,1000,1,16693.6479,0.0000,0.9032,2764.6168,0.0000,0.1246,14.9113,0.0000,0.0271,19473.1761,0.0000,1.0549,19473.1758,24,0
37070.0000,3707,2006,2.7000,6,1000,1000,1,16697.8509,0.0000,0.9032,2763.8710,0.0000,0.1245,14.9073,0.0000,0.0271,19476.6293,0.0000,1.0548,19476.6289,25,0
37080.0000,3708,2010,2.7000,10,1000,1000,1,16702.1541,0.0000,0.9032,2763.1256,0.0000,0.1245,14.9033,0.0000,0.0270,19480.1831,0.0000,1.0548,19480.1836,25,0
37090.0000,3709,2013,2.7000,13,1000,1000,1,16705.7375,0.0000,0.9033,2762.3807,0.0000,0.1245,14.8993,0.0000,0.0270,19483.0175,0.0000,1.0548,19483.0176,25,0
37100.0000,3710,2015,2.7000,15,1000,1000,1,16711.7907,0.0000,0.9032,2761.6361,0.0000,0.1244,14.8953,0.0000,0.0270,19488.3221,0.0000,1.0547,19488.3223,25,0
37110.0000,3711,2010,2.7000,10,1000,1000,1,16715.5388,0.0000,0.9031,2760.8919,0.0000,0.1244,14.8912,0.0000,0.0270,19491.3220,0.0000,1.0545,19491.3223,25,0
37120.0000,3712,2010,2.7000,10,1000,1000,1,16720.3944,0.0000,0.9030,2760.1481,0.0000,0.1244,14.8872,0.0000,0.0270,19495.4297,0.0000,1.0544,19495.4297,25,0
37130.0000,3713,2011,2.7000,11,1000,1000,1,16724.2422,0.0000,0.9031,2759.4048,0.0000,0.1243,14.8832,0.0000,0.0270,19498.5302,0.0000,1.0545,19498.5293,25,0
37140.0000,3714,2010,2.7000,10,1000,1000,1,16727.4686,0.0000,0.9030,2758.6618,0.0000,0.1243,14.8792,0.0000,0.0270,19501.0096,0.0000,1.0544,19501.0098,25,0
37150.0000,3715,2011,2.7000,11,1000,1000,1,16734.2948,0.0000,0.9031,2757.9192,0.0000,0.1243,14.8752,0.0000,0.0270,19507.0893,0.0000,1.0544,19507.0898,25,0
37160.0000,3716,2011,2.7000,11,1000,1000,1,16736.3039,0.0000,0.9030,2757.1770,0.0000,0.1242,14.8712,0.0000,0.0270,19508.3522,0.0000,1.0543,19508.3516,25,0
37170.0000,3717,2014,2.7000,14,1000,1000,1,16743.1859,0.0000,0.9031,2756.4353,0.0000,0.1242,14.8672,0.0000,0.0270,19514.4884,0.0000,1.0543,19514.4883,25,0
37180.0000,3718,2017,2.7000,17,1000,1000,1,16748.1076,0.0000,0.9031,2755.6939,0.0000,0.1242,14.8632,0.0000,0.0270,19518.6647,0.0000,1.0542,19518.6641,25,0
37190.0000,3719,2013,2.7000,13,1000,1000,1,16751.4122,0.0000,0.9030,2754.9529,0.0000,0.1241,14.8592,0.0000,0.0270,19521.2244,0.0000,1.0541,19521.2246,25,0
37200.0000,3720,2016,2.7000,16,1000,1000,1,16756.7816,0.0000,0.9031,2754.2123,0.0000,0.1241,14.8552,0.0000,0.0270,19525.8492,0.0000,1.0542,19525.8496,25,0
37210.0000,3721,2013,2.7000,13,1000,1000,1,16760.6998,0.0000,0.9031,2753.4721,0.0000,0.1241,14.8512,0.0000,0.0270,19529.0232,0.0000,1.0541,19529.0234,25,0
37220.0000,3722,2015,2.7000,15,1000,1000,1,16763.1735,0.0000,0.9030,2752.7324,0.0000,0.1240,14.8472,0.0000,0.0269,19530.7531,0.0000,1.0540,19530.7539,25,0
37230.0000,3723,2019,2.7000,19,1000,1000,1,16770.6538,0.0000,0.9031,2751.9930,0.0000,0.1240,14.8433,0.0000,0.0269,19537.4900,0.0000,1.0540,19537.4902,25,0
37240.0000,3724,2010,2.7000,10,1000,1000,1,16774.8206,0.0000,0.9031,2751.2540,0.0000,0.1240,14.8393,0.0000,0.0269,19540.9138,0.0000,1.0540,19540.9141,25,0
37250.0000,3725,2017,2.7000,17,1000,1000,1,16778.8487,0.0000,0.9033,2750.5154,0.0000,0.1239,14.8353,0.0000,0.0269,19544.1993,0.0000,1.0541,19544.1992,25,0
37260.0000,3726,2007,2.7000,7,1000,1000,1,16783.7811,0.0000,0.9033,2749.7772,0.0000,0.1239,14.8313,0.0000,0.0269,19548.3896,0.0000,1.0541,19548.3887,25,0
37270.0000,3727,2006,2.7000,6,1000,1000,1,16788.1362,0.0000,0.9032,2749.0394,0.0000,0.1239,14.8273,0.0000,0.0269,19552.0029,0.0000,1.0540,19552.0020,25,0
37280.0000,3728,2003,2.7000,3,1000,1000,1,16793.0373,0.0000,0.9033,2748.3020,0.0000,0.1238,14.8233,0.0000,0.0269,19556.1627,0.0000,1.0541,19556.1621,24,0
37290.0000,3729,2009,2.7000,9,1000,1000,1,16797.5741,0.0000,0.9034,2747.5650,0.0000,0.1238,14.8194,0.0000,0.0269,19559.9584,0.0000,1.0541,19559.9590,25,0
37300.0000,3730,2008,2.7000,8,1000,1000,1,16800.4144,0.0000,0.9033,2746.8284,0.0000,0.1238,14.8154,0.0000,0.0269,19562.0582,0.0000,1.0540,19562.0586,25,0
37310.0000,3731,2005,2.7000,5,1000,1000,1,16806.0282,0.0000,0.9034,2746.0922,0.0000,0.1237,14.8114,0.0000,0.0269,19566.9318,0.0000,1.0540,19566.9316,24,0
37320.0000,3732,2002,2.7000,2,1000,1000,1,16805.5999,0.0000,0.9032,2745.3563,0.0000,0.1237,14.8075,0.0000,0.0269,19565.7637,0.0000,1.0538,19565.7637,24,0
37330.0000,3733,2011,2.7000,11,1000,1000,1,16815.4741,0.0000,0.9033,2744.6209,0.0000,0.1237,14.8035,0.0000,0.0269,19574.8985,0.0000,1.0539,19574.8984,25,0
37340.0000,3734,2008,2.7000,8,1000,1000,1,16817.9014,0.0000,0.9033,2743.8859,0.0000,0.1236,14.7995,0.0000,0.0269,19576.5868,0.0000,1.0538,19576.5859,25,0
37350.0000,3735,2009,2.7000,9,1000,1000,1,16824.7666,0.0000,0.9033,2743.1512,0.0000,0.1236,14.7956,0.0000,0.0269,19582.7133,0.0000,1.0537,19582.7129,25,0
37360.0000,3736,2006,2.7000,6,1000,1000,1,16828.9850,0.0000,0.9033,2742.4170,0.0000,0.1236,14.7916,0.0000,0.0268,19586.1936,0.0000,1.0537,19586.1934,25,0
37370.0000,3737,2007,2.7000,7,1000,1000,1,16834.1022,0.0000,0.9032,2741.6831,0.0000,0.1235,14.7876,0.0000,0.0268,19590.5729,0.0000,1.0536,19590.5723,25,0
37380.0000,3738,2011,2.7000,11,1000,1000,1,16837.4213,0.0000,0.9032,2740.9497,0.0000,0.1235,14.7837,0.0000,0.0268,19593.1546,0.0000,1.0536,19593.1543,25,0
37390.0000,3739,2014,2.7000,14,1000,1000,1,16841.9976,0.0000,0.9033,2740.2166,0.0000,0.1235,14.7797,0.0000,0.0268,19596.9939,0.0000,1.0536,19596.9941,25,0
37400.0000,3740,2011,2.7000,11,1000,1000,1,16847.4509,0.0000,0.9033,2739.4839,0.0000,0.1234,14.7758,0.0000,0.0268,19601.7106,0.0000,1.0536,19601.7109,25,0
37410.0000,3741,2006,2.7000,6,1000,1000,1,16852.0379,0.0000,0.9033,2738.7516,0.0000,0.1234,14.7718,0.0000,0.0268,19605.5614,0.0000,1.0535,19605.5605,25,0
37420.0000,3742,2006,2.7000,6,1000,1000,1,16854.4894,0.0000,0.9032,2738.0197,0.0000,0.1234,14.7679,0.0000,0.0268,19607.2770,0.0000,1.0534,19607.2773,25,0
37430.0000,3743,2001,2.7000,1,1000,1000,1,16860.5132,0.0000,0.9032,2737.2882,0.0000,0.1234,14.7639,0.0000,0.0268,19612.5654,0.0000,1.0534,19612.5645,24,0
37440.0000,3744,1998,2.7000,0,998,1000,1,16864.5954,0.0000,0.9032,2736.5571,0.0000,0.1233,14.7600,0.0000,0.0268,19615.9125,0.0000,1.0533,19615.9121,24,0
37450.0000,3745,2001,2.7000,1,1000,1000,1,16868.0951,0.0000,0.9031,2783.8497,0.0000,0.1234,14.7561,0.0000,0.0268,19666.7008,0.0000,1.0534,19666.7012,24,0
37460.0000,3746,2005,2.7000,5,1000,1000,1,16874.5350,0.0000,0.9032,2783.1065,0.0000,0.1234,14.7521,0.0000,0.0268,19672.3936,0.0000,1.0534,19672.3945,24,0
37470.0000,3747,2003,2.7000,3,1000,1000,1,16878.9243,0.0000,0.9033,2782.3637,0.0000,0.1234,14.7482,0.0000,0.0268,19676.0362,0.0000,1.0534,19676.0371,24,0
37480.0000,3748,2000,2.7000,0,1000,1000,1,16881.5497,0.0000,0.9033,2785.7174,0.0000,0.1234,14.7442,0.0000,0.0268,19682.0114,0.0000,1.0534,19682.0117,24,0
37490.0000,3749,2002,2.7000,2,1000,1000,1,16887.9325,0.0000,0.9034,2785.3486,0.0000,0.1234,14.7403,0.0000,0.0268,19688.0214,0.0000,1.0536,19688.0215,24,0
37500.0000,3750,2003,2.7000,3,1000,1000,1,16889.9924,0.0000,0.9034,2784.6058,0.0000,0.1234,14.7364,0.0000,0.0267,19689.3346,0.0000,1.0535,19689.3340,24,0
37510.0000,3751,2004,2.7000,4,1000,1000,1,16896.4468,0.0000,0.9033,2786.7532,0.0000,0.1234,14.7325,0.0000,0.0267,19697.9325,0.0000,1.0535,19697.9316,24,0
37520.0000,3752,2008,2.7000,8,1000,1000,1,16901.6615,0.0000,0.9034,2786.0105,0.0000,0.1233,14.7285,0.0000,0.0267,19702.4005,0.0000,1.0535,19702.4004,25,0
37530.0000,3753,2006,2.7000,6,1000,1000,1,16906.3935,0.0000,0.9034,2785.2681,0.0000,0.1233,14.7246,0.0000,0.0267,19706.3862,0.0000,1.0534,19706.3867,25,0
37540.0000,3754,2005,2.7000,5,1000,1000,1,16910.0202,0.0000,0.9034,2784.5262,0.0000,0.1233,14.7207,0.0000,0.0267,19709.2671,0.0000,1.0534,19709.2676,24,0
37550.0000,3755,2007,2.7000,7,1000,1000,1,16913.8859,0.0000,0.9033,2783.7846,0.0000,0.1232,14.7168,0.0000,0.0267,19712.3873,0.0000,1.0533,19712.3867,25,0
37560.0000,3756,2008,2.7000,8,1000,1000,1,16919.1477,0.0000,0.9033,2783.0435,0.0000,0.1232,14.7128,0.0000,0.0267,19716.9040,0.0000,1.0532,19716.9043,25,0
37570.0000,3757,2003,2.7000,3,1000,1000,1,16923.0606,0.0000,0.9032,2782.3027,0.0000,0.1232,14.7089,0.0000,0.0267,19720.0723,0.0000,1.0531,19720.0723,24,0
37580.0000,3758,2006,2.7000,6,1000,1000,1,16928.6399,0.0000,0.9032,2781.5624,0.0000,0.1232,14.7050,0.0000,0.0267,19724.9072,0.0000,1.0530,19724.9082,25,0
37590.0000,3759,2006,2.7000,6,1000,1000,1,16933.4879,0.0000,0.9032,2780.8224,0.0000,0.1231,14.7011,0.0000,0.0267,19729.0114,0.0000,1.0530,19729.0117,25,0
37600.0000,3760,2002,2.7000,2,1000,1000,1,16937.3823,0.0000,0.9031,2791.6236,0.0000,0.1232,14.6972,0.0000,0.0267,19743.7031,0.0000,1.0530,19743.7031,24,0
37610.0000,3761,1995,2.7000,0,995,1000,1,16941.6289,0.0000,0.9030,2792.0434,0.0000,0.1232,14.6933,0.0000,0.0267,19748.3656,0.0000,1.0529,19748.3652,24,0
37620.0000,3762,2001,2.7000,1,1000,1000,1,16946.8633,0.0000,0.9030,2792.3969,0.0000,0.1234,14.6894,0.0000,0.0267,19753.9496,0.0000,1.0530,19753.9492,24,0
37630.0000,3763,2003,2.7000,3,1000,1000,1,16951.7839,0.0000,0.9029,2792.9517,0.0000,0.1234,14.6855,0.0000,0.0267,19759.4210,0.0000,1.0529,19759.4219,24,0
37640.0000,3764,1998,2.7000,0,998,1000,1,16955.4588,0.0000,0.9028,2792.2096,0.0000,0.1234,14.6816,0.0000,0.0266,19762.3500,0.0000,1.0528,19762.3496,24,0
37650.0000,3765,1996,2.7000,1,995,1000,1,16960.6625,0.0000,0.9027,2794.0279,0.0000,0.1235,14.6777,0.0000,0.0266,19769.3681,0.0000,1.0528,19769.3672,24,0
37660.0000,3766,2008,2.7000,8,1000,1000,1,16964.7077,0.0000,0.9028,2794.5482,0.0000,0.1236,14.6738,0.0000,0.0266,19773.9297,0.0000,1.0531,19773.9297,25,0
37670.0000,3767,2010,2.7000,10,1000,1000,1,16969.8170,0.0000,0.9029,2793.8064,0.0000,0.1236,14.6699,0.0000,0.0266,19778.2933,0.0000,1.0531,19778.2930,25,0
37680.0000,3768,2012,2.7000,12,1000,1000,1,16974.1286,0.0000,0.9029,2793.0649,0.0000,0.1235,14.6660,0.0000,0.0266,19781.8595,0.0000,1.0531,19781.8594,25,0
37690.0000,3769,2010,2.7000,10,1000,1000,1,16975.5047,0.0000,0.9029,2792.3239,0.0000,0.1235,14.6621,0.0000,0.0266,19782.4906,0.0000,1.0530,19782.4902,25,0
37700.0000,3770,2013,2.7000,13,1000,1000,1,16982.9304,0.0000,0.9029,2791.5832,0.0000,0.1235,14.6582,0.0000,0.0266,19789.1718,0.0000,1.0530,19789.1719,25,0
37710.0000,3771,2014,2.7000,14,1000,1000,1,16987.4941,0.0000,0.9029,2790.8429,0.0000,0.1234,14.6543,0.0000,0.0266,19792.9913,0.0000,1.0529,19792.9922,25,0
37720.0000,3772,2015,2.7000,15,1000,1000,1,16992.5191,0.0000,0.9028,2790.1030,0.0000,0.1234,14.6504,0.0000,0.0266,19797.2725,0.0000,1.0528,19797.2734,25,0
37730.0000,3773,2014,2.7000,14,1000,1000,1,16996.8500,0.0000,0.9027,2789.3635,0.0000,0.1234,14.6465,0.0000,0.0266,19800.8601,0.0000,1.0527,19800.8594,25,0
37740.0000,3774,2020,2.7000,20,1000,1000,1,16999.2617,0.0000,0.9028,2788.6244,0.0000,0.1233,14.6427,0.0000,0.0266,19802.5288,0.0000,1.0527,19802.5293,25,0
37750.0000,3775,2017,2.7000,17,1000,1000,1,17005.6375,0.0000,0.9026,2787.8857,0.0000,0.1233,14.6388,0.0000,0.0266,19808.1620,0.0000,1.0525,19808.1621,25,0
37760.0000,3776,2016,2.7000,16,1000,1000,1,17010.3779,0.0000,0.9026,2787.1474,0.0000,0.1233,14.6349,0.0000,0.0266,19812.1602,0.0000,1.0525,19812.1602,25,0
37770.0000,3777,2023,2.7000,23,1000,1000,1,17015.1703,0.0000,0.9027,2786.4095,0.0000,0.1232,14.6310,0.0000,0.0266,19816.2108,0.0000,1.0525,19816.2109,26,0
37780.0000,3778,2027,2.7000,27,1000,1000,1,17016.9310,0.0000,0.9027,2785.6719,0.0000,0.1232,14.6272,0.0000,0.0265,19817.2301,0.0000,1.0525,19817.2305,26,0
37790.0000,3779,2029,2.7000,29,1000,1000,1,17022.4283,0.0000,0.9027,2784.9348,0.0000,0.1232,14.6233,0.0000,0.0265,19821.9864,0.0000,1.0524,19821.9863,26,0
37800.0000,3780,2025,2.7000,25,1000,1000,1,17028.4793,0.0000,0.9026,2784.1980,0.0000,0.1231,14.6194,0.0000,0.0265,19827.2968,0.0000,1.0523,19827.2969,26,0
37810.0000,3781,2026,2.7000,26,1000,1000,1,17032.2236,0.0000,0.9027,2783.4617,0.0000,0.1231,14.6156,0.0000,0.0265,19830.3009,0.0000,1.0523,19830.3008,26,0
37820.0000,3782,2028,2.7000,28,1000,1000,1,17037.4388,0.0000,0.9026,2782.7257,0.0000,0.1231,14.6117,0.0000,0.0265,19834.7762,0.0000,1.0522,19834.7754,26,0
37830.0000,3783,2022,2.7000,22,1000,1000,1,17041.8248,0.0000,0.9026,2781.9901,0.0000,0.1231,14.6078,0.0000,0.0265,19838.4227,0.0000,1.0522,19838.4219,26,0
37840.0000,3784,2018,2.7000,18,1000,1000,1,17046.0570,0.0000,0.9025,2781.2549,0.0000,0.1230,14.6040,0.0000,0.0265,19841.9158,0.0000,1.0521,19841.9160,25,0
37850.0000,3785,2021,2.7000,21,1000,1000,1,17051.3246,0.0000,0.9027,2780.5201,0.0000,0.1230,14.6001,0.0000,0.0265,19846.4449,0.0000,1.0522,19846.4453,26,0
37860.0000,3786,2017,2.7000,17,1000,1000,1,17054.9317,0.0000,0.9026,2779.7857,0.0000,0.1230,14.5963,0.0000,0.0265,19849.3136,0.0000,1.0521,19849.3145,25,0
37870.0000,3787,2020,2.7000,20,1000,1000,1,17058.7076,0.0000,0.9026,2779.0517,0.0000,0.1229,14.5924,0.0000,0.0265,19852.3516,0.0000,1.0520,19852.3516,25,0
37880.0000,3788,2023,2.7000,23,1000,1000,1,17064.5039,0.0000,0.9026,2778.3180,0.0000,0.1229,14.5885,0.0000,0.0265,19857.4105,0.0000,1.0520,19857.4102,26,0
37890.0000,3789,2018,2.7000,18,1000,1000,1,17069.0698,0.0000,0.9025,2777.5848,0.0000,0.1229,14.5847,0.0000,0.0265,19861.2392,0.0000,1.0519,19861.2383,25,0
37900.0000,3790,2015,2.7000,15,1000,1000,1,17072.6856,0.0000,0.9026,2776.8519,0.0000,0.1228,14.5809,0.0000,0.0265,19864.1183,0.0000,1.0519,19864.1191,25,0
37910.0000,3791,2016,2.7000,16,1000,1000,1,17077.5477,0.0000,0.9026,2776.1194,0.0000,0.1228,14.5770,0.0000,0.0265,19868.2441,0.0000,1.0519,19868.2441,25,0
37920.0000,3792,2020,2.7000,20,1000,1000,1,17080.6205,0.0000,0.9027,2775.3873,0.0000,0.1228,14.5732,0.0000,0.0265,19870.5810,0.0000,1.0519,19870.5801,25,0
37930.0000,3793,2017,2.7000,17,1000,1000,1,17087.4767,0.0000,0.9026,2774.6556,0.0000,0.1227,14.5693,0.0000,0.0264,19876.7016,0.0000,1.0518,19876.7012,25,0
37940.0000,3794,2016,2.7000,16,1000,1000,1,17091.4003,0.0000,0.9027,2773.9243,0.0000,0.1227,14.5655,0.0000,0.0264,19879.8900,0.0000,1.0518,19879.8906,25,0
37950.0000,3795,2010,2.7000,10,1000,1000,1,17096.1349,0.0000,0.9027,2773.1933,0.0000,0.1227,14.5616,0.0000,0.0264,19883.8898,0.0000,1.0518,19883.8906,25,0
37960.0000,3796,2005,2.7000,5,1000,1000,1,17099.9383,0.0000,0.9026,2772.4628,0.0000,0.1226,14.5578,0.0000,0.0264,19886.9588,0.0000,1.0517,19886.9590,24,0
37970.0000,3797,2003,2.7000,3,1000,1000,1,17105.5465,0.0000,0.9026,2809.5821,0.0000,0.1227,14.5540,0.0000,0.0264,19929.6826,0.0000,1.0517,19929.6816,24,0
37980.0000,3798,2001,2.7000,1,1000,1000,1,17106.3423,0.0000,0.9026,2808.8424,0.0000,0.1226,14.5501,0.0000,0.0264,19929.7348,0.0000,1.0517,19929.7344,24,0
37990.0000,3799,2007,2.7000,7,1000,1000,1,17114.0880,0.0000,0.9027,2808.1030,0.0000,0.1226,14.5463,0.0000,0.0264,19936.7373,0.0000,1.0517,19936.7363,25,0
38000.0000,3800,2007,2.7000,7,1000,1000,1,17117.7882,0.0000,0.9028,2810.7498,0.0000,0.1226,14.5425,0.0000,0.0264,19943.0804,0.0000,1.0518,19943.0801,25,0
38010.0000,3801,2000,2.7000,0,1000,1000,1,17119.2899,0.0000,0.9027,2810.0103,0.0000,0.1226,14.5387,0.0000,0.0264,19943.8389,0.0000,1.0517,19943.8398,24,0
38020.0000,3802,2003,2.7000,3,1000,1000,1,17127.7850,0.0000,0.9027,2811.6763,0.0000,0.1226,14.5348,0.0000,0.0264,19953.9962,0.0000,1.0517,19953.9961,24,0
38030.0000,3803,1999,2.7000,0,999,1000,1,17130.8064,0.0000,0.9026,2810.9370,0.0000,0.1226,14.5310,0.0000,0.0264,19956.2744,0.0000,1.0516,19956.2734,24,0
38040.0000,3804,2000,2.7000,0,1000,1000,1,17135.1412,0.0000,0.9025,2812.9006,0.0000,0.1227,14.5272,0.0000,0.0264,19962.5689,0.0000,1.0515,19962.5684,24,0
38050.0000,3805,2000,2.7000,0,1000,1000,1,17139.9479,0.0000,0.9025,2812.1613,0.0000,0.1226,14.5234,0.0000,0.0264,19966.6326,0.0000,1.0515,19966.6328,24,0
38060.0000,3806,1998,2.7000,0,998,1000,1,17143.8766,0.0000,0.9025,2813.6596,0.0000,0.1226,14.5196,0.0000,0.0264,19972.0557,0.0000,1.0515,19972.0566,24,0
38070.0000,3807,2000,2.7000,0,1000,1000,1,17149.6800,0.0000,0.9024,2814.6408,0.0000,0.1228,14.5157,0.0000,0.0263,19978.8365,0.0000,1.0516,19978.8359,24,0
38080.0000,3808,2002,2.7000,2,1000,1000,1,17155.1455,0.0000,0.9024,2814.7457,0.0000,0.1228,14.5119,0.0000,0.0263,19984.4031,0.0000,1.0515,19984.4023,24,0
38090.0000,3809,1999,2.7000,0,999,1000,1,17159.7650,0.0000,0.9023,2815.5327,0.0000,0.1229,14.5081,0.0000,0.0263,19989.8058,0.0000,1.0515,19989.8066,24,0
38100.0000,3810,2005,2.7000,5,1000,1000,1,17163.9435,0.0000,0.9023,2815.2530,0.0000,0.1229,14.5043,0.0000,0.0263,19993.7009,0.0000,1.0515,19993.7012,24,0
38110.0000,3811,2008,2.7000,8,1000,1000,1,17168.8795,0.0000,0.9023,2814.5143,0.0000,0.1229,14.5005,0.0000,0.0263,19997.8943,0.0000,1.0515,19997.8945,25,0
38120.0000,3812,2013,2.7000,13,1000,1000,1,17172.9159,0.0000,0.9024,2813.7760,0.0000,0.1229,14.4967,0.0000,0.0263,20001.1886,0.0000,1.0516,20001.1895,25,0
38130.0000,3813,2014,2.7000,14,1000,1000,1,17177.1713,0.0000,0.9025,2813.0380,0.0000,0.1228,14.4929,0.0000,0.0263,20004.7022,0.0000,1.0516,20004.7031,25,0
38140.0000,3814,2018,2.7000,18,1000,1000,1,17181.5963,0.0000,0.9025,2812.3005,0.0000,0.1228,14.4891,0.0000,0.0263,20008.3859,0.0000,1.0516,20008.3867,25,0
38150.0000,3815,2029,2.7000,29,1000,1000,1,17186.7828,0.0000,0.9027,2811.5633,0.0000,0.1228,14.4853,0.0000,0.0263,20012.8314,0.0000,1.0517,20012.8320,26,0
38160.0000,3816,2027,2.7000,27,1000,1000,1,17191.1076,0.0000,0.9026,2810.8265,0.0000,0.1227,14.4815,0.0000,0.0263,20016.4156,0.0000,1.0517,20016.4160,26,0
38170.0000,3817,2026,2.7000,26,1000,1000,1,17194.9457,0.0000,0.9026,2810.0901,0.0000,0.1227,14.4777,0.0000,0.0263,20019.5135,0.0000,1.0516,20019.5137,26,0
38180.0000,3818,2027,2.7000,27,1000,1000,1,17198.8675,0.0000,0.9027,2809.3541,0.0000,0.1227,14.4739,0.0000,0.0263,20022.6955,0.0000,1.0516,20022.6953,26,0
38190.0000,3819,2023,2.7000,23,1000,1000,1,17204.6863,0.0000,0.9026,2808.6185,0.0000,0.1226,14.4701,0.0000,0.0263,20027.7749,0.0000,1.0516,20027.7754,26,0
38200.0000,3820,2026,2.7000,26,1000,1000,1,17209.4795,0.0000,0.9027,2807.8832,0.0000,0.1226,14.4663,0.0000,0.0263,20031.8291,0.0000,1.0516,20031.8301,26,0
38210.0000,3821,2022,2.7000,22,1000,1000,1,17213.4093,0.0000,0.9026,2807.1484,0.0000,0.1226,14.4626,0.0000,0.0262,20035.0202,0.0000,1.0515,20035.0195,26,0
38220.0000,3822,2014,2.7000,14,1000,1000,1,17216.0188,0.0000,0.9026,2806.4139,0.0000,0.1226,14.4588,0.0000,0.0262,20036.8915,0.0000,1.0514,20036.8906,25,0
38230.0000,3823,2011,2.7000,11,1000,1000,1,17222.3451,0.0000,0.9025,2805.6798,0.0000,0.1225,14.4550,0.0000,0.0262,20042.4800,0.0000,1.0513,20042.4805,25,0
38240.0000,3824,2011,2.7000,11,1000,1000,1,17227.1281,0.0000,0.9026,2804.9461,0.0000,0.1225,14.4512,0.0000,0.0262,20046.5255,0.0000,1.0513,20046.5254,25,0
38250.0000,3825,2010,2.7000,10,1000,1000,1,17232.1342,0.0000,0.9026,2804.2128,0.0000,0.1225,14.4474,0.0000,0.0262,20050.7945,0.0000,1.0512,20050.7949,25,0
38260.0000,3826,2008,2.7000,8,1000,1000,1,17235.4254,0.0000,0.9026,2803.4799,0.0000,0.1224,14.4437,0.0000,0.0262,20053.3489,0.0000,1.0512,20053.3496,25,0
38270.0000,3827,2012,2.7000,12,1000,1000,1,17241.2139,0.0000,0.9027,2802.7473,0.0000,0.1224,14.4399,0.0000,0.0262,20058.4011,0.0000,1.0513,20058.4004,25,0
38280.0000,3828,2011,2.7000,11,1000,1000,1,17245.4297,0.0000,0.9028,2802.0151,0.0000,0.1224,14.4361,0.0000,0.0262,20061.8810,0.0000,1.0514,20061.8809,25,0
38290.0000,3829,2007,2.7000,7,1000,1000,1,17249.6575,0.0000,0.9027,2801.2834,0.0000,0.1223,14.4323,0.0000,0.0262,20065.3732,0.0000,1.0512,20065.3730,25,0
38300.0000,3830,2003,2.7000,3,1000,1000,1,17252.4882,0.0000,0.9027,2800.5520,0.0000,0.1223,14.4286,0.0000,0.0262,20067.4687,0.0000,1.0511,20067.4688,24,0
38310.0000,3831,1996,2.7000,0,996,1000,1,17255.5691,0.0000,0.9026,2826.1197,0.0000,0.1223,14.4248,0.0000,0.0262,20096.1136,0.0000,1.0511,20096.1133,24,0
38320.0000,3832,1993,2.7000,0,993,1000,1,17263.5792,0.0000,0.9025,2826.5797,0.0000,0.1224,14.4210,0.0000,0.0262,20104.5800,0.0000,1.0511,20104.5801,24,0
38330.0000,3833,1996,2.7000,1,995,1000,1,17266.9353,0.0000,0.9024,2827.1991,0.0000,0.1226,14.4173,0.0000,0.0262,20108.5517,0.0000,1.0512,20108.5508,24,0
38340.0000,3834,1998,2.7000,3,995,1000,1,17272.0035,0.0000,0.9023,2827.7233,0.0000,0.1228,14.4135,0.0000,0.0262,20114.1403,0.0000,1.0513,20114.1406,24,0
38350.0000,3835,2005,2.7000,5,1000,1000,1,17276.7237,0.0000,0.9023,2827.6863,0.0000,0.1230,14.4098,0.0000,0.0262,20118.8198,0.0000,1.0515,20118.8203,24,0
38360.0000,3836,2003,2.7000,3,1000,1000,1,17280.8746,0.0000,0.9023,2826.9491,0.0000,0.1229,14.4060,0.0000,0.0261,20122.2297,0.0000,1.0514,20122.2305,24,0
38370.0000,3837,2000,2.7000,3,997,1000,1,17286.2759,0.0000,0.9023,2826.2124,0.0000,0.1229,14.4022,0.0000,0.0261,20126.8905,0.0000,1.0513,20126.8906,24,0
38380.0000,3838,2002,2.7000,2,1000,1000,1,17290.5978,0.0000,0.9023,2828.8625,0.0000,0.1230,14.3985,0.0000,0.0261,20133.8588,0.0000,1.0514,20133.8594,24,0
38390.0000,3839,2002,2.7000,2,1000,1000,1,17295.2867,0.0000,0.9023,2830.0338,0.0000,0.1230,14.3947,0.0000,0.0261,20139.7152,0.0000,1.0514,20139.7148,24,0
38400.0000,3840,2004,2.7000,4,1000,1000,1,17299.2140,0.0000,0.9024,2829.8546,0.0000,0.1230,14.3910,0.0000,0.0261,20143.4596,0.0000,1.0516,20143.4590,24,0
38410.0000,3841,2006,2.7000,6,1000,1000,1,17304.0436,0.0000,0.9025,2829.1178,0.0000,0.1230,14.3872,0.0000,0.0261,20147.5487,0.0000,1.0517,20147.5488,25,0
38420.0000,3842,2005,2.7000,5,1000,1000,1,17307.2001,0.0000,0.9024,2828.3814,0.0000,0.1230,14.3835,0.0000,0.0261,20149.9650,0.0000,1.0515,20149.9648,24,0
38430.0000,3843,2004,2.7000,4,1000,1000,1,17312.8791,0.0000,0.9024,2827.6455,0.0000,0.1230,14.3798,0.0000,0.0261,20154.9043,0.0000,1.0515,20154.9043,24,0
38440.0000,3844,2002,2.7000,2,1000,1000,1,17316.3793,0.0000,0.9024,2826.9099,0.0000,0.1229,14.3760,0.0000,0.0261,20157.6652,0.0000,1.0515,20157.6660,24,0
38450.0000,3845,2007,2.7000,7,1000,1000,1,17320.9616,0.0000,0.9025,2832.4628,0.0000,0.1229,14.3723,0.0000,0.0261,20167.7967,0.0000,1.0516,20167.7969,25,0
38460.0000,3846,2011,2.7000,11,1000,1000,1,17325.9051,0.0000,0.9026,2831.7263,0.0000,0.1229,14.3685,0.0000,0.0261,20172.0000,0.0000,1.0516,20172.0000,25,0
38470.0000,3847,2009,2.7000,9,1000,1000,1,17331.3844,0.0000,0.9026,2830.9903,0.0000,0.1229,14.3648,0.0000,0.0261,20176.7395,0.0000,1.0515,20176.7402,25,0
38480.0000,3848,2010,2.7000,10,1000,1000,1,17335.6079,0.0000,0.9027,2830.2546,0.0000,0.1228,14.3611,0.0000,0.0261,20180.2235,0.0000,1.0516,20180.2227,25,0
38490.0000,3849,2006,2.7000,6,1000,1000,1,17340.4211,0.0000,0.9026,2829.5192,0.0000,0.1228,14.3573,0.0000,0.0261,20184.2976,0.0000,1.0515,20184.2969,25,0
38500.0000,3850,2004,2.7000,4,1000,1000,1,17344.4688,0.0000,0.9025,2828.7843,0.0000,0.1228,14.3536,0.0000,0.0261,20187.6067,0.0000,1.0514,20187.6074,24,0
38510.0000,3851,1997,2.7000,1,996,1000,1,17349.7063,0.0000,0.9025,2836.0148,0.0000,0.1228,14.3499,0.0000,0.0260,20200.0710,0.0000,1.0513,20200.0703,24,0
38520.0000,3852,1999,2.7000,0,999,1000,1,17353.8217,0.0000,0.9025,2835.6173,0.0000,0.1228,14.3462,0.0000,0.0260,20203.7852,0.0000,1.0513,20203.7852,24,0
38530.0000,3853,2002,2.7000,3,999,1000,1,17358.0884,0.0000,0.9025,2836.8573,0.0000,0.1229,14.3424,0.0000,0.0260,20209.2881,0.0000,1.0515,20209.2891,24,0
38540.0000,3854,2002,2.7000,2,1000,1000,1,17362.9431,0.0000,0.9025,2837.4787,0.0000,0.1230,14.3387,0.0000,0.0260,20214.7605,0.0000,1.0515,20214.7598,24,0
38550.0000,3855,2008,2.7000,8,1000,1000,1,17367.3974,0.0000,0.9025,2836.7427,0.0000,0.1229,14.3350,0.0000,0.0260,20218.4751,0.0000,1.0515,20218.4746,25,0
38560.0000,3856,2009,2.7000,9,1000,1000,1,17371.8640,0.0000,0.9026,2836.0070,0.0000,0.1229,14.3313,0.0000,0.0260,20222.2023,0.0000,1.0515,20222.2031,25,0
38570.0000,3857,2008,2.7000,8,1000,1000,1,17376.4126,0.0000,0.9026,2835.2717,0.0000,0.1229,14.3276,0.0000,0.0260,20226.0118,0.0000,1.0515,20226.0117,25,0
38580.0000,3858,2003,2.7000,3,1000,1000,1,17380.4173,0.0000,0.9025,2834.5368,0.0000,0.1228,14.3239,0.0000,0.0260,20229.2780,0.0000,1.0514,20229.2773,24,0
38590.0000,3859,2005,2.7000,5,1000,1000,1,17385.5209,0.0000,0.9026,2833.8023,0.0000,0.1228,14.3201,0.0000,0.0260,20233.6433,0.0000,1.0514,20233.6426,24,0
38600.0000,3860,2004,2.7000,4,1000,1000,1,17389.8631,0.0000,0.9026,2833.0681,0.0000,0.1228,14.3164,0.0000,0.0260,20237.2477,0.0000,1.0514,20237.2480,24,0
38610.0000,3861,2002,2.7000,2,1000,1000,1,17394.6759,0.0000,0.9026,2832.3344,0.0000,0.1227,14.3127,0.0000,0.0260,20241.3230,0.0000,1.0514,20241.3223,24,0
38620.0000,3862,2002,2.7000,2,1000,1000,1,17399.0818,0.0000,0.9026,2841.4047,0.0000,0.1228,14.3090,0.0000,0.0260,20254.7955,0.0000,1.0513,20254.7949,24,0
38630.0000,3863,2001,2.7000,1,1000,1000,1,17402.2005,0.0000,0.9025,2842.0874,0.0000,0.1228,14.3053,0.0000,0.0260,20258.5932,0.0000,1.0513,20258.5938,24,0
38640.0000,3864,2006,2.7000,6,1000,1000,1,17406.4558,0.0000,0.9026,2841.6842,0.0000,0.1229,14.3016,0.0000,0.0260,20262.4416,0.0000,1.0514,20262.4414,25,0
38650.0000,3865,2000,2.7000,0,1000,1000,1,17407.4984,0.0000,0.9024,2840.9489,0.0000,0.1228,14.2979,0.0000,0.0260,20262.7452,0.0000,1.0512,20262.7461,24,0
38660.0000,3866,1999,2.7000,0,999,1000,1,17416.4921,0.0000,0.9024,2843.4795,0.0000,0.1229,14.2942,0.0000,0.0259,20274.2658,0.0000,1.0512,20274.2656,24,0
38670.0000,3867,2004,2.7000,4,1000,1000,1,17421.2688,0.0000,0.9025,2843.5740,0.0000,0.1230,14.2905,0.0000,0.0259,20279.1332,0.0000,1.0514,20279.1328,24,0
38680.0000,3868,2001,2.7000,1,1000,1000,1,17424.7740,0.0000,0.9024,2844.2645,0.0000,0.1230,14.2868,0.0000,0.0259,20283.3253,0.0000,1.0513,20283.3262,24,0
38690.0000,3869,2002,2.7000,2,1000,1000,1,17430.4450,0.0000,0.9022,2844.9842,0.0000,0.1231,14.2831,0.0000,0.0259,20289.7124,0.0000,1.0513,20289.7129,24,0
38700.0000,3870,2000,2.7000,1,999,1000,1,17435.1225,0.0000,0.9022,2844.2491,0.0000,0.1230,14.2794,0.0000,0.0259,20293.6511,0.0000,1.0511,20293.6504,24,0
38710.0000,3871,2001,2.7000,1,1000,1000,1,17439.7547,0.0000,0.9021,2845.7610,0.0000,0.1232,14.2757,0.0000,0.0259,20299.7914,0.0000,1.0513,20299.7910,24,0
38720.0000,3872,2003,2.7000,3,1000,1000,1,17444.4478,0.0000,0.9023,2845.0261,0.0000,0.1232,14.2721,0.0000,0.0259,20303.7459,0.0000,1.0514,20303.7461,24,0
38730.0000,3873,2001,2.7000,2,999,1000,1,17448.3565,0.0000,0.9022,2846.4173,0.0000,0.1232,14.2684,0.0000,0.0259,20309.0421,0.0000,1.0514,20309.0430,24,0
38740.0000,3874,1997,2.7000,0,997,1000,1,17452.1616,0.0000,0.9022,2847.4110,0.0000,0.1232,14.2647,0.0000,0.0259,20313.8373,0.0000,1.0513,20313.8379,24,0
38750.0000,3875,1997,2.7000,0,997,1000,1,17453.6573,0.0000,0.9021,2847.8713,0.0000,0.1234,14.2610,0.0000,0.0259,20315.7896,0.0000,1.0514,20315.7891,24,0
38760.0000,3876,2006,2.7000,7,999,1000,1,17462.6655,0.0000,0.9021,2848.5009,0.0000,0.1236,14.2573,0.0000,0.0259,20325.4237,0.0000,1.0516,20325.4238,25,0
38770.0000,3877,2009,2.7000,9,1000,1000,1,17466.0976,0.0000,0.9021,2847.8562,0.0000,0.1236,14.2537,0.0000,0.0259,20328.2075,0.0000,1.0516,20328.2070,25,0
38780.0000,3878,2005,2.7000,5,1000,1000,1,17471.0123,0.0000,0.9021,2847.1218,0.0000,0.1236,14.2500,0.0000,0.0259,20332.3842,0.0000,1.0515,20332.3848,24,0
38790.0000,3879,2003,2.7000,3,1000,1000,1,17476.2165,0.0000,0.9021,2846.3879,0.0000,0.1235,14.2463,0.0000,0.0259,20336.8507,0.0000,1.0515,20336.8516,24,0
38800.0000,3880,2009,2.7000,9,1000,1000,1,17479.6863,0.0000,0.9022,2845.6543,0.0000,0.1235,14.2426,0.0000,0.0259,20339.5832,0.0000,1.0515,20339.5840,25,0
38810.0000,3881,2009,2.7000,9,1000,1000,1,17485.0192,0.0000,0.9022,2844.9210,0.0000,0.1235,14.2390,0.0000,0.0258,20344.1792,0.0000,1.0515,20344.1797,25,0
38820.0000,3882,2013,2.7000,13,1000,1000,1,17489.4994,0.0000,0.9023,2844.1882,0.0000,0.1234,14.2353,0.0000,0.0258,20347.9229,0.0000,1.0515,20347.9238,25,0
38830.0000,3883,2008,2.7000,8,1000,1000,1,17493.0687,0.0000,0.9022,2843.4557,0.0000,0.1234,14.2316,0.0000,0.0258,20350.7561,0.0000,1.0515,20350.7559,25,0
38840.0000,3884,2005,2.7000,5,1000,1000,1,17495.6881,0.0000,0.9021,2842.7236,0.0000,0.1234,14.2280,0.0000,0.0258,20352.6396,0.0000,1.0513,20352.6387,24,0
38850.0000,3885,2000,2.7000,3,997,1000,1,17502.5516,0.0000,0.9021,2841.9919,0.0000,0.1233,14.2243,0.0000,0.0258,20358.7678,0.0000,1.0513,20358.7676,24,0
38860.0000,3886,2001,2.7000,1,1000,1000,1,17507.6647,0.0000,0.9021,2853.3445,0.0000,0.1235,14.2206,0.0000,0.0258,20375.2299,0.0000,1.0515,20375.2305,24,0
38870.0000,3887,2001,2.7000,1,1000,1000,1,17512.2734,0.0000,0.9021,2853.5209,0.0000,0.1236,14.2170,0.0000,0.0258,20380.0113,0.0000,1.0515,20380.0117,24,0
38880.0000,3888,2002,2.7000,2,1000,1000,1,17516.7098,0.0000,0.9021,2854.4107,0.0000,0.1237,14.2133,0.0000,0.0258,20385.3339,0.0000,1.0515,20385.3340,24,0
38890.0000,3889,2002,2.7000,2,1000,1000,1,17520.2161,0.0000,0.9021,2854.3118,0.0000,0.1237,14.2097,0.0000,0.0258,20388.7375,0.0000,1.0516,20388.7383,24,0
38900.0000,3890,2001,2.7000,1,1000,1000,1,17525.4014,0.0000,0.9021,2854.7473,0.0000,0.1237,14.2060,0.0000,0.0258,20394.3547,0.0000,1.0516,20394.3555,24,0
38910.0000,3891,2009,2.7000,9,1000,1000,1,17530.2280,0.0000,0.9022,2854.0136,0.0000,0.1237,14.2024,0.0000,0.0258,20398.4439,0.0000,1.0517,20398.4434,25,0
38920.0000,3892,2004,2.7000,4,1000,1000,1,17533.9440,0.0000,0.9021,2853.2803,0.0000,0.1237,14.1987,0.0000,0.0258,20401.4230,0.0000,1.0515,20401.4238,24,0
38930.0000,3893,2004,2.7000,4,1000,1000,1,17535.8870,0.0000,0.9021,2855.9726,0.0000,0.1237,14.1951,0.0000,0.0258,20406.0547,0.0000,1.0515,20406.0547,24,0
38940.0000,3894,2004,2.7000,4,1000,1000,1,17542.9385,0.0000,0.9022,2855.2392,0.0000,0.1236,14.1914,0.0000,0.0258,20412.3691,0.0000,1.0515,20412.3691,24,0
38950.0000,3895,2001,2.7000,1,1000,1000,1,17548.3553,0.0000,0.9020,2854.5061,0.0000,0.1236,14.1878,0.0000,0.0258,20417.0492,0.0000,1.0514,20417.0488,24,0
38960.0000,3896,1995,2.7000,0,995,1000,1,17551.6867,0.0000,0.9020,2858.3940,0.0000,0.1237,14.1841,0.0000,0.0257,20424.2648,0.0000,1.0515,20424.2656,24,0
38970.0000,3897,2000,2.7000,0,1000,1000,1,17556.1690,0.0000,0.9020,2858.9483,0.0000,0.1239,14.1805,0.0000,0.0257,20429.2978,0.0000,1.0516,20429.2969,24,0
38980.0000,3898,2001,2.7000,1,1000,1000,1,17561.5954,0.0000,0.9019,2859.3043,0.0000,0.1240,14.1769,0.0000,0.0257,20435.0766,0.0000,1.0516,20435.0762,24,0
38990.0000,3899,1996,2.7000,0,996,1000,1,17563.6396,0.0000,0.9017,2859.7987,0.0000,0.1241,14.1732,0.0000,0.0257,20437.6115,0.0000,1.0516,20437.6113,24,0
39000.0000,3900,1999,2.7000,0,999,1000,1,17569.8592,0.0000,0.9018,2859.9753,0.0000,0.1242,14.1696,0.0000,0.0257,20444.0041,0.0000,1.0517,20444.0039,24,0
39010.0000,3901,2008,2.7000,8,1000,1000,1,17574.5107,0.0000,0.9019,2860.0949,0.0000,0.1242,14.1660,0.0000,0.0257,20448.7715,0.0000,1.0519,20448.7715,25,0
39020.0000,3902,2014,2.7000,14,1000,1000,1,17579.3301,0.0000,0.9020,2859.3619,0.0000,0.1242,14.1623,0.0000,0.0257,20452.8543,0.0000,1.0519,20452.8535,25,0
39030.0000,3903,2013,2.7000,13,1000,1000,1,17584.3143,0.0000,0.9020,2858.6293,0.0000,0.1242,14.1587,0.0000,0.0257,20457.1023,0.0000,1.0519,20457.1016,25,0
39040.0000,3904,2013,2.7000,13,1000,1000,1,17588.7344,0.0000,0.9020,2857.8970,0.0000,0.1241,14.1551,0.0000,0.0257,20460.7865,0.0000,1.0518,20460.7871,25,0
39050.0000,3905,2012,2.7000,12,1000,1000,1,17593.1705,0.0000,0.9020,2857.1652,0.0000,0.1241,14.1515,0.0000,0.0257,20464.4872,0.0000,1.0518,20464.4863,25,0
39060.0000,3906,2010,2.7000,10,1000,1000,1,17597.7034,0.0000,0.9019,2856.4337,0.0000,0.1241,14.1478,0.0000,0.0257,20468.2849,0.0000,1.0517,20468.2852,25,0
39070.0000,3907,2010,2.7000,10,1000,1000,1,17602.5088,0.0000,0.9019,2855.7026,0.0000,0.1240,14.1442,0.0000,0.0257,20472.3556,0.0000,1.0517,20472.3555,25,0
39080.0000,3908,2008,2.7000,8,1000,1000,1,17606.1651,0.0000,0.9019,2854.9719,0.0000,0.1240,14.1406,0.0000,0.0257,20475.2775,0.0000,1.0516,20475.2773,25,0
39090.0000,3909,2011,2.7000,11,1000,1000,1,17608.4273,0.0000,0.9019,2854.2415,0.0000,0.1240,14.1370,0.0000,0.0257,20476.8058,0.0000,1.0515,20476.8066,25,0
39100.0000,3910,2012,2.7000,12,1000,1000,1,17614.1000,0.0000,0.9019,2853.5115,0.0000,0.1239,14.1334,0.0000,0.0257,20481.7448,0.0000,1.0515,20481.7441,25,0
39110.0000,3911,2014,2.7000,14,1000,1000,1,17618.7882,0.0000,0.9019,2852.7819,0.0000,0.1239,14.1297,0.0000,0.0256,20485.6998,0.0000,1.0514,20485.6992,25,0
39120.0000,3912,2009,2.7000,9,1000,1000,1,17624.8434,0.0000,0.9019,2852.0527,0.0000,0.1239,14.1261,0.0000,0.0256,20491.0222,0.0000,1.0514,20491.0215,25,0
39130.0000,3913,2011,2.7000,11,1000,1000,1,17629.7150,0.0000,0.9019,2851.3238,0.0000,0.1238,14.1225,0.0000,0.0256,20495.1613,0.0000,1.0514,20495.1621,25,0
39140.0000,3914,2017,2.7000,17,1000,1000,1,17634.1452,0.0000,0.9021,2850.5953,0.0000,0.1238,14.1189,0.0000,0.0256,20498.8594,0.0000,1.0515,20498.8594,25,0
39150.0000,3915,2016,2.7000,16,1000,1000,1,17638.6002,0.0000,0.9021,2849.8672,0.0000,0.1238,14.1153,0.0000,0.0256,20502.5827,0.0000,1.0515,20502.5820,25,0
39160.0000,3916,2022,2.7000,22,1000,1000,1,17642.8510,0.0000,0.9022,2849.1394,0.0000,0.1237,14.1117,0.0000,0.0256,20506.1021,0.0000,1.0515,20506.1016,26,0
39170.0000,3917,2015,2.7000,15,1000,1000,1,17647.7458,0.0000,0.9022,2848.4121,0.0000,0.1237,14.1081,0.0000,0.0256,20510.2660,0.0000,1.0515,20510.2656,25,0
39180.0000,3918,2015,2.7000,15,1000,1000,1,17652.2131,0.0000,0.9023,2847.6851,0.0000,0.1237,14.1045,0.0000,0.0256,20514.0026,0.0000,1.0516,20514.0020,25,0
39190.0000,3919,2014,2.7000,14,1000,1000,1,17655.2749,0.0000,0.9023,2846.9584,0.0000,0.1237,14.1009,0.0000,0.0256,20516.3343,0.0000,1.0516,20516.3340,25,0
39200.0000,3920,2013,2.7000,13,1000,1000,1,17658.9799,0.0000,0.9023,2846.2322,0.0000,0.1236,14.0973,0.0000,0.0256,20519.3094,0.0000,1.0515,20519.3086,25,0
39210.0000,3921,2008,2.7000,8,1000,1000,1,17665.6326,0.0000,0.9023,2845.5063,0.0000,0.1236,14.0937,0.0000,0.0256,20525.2326,0.0000,1.0514,20525.2324,25,0
39220.0000,3922,2008,2.7000,8,1000,1000,1,17670.2599,0.0000,0.9023,2844.7807,0.0000,0.1236,14.0901,0.0000,0.0256,20529.1307,0.0000,1.0515,20529.1309,25,0
39230.0000,3923,2005,2.7000,5,1000,1000,1,17673.2794,0.0000,0.9024,2844.0556,0.0000,0.1235,14.0865,0.0000,0.0256,20531.4215,0.0000,1.0515,20531.4219,24,0
39240.0000,3924,2007,2.7000,7,1000,1000,1,17679.2027,0.0000,0.9024,2843.3308,0.0000,0.1235,14.0829,0.0000,0.0256,20536.6164,0.0000,1.0514,20536.6172,25,0
39250.0000,3925,2020,2.7000,20,1000,1000,1,17683.0543,0.0000,0.9026,2842.6064,0.0000,0.1235,14.0793,0.0000,0.0256,20539.7401,0.0000,1.0517,20539.7402,25,0
39260.0000,3926,2019,2.7000,19,1000,1000,1,17687.0608,0.0000,0.9026,2841.8823,0.0000,0.1234,14.0758,0.0000,0.0255,20543.0189,0.0000,1.0516,20543.0195,25,0
39270.0000,3927,2009,2.7000,9,1000,1000,1,17692.7379,0.0000,0.9025,2841.1587,0.0000,0.1234,14.0722,0.0000,0.0255,20547.9687,0.0000,1.0514,20547.9688,25,0
39280.0000,3928,2009,2.7000,9,1000,1000,1,17696.9113,0.0000,0.9025,2840.4353,0.0000,0.1234,14.0686,0.0000,0.0255,20551.4153,0.0000,1.0515,20551.4160,25,0
39290.0000,3929,2009,2.7000,9,1000,1000,1,17699.8974,0.0000,0.9025,2839.7124,0.0000,0.1233,14.0650,0.0000,0.0255,20553.6748,0.0000,1.0514,20553.6758,25,0
39300.0000,3930,2004,2.7000,4,1000,1000,1,17705.5013,0.0000,0.9025,2838.9898,0.0000,0.1233,14.0614,0.0000,0.0255,20558.5526,0.0000,1.0514,20558.5527,24,0
39310.0000,3931,2002,2.7000,3,999,1000,1,17709.7782,0.0000,0.9025,2876.1639,0.0000,0.1233,14.0579,0.0000,0.0255,20600.0000,0.0000,1.0513,20600.0000,24,0
39320.0000,3932,2003,2.7000,3,1000,1000,1,17713.2371,0.0000,0.9024,2875.6329,0.0000,0.1233,14.0543,0.0000,0.0255,20602.9242,0.0000,1.0512,20602.9238,24,0
39330.0000,3933,2004,2.7000,4,1000,1000,1,17720.0754,0.0000,0.9024,2877.2415,0.0000,0.1234,14.0507,0.0000,0.0255,20611.3676,0.0000,1.0513,20611.3672,24,0
39340.0000,3934,2006,2.7000,6,1000,1000,1,17723.4002,0.0000,0.9025,2876.5101,0.0000,0.1234,14.0471,0.0000,0.0255,20613.9574,0.0000,1.0514,20613.9570,25,0
39350.0000,3935,2013,2.7000,13,1000,1000,1,17728.6634,0.0000,0.9026,2875.7791,0.0000,0.1234,14.0436,0.0000,0.0255,20618.4860,0.0000,1.0514,20618.4863,25,0
39360.0000,3936,2012,2.7000,12,1000,1000,1,17732.7944,0.0000,0.9026,2875.0484,0.0000,0.1233,14.0400,0.0000,0.0255,20621.8829,0.0000,1.0514,20621.8828,25,0
39370.0000,3937,2012,2.7000,12,1000,1000,1,17738.0280,0.0000,0.9027,2874.3182,0.0000,0.1233,14.0364,0.0000,0.0255,20626.3826,0.0000,1.0515,20626.3828,25,0
39380.0000,3938,2006,2.7000,6,1000,1000,1,17741.5323,0.0000,0.9027,2873.5883,0.0000,0.1233,14.0329,0.0000,0.0255,20629.1534,0.0000,1.0515,20629.1543,25,0
39390.0000,3939,2006,2.7000,6,1000,1000,1,17743.8724,0.0000,0.9027,2872.8588,0.0000,0.1232,14.0293,0.0000,0.0255,20630.7605,0.0000,1.0514,20630.7598,25,0
39400.0000,3940,1996,2.7000,1,995,1000,1,17751.3823,0.0000,0.9027,2872.1296,0.0000,0.1232,14.0257,0.0000,0.0255,20637.5377,0.0000,1.0513,20637.5371,24,0
39410.0000,3941,2002,2.7000,2,1000,1000,1,17753.9065,0.0000,0.9027,2880.6876,0.0000,0.1233,14.0222,0.0000,0.0255,20648.6163,0.0000,1.0514,20648.6172,24,0
39420.0000,3942,2002,2.7000,2,1000,1000,1,17758.8529,0.0000,0.9026,2880.9986,0.0000,0.1233,14.0186,0.0000,0.0254,20653.8701,0.0000,1.0514,20653.8691,24,0
39430.0000,3943,2004,2.7000,4,1000,1000,1,17764.7326,0.0000,0.9027,2880.2679,0.0000,0.1233,14.0151,0.0000,0.0254,20659.0156,0.0000,1.0514,20659.0156,24,0
39440.0000,3944,2001,2.7000,1,1000,1000,1,17769.4843,0.0000,0.9026,2879.5376,0.0000,0.1233,14.0115,0.0000,0.0254,20663.0335,0.0000,1.0513,20663.0332,24,0
39450.0000,3945,2006,2.7000,6,1000,1000,1,17773.8682,0.0000,0.9026,2882.9296,0.0000,0.1234,14.0080,0.0000,0.0254,20670.8058,0.0000,1.0514,20670.8066,25,0
39460.0000,3946,2006,2.7000,6,1000,1000,1,17775.8722,0.0000,0.9026,2882.1990,0.0000,0.1233,14.0044,0.0000,0.0254,20672.0756,0.0000,1.0514,20672.0762,25,0
39470.0000,3947,2010,2.7000,10,1000,1000,1,17782.0962,0.0000,0.9027,2881.4688,0.0000,0.1233,14.0009,0.0000,0.0254,20677.5659,0.0000,1.0515,20677.5664,25,0
39480.0000,3948,2012,2.7000,12,1000,1000,1,17787.5331,0.0000,0.9027,2880.7389,0.0000,0.1233,13.9973,0.0000,0.0254,20682.2694,0.0000,1.0514,20682.2695,25,0
39490.0000,3949,2005,2.7000,5,1000,1000,1,17791.2858,0.0000,0.9027,2880.0094,0.0000,0.1232,13.9938,0.0000,0.0254,20685.2890,0.0000,1.0514,20685.2891,24,0
39500.0000,3950,2001,2.7000,1,1000,1000,1,17795.6629,0.0000,0.9027,2879.2803,0.0000,0.1232,13.9902,0.0000,0.0254,20688.9334,0.0000,1.0513,20688.9336,24,0
39510.0000,3951,2002,2.7000,2,1000,1000,1,17801.0794,0.0000,0.9027,2878.5516,0.0000,0.1232,13.9867,0.0000,0.0254,20693.6176,0.0000,1.0513,20693.6172,24,0
39520.0000,3952,2009,2.7000,9,1000,1000,1,17805.7300,0.0000,0.9028,2886.4342,0.0000,0.1232,13.9832,0.0000,0.0254,20706.1473,0.0000,1.0513,20706.1465,25,0
39530.0000,3953,2002,2.7000,2,1000,1000,1,17807.7555,0.0000,0.9027,2885.7040,0.0000,0.1231,13.9796,0.0000,0.0254,20707.4390,0.0000,1.0512,20707.4395,24,0
39540.0000,3954,2001,2.7000,1,1000,1000,1,17814.3023,0.0000,0.9027,2887.2862,0.0000,0.1231,13.9761,0.0000,0.0254,20715.5645,0.0000,1.0512,20715.5645,24,0
39550.0000,3955,2006,2.7000,6,1000,1000,1,17818.3389,0.0000,0.9027,2887.9115,0.0000,0.1232,13.9725,0.0000,0.0254,20720.2230,0.0000,1.0512,20720.2227,25,0
39560.0000,3956,2001,2.7000,1,1000,1000,1,17824.0546,0.0000,0.9026,2887.1815,0.0000,0.1232,13.9690,0.0000,0.0254,20725.2051,0.0000,1.0511,20725.2051,24,0
39570.0000,3957,2003,2.7000,3,1000,1000,1,17828.3084,0.0000,0.9026,2888.8188,0.0000,0.1231,13.9655,0.0000,0.0253,20731.0927,0.0000,1.0511,20731.0918,24,0
39580.0000,3958,2002,2.7000,2,1000,1000,1,17832.1487,0.0000,0.9026,2888.0890,0.0000,0.1231,13.9620,0.0000,0.0253,20734.1996,0.0000,1.0511,20734.1992,24,0
39590.0000,3959,2000,2.7000,1,999,1000,1,17837.4190,0.0000,0.9026,2887.3595,0.0000,0.1231,13.9584,0.0000,0.0253,20738.7369,0.0000,1.0510,20738.7363,24,0
39600.0000,3960,2000,2.7000,0,1000,1000,1,17839.3156,0.0000,0.9026,2889.8532,0.0000,0.1231,13.9549,0.0000,0.0253,20743.1236,0.0000,1.0510,20743.1230,24,0
39610.0000,3961,2007,2.7000,7,1000,1000,1,17846.1186,0.0000,0.9027,2890.1166,0.0000,0.1231,13.9514,0.0000,0.0253,20750.1866,0.0000,1.0511,20750.1875,25,0
39620.0000,3962,2000,2.7000,0,1000,1000,1,17850.0921,0.0000,0.9026,2891.6244,0.0000,0.1231,13.9479,0.0000,0.0253,20755.6643,0.0000,1.0510,20755.6641,24,0
39630.0000,3963,2000,2.7000,0,1000,1000,1,17853.3068,0.0000,0.9025,2892.2710,0.0000,0.1231,13.9443,0.0000,0.0253,20759.5221,0.0000,1.0510,20759.5215,24,0
39640.0000,3964,2008,2.7000,8,1000,1000,1,17859.7020,0.0000,0.9026,2891.5413,0.0000,0.1231,13.9408,0.0000,0.0253,20765.1842,0.0000,1.0510,20765.1836,25,0
39650.0000,3965,2003,2.7000,3,1000,1000,1,17862.3059,0.0000,0.9025,2890.8121,0.0000,0.1231,13.9373,0.0000,0.0253,20767.0553,0.0000,1.0509,20767.0547,24,0
39660.0000,3966,1997,2.7000,0,997,1000,1,17868.2573,0.0000,0.9025,2893.5410,0.0000,0.1232,13.9338,0.0000,0.0253,20775.7321,0.0000,1.0510,20775.7324,24,0
39670.0000,3967,2000,2.7000,0,1000,1000,1,17872.3042,0.0000,0.9024,2893.9098,0.0000,0.1233,13.9303,0.0000,0.0253,20780.1444,0.0000,1.0510,20780.1445,24,0
39680.0000,3968,2003,2.7000,3,1000,1000,1,17876.0287,0.0000,0.9024,2893.1805,0.0000,0.1233,13.9268,0.0000,0.0253,20783.1359,0.0000,1.0510,20783.1367,24,0
39690.0000,3969,2003,2.7000,3,1000,1000,1,17882.2858,0.0000,0.9024,2894.9248,0.0000,0.1233,13.9233,0.0000,0.0253,20791.1339,0.0000,1.0510,20791.1348,24,0
39700.0000,3970,2001,2.7000,1,1000,1000,1,17886.1361,0.0000,0.9024,2894.1956,0.0000,0.1232,13.9198,0.0000,0.0253,20794.2515,0.0000,1.0509,20794.2520,24,0
39710.0000,3971,2002,2.7000,2,1000,1000,1,17890.7541,0.0000,0.9023,2895.7347,0.0000,0.1233,13.9162,0.0000,0.0253,20800.4050,0.0000,1.0508,20800.4043,24,0
39720.0000,3972,2002,2.7000,2,1000,1000,1,17895.9744,0.0000,0.9023,2895.0056,0.0000,0.1232,13.9127,0.0000,0.0253,20804.8928,0.0000,1.0508,20804.8926,24,0
39730.0000,3973,2003,2.7000,3,1000,1000,1,17900.8668,0.0000,0.9023,2897.3105,0.0000,0.1234,13.9092,0.0000,0.0252,20812.0865,0.0000,1.0509,20812.0859,24,0
39740.0000,3974,2000,2.7000,0,1000,1000,1,17904.6607,0.0000,0.9023,2897.1807,0.0000,0.1234,13.9057,0.0000,0.0252,20815.7471,0.0000,1.0509,20815.7480,24,0
39750.0000,3975,2001,2.7000,1,1000,1000,1,17906.6763,0.0000,0.9022,2897.7382,0.0000,0.1235,13.9022,0.0000,0.0252,20818.3167,0.0000,1.0509,20818.3164,24,0
39760.0000,3976,2002,2.7000,2,1000,1000,1,17913.4338,0.0000,0.9022,2897.0094,0.0000,0.1235,13.8987,0.0000,0.0252,20824.3419,0.0000,1.0509,20824.3418,24,0
39770.0000,3977,2002,2.7000,4,998,1000,1,17918.7437,0.0000,0.9022,2899.1117,0.0000,0.1235,13.8953,0.0000,0.0252,20831.7506,0.0000,1.0509,20831.7500,24,0
39780.0000,3978,2000,2.7000,0,1000,1000,1,17921.4899,0.0000,0.9021,2899.3279,0.0000,0.1236,13.8918,0.0000,0.0252,20834.7095,0.0000,1.0509,20834.7090,24,0
39790.0000,3979,2002,2.7000,2,1000,1000,1,17927.6414,0.0000,0.9021,2898.5992,0.0000,0.1235,13.8883,0.0000,0.0252,20840.1289,0.0000,1.0508,20840.1289,24,0
39800.0000,3980,1997,2.7000,1,996,1000,1,17931.9704,0.0000,0.9020,2900.4740,0.0000,0.1236,13.8848,0.0000,0.0252,20846.3292,0.0000,1.0509,20846.3301,24,0
39810.0000,3981,2002,2.7000,2,1000,1000,1,17936.1584,0.0000,0.9019,2901.2712,0.0000,0.1238,13.8813,0.0000,0.0252,20851.3109,0.0000,1.0510,20851.3105,24,0
39820.0000,3982,1999,2.7000,0,999,1000,1,17938.8319,0.0000,0.9019,2900.5426,0.0000,0.1238,13.8778,0.0000,0.0252,20853.2523,0.0000,1.0509,20853.2520,24,0
39830.0000,3983,2006,2.7000,6,1000,1000,1,17945.6193,0.0000,0.9019,2901.7031,0.0000,0.1239,13.8743,0.0000,0.0252,20861.1967,0.0000,1.0509,20861.1973,25,0
39840.0000,3984,2004,2.7000,4,1000,1000,1,17949.7302,0.0000,0.9018,2900.9748,0.0000,0.1238,13.8708,0.0000,0.0252,20864.5758,0.0000,1.0508,20864.5762,24,0
39850.0000,3985,1999,2.7000,0,999,1000,1,17954.7226,0.0000,0.9019,2900.2468,0.0000,0.1238,13.8674,0.0000,0.0252,20868.8368,0.0000,1.0508,20868.8359,24,0
39860.0000,3986,2000,2.7000,0,1000,1000,1,17958.5264,0.0000,0.9018,2903.6075,0.0000,0.1239,13.8639,0.0000,0.0252,20875.9978,0.0000,1.0509,20875.9980,24,0
39870.0000,3987,2003,2.7000,3,1000,1000,1,17962.4780,0.0000,0.9018,2903.4496,0.0000,0.1239,13.8604,0.0000,0.0252,20879.7880,0.0000,1.0509,20879.7871,24,0
39880.0000,3988,2006,2.7000,6,1000,1000,1,17968.0848,0.0000,0.9019,2904.7657,0.0000,0.1239,13.8569,0.0000,0.0252,20886.7074,0.0000,1.0510,20886.7070,25,0
39890.0000,3989,2011,2.7000,11,1000,1000,1,17972.2418,0.0000,0.9020,2904.0375,0.0000,0.1239,13.8535,0.0000,0.0251,20890.1327,0.0000,1.0511,20890.1328,25,0
39900.0000,3990,2013,2.7000,13,1000,1000,1,17976.9593,0.0000,0.9020,2903.3097,0.0000,0.1239,13.8500,0.0000,0.0251,20894.1190,0.0000,1.0510,20894.1191,25,0
39910.0000,3991,2010,2.7000,10,1000,1000,1,17981.8335,0.0000,0.9019,2902.5822,0.0000,0.1239,13.8465,0.0000,0.0251,20898.2622,0.0000,1.0509,20898.2617,25,0
39920.0000,3992,2010,2.7000,10,1000,1000,1,17986.0692,0.0000,0.9020,2901.8551,0.0000,0.1238,13.8430,0.0000,0.0251,20901.7674,0.0000,1.0510,20901.7676,25,0
39930.0000,3993,2010,2.7000,10,1000,1000,1,17990.9157,0.0000,0.9020,2901.1284,0.0000,0.1238,13.8396,0.0000,0.0251,20905.8837,0.0000,1.0509,20905.8828,25,0
39940.0000,3994,2005,2.7000,5,1000,1000,1,17995.3163,0.0000,0.9021,2900.4020,0.0000,0.1238,13.8361,0.0000,0.0251,20909.5544,0.0000,1.0509,20909.5547,24,0
39950.0000,3995,2002,2.7000,2,1000,1000,1,17999.9574,0.0000,0.9020,2899.6760,0.0000,0.1237,13.8326,0.0000,0.0251,20913.4660,0.0000,1.0508,20913.4668,24,0
39960.0000,3996,2001,2.7000,1,1000,1000,1,18004.3378,0.0000,0.9019,2898.9504,0.0000,0.1237,13.8292,0.0000,0.0251,20917.1173,0.0000,1.0507,20917.1172,24,0
39970.0000,3997,2004,2.7000,4,1000,1000,1,18008.5580,0.0000,0.9018,2908.5669,0.0000,0.1237,13.8257,0.0000,0.0251,20930.9506,0.0000,1.0507,20930.9512,24,0
39980.0000,3998,2004,2.7000,4,1000,1000,1,18011.5888,0.0000,0.9018,2907.8394,0.0000,0.1237,13.8223,0.0000,0.0251,20933.2505,0.0000,1.0506,20933.2500,24,0
39990.0000,3999,2005,2.7000,5,1000,1000,1,18017.4603,0.0000,0.9018,2907.1123,0.0000,0.1237,13.8188,0.0000,0.0251,20938.3914,0.0000,1.0506,20938.3906,24,0
40000.0000,4000,1999,2.7000,1,998,1000,1,18022.3426,0.0000,0.9017,2906.3855,0.0000,0.1236,13.8154,0.0000,0.0251,20942.5435,0.0000,1.0504,20942.5430,24,0
40010.0000,4001,2000,2.7000,0,1000,1000,1,18026.4429,0.0000,0.9017,2911.4771,0.0000,0.1238,13.8119,0.0000,0.0251,20951.7319,0.0000,1.0505,20951.7324,24,0
40020.0000,4002,2000,2.7000,1,999,1000,1,18031.8019,0.0000,0.9016,2911.9992,0.0000,0.1239,13.8085,0.0000,0.0251,20957.6096,0.0000,1.0505,20957.6094,24,0
40030.0000,4003,2000,2.7000,0,1000,1000,1,18036.0644,0.0000,0.9015,2912.5892,0.0000,0.1240,13.8050,0.0000,0.0251,20962.4586,0.0000,1.0506,20962.4590,24,0
40040.0000,4004,2000,2.7000,0,1000,1000,1,18038.4426,0.0000,0.9016,2913.0695,0.0000,0.1240,13.8016,0.0000,0.0250,20965.3137,0.0000,1.0506,20965.3145,24,0
40050.0000,4005,2001,2.7000,2,999,1000,1,18045.3372,0.0000,0.9016,2913.3315,0.0000,0.1241,13.7981,0.0000,0.0250,20972.4668,0.0000,1.0507,20972.4668,24,0
40060.0000,4006,2003,2.7000,3,1000,1000,1,18048.5842,0.0000,0.9016,2913.0473,0.0000,0.1241,13.7947,0.0000,0.0250,20975.4262,0.0000,1.0507,20975.4258,24,0
40070.0000,4007,2008,2.7000,8,1000,1000,1,18053.7317,0.0000,0.9015,2912.3203,0.0000,0.1240,13.7912,0.0000,0.0250,20979.8432,0.0000,1.0506,20979.8438,25,0
40080.0000,4008,2014,2.7000,14,1000,1000,1,18058.3635,0.0000,0.9016,2911.5937,0.0000,0.1240,13.7878,0.0000,0.0250,20983.7450,0.0000,1.0507,20983.7441,25,0
40090.0000,4009,2016,2.7000,16,1000,1000,1,18063.1035,0.0000,0.9017,2910.8674,0.0000,0.1240,13.7843,0.0000,0.0250,20987.7552,0.0000,1.0507,20987.7559,25,0
40100.0000,4010,2011,2.7000,11,1000,1000,1,18067.4490,0.0000,0.9017,2910.1415,0.0000,0.1239,13.7809,0.0000,0.0250,20991.3714,0.0000,1.0506,20991.3711,25,0
40110.0000,4011,2004,2.7000,4,1000,1000,1,18069.1828,0.0000,0.9016,2909.4160,0.0000,0.1239,13.7775,0.0000,0.0250,20992.3762,0.0000,1.0505,20992.3770,24,0
40120.0000,4012,1999,2.7000,1,998,1000,1,18076.7837,0.0000,0.9015,2917.0881,0.0000,0.1239,13.7740,0.0000,0.0250,21007.6458,0.0000,1.0504,21007.6465,24,0
40130.0000,4013,1999,2.7000,1,998,1000,1,18080.4552,0.0000,0.9014,2917.6162,0.0000,0.1240,13.7706,0.0000,0.0250,21011.8420,0.0000,1.0505,21011.8418,24,0
40140.0000,4014,2005,2.7000,5,1000,1000,1,18085.5241,0.0000,0.9014,2917.8235,0.0000,0.1242,13.7672,0.0000,0.0250,21017.1147,0.0000,1.0506,21017.1152,24,0
40150.0000,4015,2004,2.7000,4,1000,1000,1,18087.4854,0.0000,0.9013,2917.0967,0.0000,0.1242,13.7637,0.0000,0.0250,21018.3458,0.0000,1.0505,21018.3457,24,0
40160.0000,4016,2005,2.7000,5,1000,1000,1,18094.1434,0.0000,0.9015,2919.0401,0.0000,0.1242,13.7603,0.0000,0.0250,21026.9438,0.0000,1.0507,21026.9434,24,0
40170.0000,4017,2003,2.7000,3,1000,1000,1,18098.5731,0.0000,0.9014,2918.3134,0.0000,0.1242,13.7569,0.0000,0.0250,21030.6435,0.0000,1.0506,21030.6426,24,0
40180.0000,4018,2003,2.7000,3,1000,1000,1,18103.8387,0.0000,0.9014,2919.8756,0.0000,0.1242,13.7535,0.0000,0.0250,21037.4678,0.0000,1.0506,21037.4688,24,0
40190.0000,4019,2005,2.7000,5,1000,1000,1,18108.0056,0.0000,0.9014,2919.1490,0.0000,0.1242,13.7500,0.0000,0.0250,21040.9046,0.0000,1.0506,21040.9043,24,0
40200.0000,4020,2007,2.7000,7,1000,1000,1,18112.6188,0.0000,0.9014,2918.4229,0.0000,0.1242,13.7466,0.0000,0.0250,21044.7883,0.0000,1.0505,21044.7891,25,0
40210.0000,4021,1999,2.7000,0,999,1000,1,18115.5886,0.0000,0.9013,2921.4932,0.0000,0.1241,13.7432,0.0000,0.0249,21050.8249,0.0000,1.0504,21050.8242,24,0
40220.0000,4022,2000,2.7000,0,1000,1000,1,18121.1986,0.0000,0.9012,2922.2965,0.0000,0.1243,13.7398,0.0000,0.0249,21057.2349,0.0000,1.0504,21057.2344,24,0
40230.0000,4023,2001,2.7000,1,1000,1000,1,18126.3395,0.0000,0.9012,2922.5686,0.0000,0.1243,13.7364,0.0000,0.0249,21062.6445,0.0000,1.0504,21062.6445,24,0
40240.0000,4024,2004,2.7000,4,1000,1000,1,18130.5932,0.0000,0.9012,2923.3575,0.0000,0.1244,13.7330,0.0000,0.0249,21067.6836,0.0000,1.0505,21067.6836,24,0
40250.0000,4025,2008,2.7000,8,1000,1000,1,18135.4448,0.0000,0.9012,2922.6312,0.0000,0.1244,13.7295,0.0000,0.0249,21071.8055,0.0000,1.0506,21071.8047,25,0
40260.0000,4026,2000,2.7000,0,1000,1000,1,18137.4851,0.0000,0.9011,2921.9052,0.0000,0.1244,13.7261,0.0000,0.0249,21073.1164,0.0000,1.0504,21073.1172,24,0
40270.0000,4027,2003,2.7000,3,1000,1000,1,18144.5319,0.0000,0.9012,2923.7583,0.0000,0.1244,13.7227,0.0000,0.0249,21082.0130,0.0000,1.0505,21082.0137,24,0
40280.0000,4028,2001,2.7000,2,999,1000,1,18148.3405,0.0000,0.9011,2925.3870,0.0000,0.1244,13.7193,0.0000,0.0249,21087.4468,0.0000,1.0504,21087.4473,24,0
40290.0000,4029,1999,2.7000,0,999,1000,1,18151.7988,0.0000,0.9011,2924.9647,0.0000,0.1244,13.7159,0.0000,0.0249,21090.4794,0.0000,1.0504,21090.4785,24,0
40300.0000,4030,2002,2.7000,2,1000,1000,1,18157.7215,0.0000,0.9012,2925.9092,0.0000,0.1244,13.7125,0.0000,0.0249,21097.3432,0.0000,1.0505,21097.3438,24,0
40310.0000,4031,2000,2.7000,0,1000,1000,1,18158.3653,0.0000,0.9011,2926.9855,0.0000,0.1244,13.7091,0.0000,0.0249,21099.0598,0.0000,1.0504,21099.0605,24,0
40320.0000,4032,2000,2.7000,0,1000,1000,1,18166.7832,0.0000,0.9009,2927.3612,0.0000,0.1245,13.7057,0.0000,0.0249,21107.8501,0.0000,1.0503,21107.8496,24,0
40330.0000,4033,1999,2.7000,1,998,1000,1,18171.3654,0.0000,0.9009,2928.0236,0.0000,0.1245,13.7023,0.0000,0.0249,21113.0913,0.0000,1.0503,21113.0918,24,0
40340.0000,4034,2000,2.7000,1,999,1000,1,18175.7293,0.0000,0.9009,2928.5088,0.0000,0.1246,13.6989,0.0000,0.0249,21117.9370,0.0000,1.0503,21117.9375,24,0
40350.0000,4035,2004,2.7000,4,1000,1000,1,18179.7024,0.0000,0.9009,2928.4681,0.0000,0.1246,13.6955,0.0000,0.0249,21121.8660,0.0000,1.0504,21121.8652,24,0
40360.0000,4036,2000,2.7000,0,1000,1000,1,18184.9279,0.0000,0.9009,2927.7425,0.0000,0.1246,13.6921,0.0000,0.0249,21126.3625,0.0000,1.0503,21126.3633,24,0
40370.0000,4037,2004,2.7000,5,999,1000,1,18189.4822,0.0000,0.9010,2929.9678,0.0000,0.1247,13.6887,0.0000,0.0248,21133.1387,0.0000,1.0505,21133.1387,24,0
40380.0000,4038,2002,2.7000,2,1000,1000,1,18192.9520,0.0000,0.9009,2930.3858,0.0000,0.1247,13.6853,0.0000,0.0248,21137.0231,0.0000,1.0504,21137.0234,24,0
40390.0000,4039,1997,2.7000,0,997,1000,1,18197.7043,0.0000,0.9009,2930.6245,0.0000,0.1247,13.6820,0.0000,0.0248,21142.0108,0.0000,1.0504,21142.0117,24,0
40400.0000,4040,2001,2.7000,1,1000,1000,1,18202.6541,0.0000,0.9008,2931.5598,0.0000,0.1248,13.6786,0.0000,0.0248,21147.8925,0.0000,1.0505,21147.8926,24,0
40410.0000,4041,2000,2.7000,0,1000,1000,1,18205.5212,0.0000,0.9008,2932.2001,0.0000,0.1248,13.6752,0.0000,0.0248,21151.3965,0.0000,1.0504,21151.3965,24,0
40420.0000,4042,2001,2.7000,1,1000,1000,1,18210.6238,0.0000,0.9008,2932.4347,0.0000,0.1249,13.6718,0.0000,0.0248,21156.7303,0.0000,1.0505,21156.7305,24,0
40430.0000,4043,2003,2.7000,3,1000,1000,1,18216.3532,0.0000,0.9008,2932.7236,0.0000,0.1250,13.6684,0.0000,0.0248,21162.7452,0.0000,1.0506,21162.7461,24,0
40440.0000,4044,2005,2.7000,5,1000,1000,1,18220.9155,0.0000,0.9007,2931.9984,0.0000,0.1249,13.6650,0.0000,0.0248,21166.5790,0.0000,1.0505,21166.5781,24,0
40450.0000,4045,2000,2.7000,0,1000,1000,1,18224.2503,0.0000,0.9006,2931.2736,0.0000,0.1249,13.6617,0.0000,0.0248,21169.1855,0.0000,1.0503,21169.1855,24,0
40460.0000,4046,2004,2.7000,4,1000,1000,1,18229.5645,0.0000,0.9006,2930.5491,0.0000,0.1249,13.6583,0.0000,0.0248,21173.7719,0.0000,1.0502,21173.7715,24,0
40470.0000,4047,2001,2.7000,1,1000,1000,1,18232.5575,0.0000,0.9004,2935.2057,0.0000,0.1249,13.6549,0.0000,0.0248,21181.4181,0.0000,1.0501,21181.4180,24,0
40480.0000,4048,2003,2.7000,3,1000,1000,1,18236.7132,0.0000,0.9005,2935.1763,0.0000,0.1249,13.6515,0.0000,0.0248,21185.5411,0.0000,1.0501,21185.5410,24,0
40490.0000,4049,2007,2.7000,7,1000,1000,1,18242.6845,0.0000,0.9006,2934.4514,0.0000,0.1249,13.6482,0.0000,0.0248,21190.7841,0.0000,1.0503,21190.7832,25,0
40500.0000,4050,2005,2.7000,5,1000,1000,1,18245.4329,0.0000,0.9006,2933.7268,0.0000,0.1248,13.6448,0.0000,0.0248,21192.8045,0.0000,1.0502,21192.8047,24,0
40510.0000,4051,2002,2.7000,2,1000,1000,1,18251.8565,0.0000,0.9006,2937.3310,0.0000,0.1248,13.6414,0.0000,0.0248,21202.8289,0.0000,1.0502,21202.8281,24,0
40520.0000,4052,1999,2.7000,0,999,1000,1,18256.7480,0.0000,0.9007,2936.6061,0.0000,0.1248,13.6381,0.0000,0.0248,21206.9921,0.0000,1.0502,21206.9922,24,0
40530.0000,4053,2002,2.7000,2,1000,1000,1,18259.8939,0.0000,0.9007,2938.3142,0.0000,0.1249,13.6347,0.0000,0.0247,21211.8429,0.0000,1.0503,21211.8438,24,0
40540.0000,4054,2002,2.7000,2,1000,1000,1,18263.5619,0.0000,0.9007,2938.1868,0.0000,0.1249,13.6313,0.0000,0.0247,21215.3800,0.0000,1.0503,21215.3809,24,0
40550.0000,4055,1999,2.7000,0,999,1000,1,18270.0383,0.0000,0.9006,2939.3129,0.0000,0.1249,13.6280,0.0000,0.0247,21222.9792,0.0000,1.0502,21222.9785,24,0
40560.0000,4056,2000,2.7000,0,1000,1000,1,18273.2888,0.0000,0.9005,2939.9208,0.0000,0.1250,13.6246,0.0000,0.0247,21226.8342,0.0000,1.0502,21226.8340,24,0
40570.0000,4057,2002,2.7000,2,1000,1000,1,18276.6927,0.0000,0.9005,2939.7670,0.0000,0.1250,13.6213,0.0000,0.0247,21230.0809,0.0000,1.0502,21230.0801,24,0
40580.0000,4058,2001,2.7000,1,1000,1000,1,18283.8018,0.0000,0.9004,2939.0426,0.0000,0.1249,13.6179,0.0000,0.0247,21236.4623,0.0000,1.0501,21236.4629,24,0
40590.0000,4059,1999,2.7000,3,996,1000,1,18288.5122,0.0000,0.9003,2941.5470,0.0000,0.1250,13.6145,0.0000,0.0247,21243.6737,0.0000,1.0500,21243.6738,24,0
40600.0000,4060,2001,2.7000,1,1000,1000,1,18292.7735,0.0000,0.9003,2941.4792,0.0000,0.1250,13.6112,0.0000,0.0247,21247.8639,0.0000,1.0500,21247.8633,24,0
40610.0000,4061,1996,2.7000,0,996,1000,1,18295.9237,0.0000,0.9002,2942.6397,0.0000,0.1251,13.6078,0.0000,0.0247,21252.1713,0.0000,1.0500,21252.1719,24,0
40620.0000,4062,2003,2.7000,3,1000,1000,1,18301.7739,0.0000,0.9003,2942.8533,0.0000,0.1253,13.6045,0.0000,0.0247,21258.2316,0.0000,1.0503,21258.2324,24,0
40630.0000,4063,2008,2.7000,8,1000,1000,1,18304.5026,0.0000,0.9003,2942.9386,0.0000,0.1253,13.6011,0.0000,0.0247,21261.0424,0.0000,1.0503,21261.0430,25,0
40640.0000,4064,2007,2.7000,7,1000,1000,1,18309.7071,0.0000,0.9003,2942.2145,0.0000,0.1252,13.5978,0.0000,0.0247,21265.5193,0.0000,1.0502,21265.5195,25,0
40650.0000,4065,2004,2.7000,4,1000,1000,1,18313.1739,0.0000,0.9003,2941.4907,0.0000,0.1252,13.5944,0.0000,0.0247,21268.2590,0.0000,1.0502,21268.2598,24,0
40660.0000,4066,2004,2.7000,4,1000,1000,1,18319.9083,0.0000,0.9003,2940.7672,0.0000,0.1252,13.5911,0.0000,0.0247,21274.2667,0.0000,1.0502,21274.2676,24,0
40670.0000,4067,2003,2.7000,3,1000,1000,1,18324.3428,0.0000,0.9003,2940.0441,0.0000,0.1252,13.5878,0.0000,0.0247,21277.9747,0.0000,1.0502,21277.9746,24,0
40680.0000,4068,2002,2.7000,2,1000,1000,1,18328.3156,0.0000,0.9003,2939.3214,0.0000,0.1251,13.5844,0.0000,0.0247,21281.2214,0.0000,1.0501,21281.2207,24,0
40690.0000,4069,1999,2.7000,0,999,1000,1,18331.7028,0.0000,0.9003,2946.6363,0.0000,0.1252,13.5811,0.0000,0.0246,21291.9202,0.0000,1.0502,21291.9199,24,0
40700.0000,4070,2007,2.7000,7,1000,1000,1,18337.5597,0.0000,0.9004,2946.2932,0.0000,0.1252,13.5777,0.0000,0.0246,21297.4307,0.0000,1.0503,21297.4297,25,0
40710.0000,4071,2010,2.7000,10,1000,1000,1,18342.4785,0.0000,0.9005,2945.5695,0.0000,0.1252,13.5744,0.0000,0.0246,21301.6224,0.0000,1.0504,21301.6230,25,0
40720.0000,4072,2011,2.7000,11,1000,1000,1,18346.0644,0.0000,0.9005,2944.8461,0.0000,0.1252,13.5711,0.0000,0.0246,21304.4816,0.0000,1.0503,21304.4824,25,0
40730.0000,4073,2007,2.7000,7,1000,1000,1,18349.7286,0.0000,0.9005,2944.1231,0.0000,0.1251,13.5677,0.0000,0.0246,21307.4195,0.0000,1.0503,21307.4199,25,0
40740.0000,4074,2008,2.7000,8,1000,1000,1,18355.9373,0.0000,0.9005,2943.4004,0.0000,0.1251,13.5644,0.0000,0.0246,21312.9021,0.0000,1.0503,21312.9023,25,0
40750.0000,4075,2008,2.7000,8,1000,1000,1,18359.4096,0.0000,0.9005,2942.6781,0.0000,0.1251,13.5611,0.0000,0.0246,21315.6488,0.0000,1.0502,21315.6484,25,0
40760.0000,4076,2004,2.7000,4,1000,1000,1,18363.6104,0.0000,0.9004,2941.9562,0.0000,0.1250,13.5578,0.0000,0.0246,21319.1244,0.0000,1.0501,21319.1250,24,0
40770.0000,4077,2007,2.7000,7,1000,1000,1,18369.4994,0.0000,0.9006,2941.2346,0.0000,0.1250,13.5544,0.0000,0.0246,21324.2884,0.0000,1.0502,21324.2891,25,0
40780.0000,4078,2004,2.7000,4,1000,1000,1,18372.7427,0.0000,0.9007,2940.5133,0.0000,0.1250,13.5511,0.0000,0.0246,21326.8071,0.0000,1.0502,21326.8066,24,0
40790.0000,4079,2002,2.7000,2,1000,1000,1,18377.5793,0.0000,0.9006,2939.7925,0.0000,0.1250,13.5478,0.0000,0.0246,21330.9196,0.0000,1.0502,21330.9199,24,0
40800.0000,4080,2000,2.7000,0,1000,1000,1,18382.3835,0.0000,0.9006,2951.9203,0.0000,0.1250,13.5445,0.0000,0.0246,21347.8483,0.0000,1.0501,21347.8477,24,0
40810.0000,4081,2005,2.7000,5,1000,1000,1,18387.3582,0.0000,0.9005,2952.6244,0.0000,0.1251,13.5411,0.0000,0.0246,21353.5238,0.0000,1.0502,21353.5234,24,0
40820.0000,4082,2002,2.7000,2,1000,1000,1,18391.7729,0.0000,0.9004,2951.9011,0.0000,0.1251,13.5378,0.0000,0.0246,21357.2118,0.0000,1.0501,21357.2109,24,0
40830.0000,4083,2008,2.7000,8,1000,1000,1,18396.2794,0.0000,0.9006,2951.1781,0.0000,0.1250,13.5345,0.0000,0.0246,21360.9920,0.0000,1.0502,21360.9922,25,0
40840.0000,4084,2005,2.7000,5,1000,1000,1,18399.1274,0.0000,0.9005,2950.4555,0.0000,0.1250,13.5312,0.0000,0.0246,21363.1141,0.0000,1.0500,21363.1133,24,0
40850.0000,4085,2003,2.7000,3,1000,1000,1,18403.3061,0.0000,0.9004,2949.7332,0.0000,0.1250,13.5279,0.0000,0.0246,21366.5672,0.0000,1.0499,21366.5664,24,0
40860.0000,4086,2001,2.7000,1,1000,1000,1,18409.4675,0.0000,0.9003,2955.8502,0.0000,0.1251,13.5246,0.0000,0.0245,21378.8423,0.0000,1.0500,21378.8418,24,0
40870.0000,4087,2002,2.7000,2,1000,1000,1,18414.3181,0.0000,0.9002,2956.0768,0.0000,0.1251,13.5213,0.0000,0.0245,21383.9162,0.0000,1.0498,21383.9160,24,0
40880.0000,4088,2005,2.7000,5,1000,1000,1,18418.7371,0.0000,0.9001,2955.3537,0.0000,0.1251,13.5180,0.0000,0.0245,21387.6088,0.0000,1.0498,21387.6094,24,0
40890.0000,4089,2001,2.7000,1,1000,1000,1,18423.3920,0.0000,0.9001,2957.4418,0.0000,0.1251,13.5147,0.0000,0.0245,21394.3484,0.0000,1.0497,21394.3477,24,0
40900.0000,4090,2002,2.7000,2,1000,1000,1,18427.7614,0.0000,0.9000,2957.8728,0.0000,0.1251,13.5114,0.0000,0.0245,21399.1456,0.0000,1.0497,21399.1465,24,0
40910.0000,4091,2001,2.7000,1,1000,1000,1,18431.2118,0.0000,0.9000,2957.8199,0.0000,0.1252,13.5080,0.0000,0.0245,21402.5397,0.0000,1.0496,21402.5391,24,0
40920.0000,4092,2003,2.7000,4,999,1000,1,18436.8528,0.0000,0.8999,2958.4501,0.0000,0.1252,13.5047,0.0000,0.0245,21408.8077,0.0000,1.0496,21408.8086,24,0
40930.0000,4093,2003,2.7000,3,1000,1000,1,18441.5248,0.0000,0.8999,2959.2324,0.0000,0.1252,13.5014,0.0000,0.0245,21414.2586,0.0000,1.0496,21414.2578,24,0
40940.0000,4094,2003,2.7000,3,1000,1000,1,18446.0178,0.0000,0.9000,2958.5096,0.0000,0.1252,13.4981,0.0000,0.0245,21418.0255,0.0000,1.0497,21418.0254,24,0
40950.0000,4095,2002,2.7000,2,1000,1000,1,18447.9855,0.0000,0.9000,2957.7871,0.0000,0.1252,13.4949,0.0000,0.0245,21419.2675,0.0000,1.0496,21419.2676,24,0
40960.0000,4096,2000,2.7000,0,1000,1000,1,18453.0303,0.0000,0.8999,2961.0532,0.0000,0.1252,13.4916,0.0000,0.0245,21427.5750,0.0000,1.0495,21427.5742,24,0
40970.0000,4097,2000,2.7000,0,1000,1000,1,18458.9101,0.0000,0.8998,2961.6122,0.0000,0.1253,13.4883,0.0000,0.0245,21434.0105,0.0000,1.0496,21434.0098,24,0
40980.0000,4098,2005,2.7000,5,1000,1000,1,18463.9006,0.0000,0.8999,2961.9771,0.0000,0.1254,13.4850,0.0000,0.0245,21439.3626,0.0000,1.0497,21439.3633,24,0
40990.0000,4099,2004,2.7000,4,1000,1000,1,18467.4304,0.0000,0.8998,2961.2545,0.0000,0.1254,13.4817,0.0000,0.0245,21442.1666,0.0000,1.0496,21442.1660,24,0
41000.0000,4100,2002,2.7000,2,1000,1000,1,18472.3058,0.0000,0.8997,2960.5322,0.0000,0.1253,13.4784,0.0000,0.0245,21446.3164,0.0000,1.0495,21446.3164,24,0
41010.0000,4101,2003,2.7000,3,1000,1000,1,18477.1659,0.0000,0.8997,2963.0320,0.0000,0.1253,13.4751,0.0000,0.0245,21453.6730,0.0000,1.0495,21453.6738,24,0
41020.0000,4102,2009,2.7000,9,1000,1000,1,18481.4414,0.0000,0.8997,2962.3097,0.0000,0.1253,13.4718,0.0000,0.0245,21457.2229,0.0000,1.0494,21457.2227,25,0
41030.0000,4103,2004,2.7000,4,1000,1000,1,18486.4252,0.0000,0.8996,2961.5877,0.0000,0.1253,13.4685,0.0000,0.0244,21461.4815,0.0000,1.0493,21461.4824,24,0
41040.0000,4104,2000,2.7000,0,1000,1000,1,18490.3396,0.0000,0.8995,2965.2626,0.0000,0.1253,13.4653,0.0000,0.0244,21469.0675,0.0000,1.0493,21469.0684,24,0
41050.0000,4105,2002,2.7000,2,1000,1000,1,18494.0209,0.0000,0.8994,2965.7170,0.0000,0.1255,13.4620,0.0000,0.0244,21473.1999,0.0000,1.0493,21473.1992,24,0
41060.0000,4106,2001,2.7000,1,1000,1000,1,18499.1568,0.0000,0.8994,2966.3455,0.0000,0.1255,13.4587,0.0000,0.0244,21478.9610,0.0000,1.0493,21478.9609,24,0
41070.0000,4107,2002,2.7000,2,1000,1000,1,18502.9105,0.0000,0.8994,2966.7461,0.0000,0.1255,13.4554,0.0000,0.0244,21483.1120,0.0000,1.0493,21483.1113,24,0
41080.0000,4108,2008,2.7000,8,1000,1000,1,18506.2610,0.0000,0.8994,2966.0239,0.0000,0.1255,13.4521,0.0000,0.0244,21485.7370,0.0000,1.0493,21485.7363,25,0
41090.0000,4109,2010,2.7000,10,1000,1000,1,18511.4649,0.0000,0.8995,2965.3020,0.0000,0.1255,13.4489,0.0000,0.0244,21490.2158,0.0000,1.0494,21490.2148,25,0
41100.0000,4110,2011,2.7000,11,1000,1000,1,18517.1700,0.0000,0.8995,2964.5805,0.0000,0.1255,13.4456,0.0000,0.0244,21495.1961,0.0000,1.0494,21495.1953,25,0
41110.0000,4111,2004,2.7000,4,1000,1000,1,18522.1312,0.0000,0.8995,2963.8594,0.0000,0.1254,13.4423,0.0000,0.0244,21499.4329,0.0000,1.0494,21499.4336,24,0
41120.0000,4112,1999,2.7000,0,999,1000,1,18526.7421,0.0000,0.8995,2963.1386,0.0000,0.1254,13.4391,0.0000,0.0244,21503.3198,0.0000,1.0492,21503.3203,24,0
41130.0000,4113,2000,2.7000,0,1000,1000,1,18530.6250,0.0000,0.8993,2969.4983,0.0000,0.1255,13.4358,0.0000,0.0244,21513.5591,0.0000,1.0492,21513.5586,24,0
41140.0000,4114,2005,2.7000,5,1000,1000,1,18535.0607,0.0000,0.8995,2968.7765,0.0000,0.1254,13.4325,0.0000,0.0244,21517.2697,0.0000,1.0493,21517.2695,24,0
41150.0000,4115,1999,2.7000,0,999,1000,1,18539.4372,0.0000,0.8994,2968.0550,0.0000,0.1254,13.4293,0.0000,0.0244,21520.9214,0.0000,1.0492,21520.9219,24,0
41160.0000,4116,2001,2.7000,2,999,1000,1,18544.7726,0.0000,0.8993,2971.3423,0.0000,0.1255,13.4260,0.0000,0.0244,21529.5409,0.0000,1.0492,21529.5410,24,0
41170.0000,4117,1999,2.7000,0,999,1000,1,18546.5755,0.0000,0.8991,2972.2184,0.0000,0.1256,13.4227,0.0000,0.0244,21532.2166,0.0000,1.0491,21532.2168,24,0
41180.0000,4118,2001,2.7000,1,1000,1000,1,18553.2258,0.0000,0.8991,2972.8394,0.0000,0.1256,13.4195,0.0000,0.0244,21539.4846,0.0000,1.0491,21539.4844,24,0
41190.0000,4119,2006,2.7000,6,1000,1000,1,18556.7918,0.0000,0.8992,2972.2539,0.0000,0.1256,13.4162,0.0000,0.0244,21542.4619,0.0000,1.0491,21542.4629,25,0
41200.0000,4120,1993,2.7000,0,993,1000,1,18561.8627,0.0000,0.8990,2973.8689,0.0000,0.1257,13.4130,0.0000,0.0243,21549.1446,0.0000,1.0490,21549.1445,24,0
41210.0000,4121,2000,2.7000,2,998,1000,1,18564.3351,0.0000,0.8991,2974.2251,0.0000,0.1257,13.4097,0.0000,0.0243,21551.9699,0.0000,1.0491,21551.9707,24,0
41220.0000,4122,2002,2.7000,2,1000,1000,1,18571.4560,0.0000,0.8991,2974.9484,0.0000,0.1259,13.4065,0.0000,0.0243,21559.8108,0.0000,1.0493,21559.8105,24,0
41230.0000,4123,2004,2.7000,4,1000,1000,1,18575.5513,0.0000,0.8991,2974.2269,0.0000,0.1259,13.4032,0.0000,0.0243,21563.1814,0.0000,1.0493,21563.1816,24,0
41240.0000,4124,2000,2.7000,0,1000,1000,1,18579.5086,0.0000,0.8990,2975.8128,0.0000,0.1260,13.4000,0.0000,0.0243,21568.7214,0.0000,1.0492,21568.7207,24,0
41250.0000,4125,1998,2.7000,1,997,1000,1,18585.1492,0.0000,0.8990,2976.5450,0.0000,0.1260,13.3967,0.0000,0.0243,21575.0909,0.0000,1.0493,21575.0918,24,0
41260.0000,4126,2001,2.7000,1,1000,1000,1,18588.4538,0.0000,0.8990,2976.4874,0.0000,0.1261,13.3935,0.0000,0.0243,21578.3346,0.0000,1.0494,21578.3340,24,0
41270.0000,4127,2003,2.7000,3,1000,1000,1,18593.9329,0.0000,0.8990,2977.5649,0.0000,0.1261,13.3902,0.0000,0.0243,21584.8880,0.0000,1.0494,21584.8887,24,0
41280.0000,4128,2003,2.7000,3,1000,1000,1,18598.1223,0.0000,0.8991,2976.8436,0.0000,0.1260,13.3870,0.0000,0.0243,21588.3529,0.0000,1.0494,21588.3535,24,0
41290.0000,4129,2009,2.7000,9,1000,1000,1,18601.5487,0.0000,0.8991,2976.1227,0.0000,0.1260,13.3837,0.0000,0.0243,21591.0552,0.0000,1.0494,21591.0547,25,0
41300.0000,4130,2000,2.7000,0,1000,1000,1,18602.2951,0.0000,0.8990,2975.4021,0.0000,0.1260,13.3805,0.0000,0.0243,21591.0777,0.0000,1.0492,21591.0781,24,0
41310.0000,4131,2002,2.7000,2,1000,1000,1,18610.1334,0.0000,0.8990,2978.7456,0.0000,0.1260,13.3773,0.0000,0.0243,21602.2563,0.0000,1.0493,21602.2559,24,0
41320.0000,4132,2005,2.7000,5,1000,1000,1,18615.7124,0.0000,0.8992,2978.0247,0.0000,0.1260,13.3740,0.0000,0.0243,21607.1111,0.0000,1.0494,21607.1113,24,0
41330.0000,4133,2004,2.7000,4,1000,1000,1,18620.8761,0.0000,0.8992,2977.3042,0.0000,0.1260,13.3708,0.0000,0.0243,21611.5510,0.0000,1.0494,21611.5508,24,0
41340.0000,4134,2003,2.7000,3,1000,1000,1,18625.2571,0.0000,0.8992,2976.5840,0.0000,0.1259,13.3675,0.0000,0.0243,21615.2086,0.0000,1.0494,21615.2090,24,0
41350.0000,4135,2009,2.7000,9,1000,1000,1,18628.8423,0.0000,0.8993,2975.8641,0.0000,0.1259,13.3643,0.0000,0.0243,21618.0708,0.0000,1.0494,21618.0703,25,0
41360.0000,4136,2009,2.7000,9,1000,1000,1,18632.9378,0.0000,0.8992,2975.1446,0.0000,0.1259,13.3611,0.0000,0.0243,21621.4435,0.0000,1.0493,21621.4434,25,0
41370.0000,4137,2013,2.7000,13,1000,1000,1,18638.4143,0.0000,0.8993,2974.4255,0.0000,0.1258,13.3579,0.0000,0.0242,21626.1976,0.0000,1.0494,21626.1973,25,0
41380.0000,4138,2008,2.7000,8,1000,1000,1,18642.0954,0.0000,0.8992,2973.7067,0.0000,0.1258,13.3546,0.0000,0.0242,21629.1567,0.0000,1.0493,21629.1562,25,0
41390.0000,4139,2016,2.7000,16,1000,1000,1,18647.1911,0.0000,0.8994,2972.9882,0.0000,0.1258,13.3514,0.0000,0.0242,21633.5307,0.0000,1.0494,21633.5312,25,0
41400.0000,4140,2015,2.7000,15,1000,1000,1,18651.7340,0.0000,0.8994,2972.2701,0.0000,0.1257,13.3482,0.0000,0.0242,21637.3523,0.0000,1.0494,21637.3516,25,0
41410.0000,4141,2022,2.7000,22,1000,1000,1,18656.5919,0.0000,0.8996,2971.5523,0.0000,0.1257,13.3449,0.0000,0.0242,21641.4892,0.0000,1.0496,21641.4883,26,0
41420.0000,4142,2018,2.7000,18,1000,1000,1,18661.4378,0.0000,0.8996,2970.8349,0.0000,0.1257,13.3417,0.0000,0.0242,21645.6145,0.0000,1.0495,21645.6152,25,0
41430.0000,4143,2016,2.7000,16,1000,1000,1,18659.6860,0.0000,0.8995,2970.1178,0.0000,0.1257,13.3385,0.0000,0.0242,21643.1424,0.0000,1.0494,21643.1426,25,0
41440.0000,4144,2016,2.7000,16,1000,1000,1,18669.8730,0.0000,0.8995,2969.4011,0.0000,0.1256,13.3353,0.0000,0.0242,21652.6094,0.0000,1.0493,21652.6094,25,0
41450.0000,4145,2013,2.7000,13,1000,1000,1,18674.6348,0.0000,0.8994,2968.6847,0.0000,0.1256,13.3321,0.0000,0.0242,21656.6516,0.0000,1.0492,21656.6523,25,0
41460.0000,4146,2010,2.7000,10,1000,1000,1,18679.3543,0.0000,0.8994,2967.9687,0.0000,0.1256,13.3289,0.0000,0.0242,21660.6519,0.0000,1.0492,21660.6523,25,0
41470.0000,4147,2009,2.7000,9,1000,1000,1,18683.7008,0.0000,0.8995,2967.2530,0.0000,0.1255,13.3256,0.0000,0.0242,21664.2794,0.0000,1.0492,21664.2793,25,0
41480.0000,4148,2014,2.7000,14,1000,1000,1,18688.1905,0.0000,0.8996,2966.5377,0.0000,0.1255,13.3224,0.0000,0.0242,21668.0506,0.0000,1.0493,21668.0508,25,0
41490.0000,4149,2013,2.7000,13,1000,1000,1,18691.6359,0.0000,0.8995,2965.8227,0.0000,0.1255,13.3192,0.0000,0.0242,21670.7778,0.0000,1.0492,21670.7773,25,0
41500.0000,4150,2014,2.7000,14,1000,1000,1,18696.3909,0.0000,0.8995,2965.1080,0.0000,0.1254,13.3160,0.0000,0.0242,21674.8149,0.0000,1.0492,21674.8145,25,0
41510.0000,4151,2001,2.7000,1,1000,1000,1,18700.9016,0.0000,0.8995,2964.3937,0.0000,0.1254,13.3128,0.0000,0.0242,21678.6081,0.0000,1.0490,21678.6074,24,0
41520.0000,4152,2002,2.7000,2,1000,1000,1,18706.2708,0.0000,0.8994,2990.3087,0.0000,0.1254,13.3096,0.0000,0.0242,21709.8891,0.0000,1.0490,21709.8887,24,0
41530.0000,4153,2006,2.7000,6,1000,1000,1,18709.8203,0.0000,0.8995,2990.8473,0.0000,0.1254,13.3064,0.0000,0.0242,21713.9740,0.0000,1.0491,21713.9746,25,0
41540.0000,4154,2009,2.7000,9,1000,1000,1,18714.8148,0.0000,0.8995,2990.1273,0.0000,0.1254,13.3032,0.0000,0.0241,21718.2453,0.0000,1.0491,21718.2461,25,0
41550.0000,4155,2008,2.7000,8,1000,1000,1,18719.3687,0.0000,0.8996,2989.4077,0.0000,0.1254,13.3000,0.0000,0.0241,21722.0764,0.0000,1.0491,21722.0762,25,0
41560.0000,4156,2001,2.7000,1,1000,1000,1,18721.4173,0.0000,0.8996,2988.6884,0.0000,0.1253,13.2968,0.0000,0.0241,21723.4025,0.0000,1.0490,21723.4023,24,0
41570.0000,4157,2003,2.7000,3,1000,1000,1,18728.4225,0.0000,0.8995,2992.9971,0.0000,0.1253,13.2936,0.0000,0.0241,21734.7131,0.0000,1.0490,21734.7129,24,0
41580.0000,4158,2003,2.7000,3,1000,1000,1,18731.9295,0.0000,0.8996,2992.2773,0.0000,0.1253,13.2904,0.0000,0.0241,21737.4972,0.0000,1.0490,21737.4980,24,0
41590.0000,4159,2004,2.7000,4,1000,1000,1,18735.9162,0.0000,0.8995,2991.5578,0.0000,0.1253,13.2872,0.0000,0.0241,21740.7611,0.0000,1.0489,21740.7617,24,0
41600.0000,4160,1999,2.7000,0,999,1000,1,18741.7556,0.0000,0.8994,2995.1751,0.0000,0.1253,13.2840,0.0000,0.0241,21750.2147,0.0000,1.0489,21750.2148,24,0
41610.0000,4161,2009,2.7000,9,1000,1000,1,18746.5352,0.0000,0.8996,2995.4878,0.0000,0.1255,13.2808,0.0000,0.0241,21755.3038,0.0000,1.0492,21755.3047,25,0
41620.0000,4162,2006,2.7000,6,1000,1000,1,18751.0496,0.0000,0.8995,2994.7681,0.0000,0.1254,13.2776,0.0000,0.0241,21759.0952,0.0000,1.0491,21759.0957,25,0
41630.0000,4163,2006,2.7000,6,1000,1000,1,18754.2060,0.0000,0.8996,2994.0487,0.0000,0.1254,13.2744,0.0000,0.0241,21761.5291,0.0000,1.0491,21761.5293,25,0
41640.0000,4164,2012,2.7000,12,1000,1000,1,18759.7696,0.0000,0.8997,2993.3297,0.0000,0.1254,13.2712,0.0000,0.0241,21766.3705,0.0000,1.0491,21766.3711,25,0
41650.0000,4165,2013,2.7000,13,1000,1000,1,18764.0283,0.0000,0.8997,2992.6110,0.0000,0.1254,13.2680,0.0000,0.0241,21769.9074,0.0000,1.0491,21769.9082,25,0
41660.0000,4166,2010,2.7000,10,1000,1000,1,18768.0210,0.0000,0.8997,2991.8926,0.0000,0.1253,13.2649,0.0000,0.0241,21773.1785,0.0000,1.0491,21773.1777,25,0
41670.0000,4167,2010,2.7000,10,1000,1000,1,18773.2652,0.0000,0.8997,2991.1746,0.0000,0.1253,13.2617,0.0000,0.0241,21777.7015,0.0000,1.0491,21777.7012,25,0
41680.0000,4168,1999,2.7000,0,999,1000,1,18775.2103,0.0000,0.8996,2990.4570,0.0000,0.1253,13.2585,0.0000,0.0241,21778.9258,0.0000,1.0489,21778.9258,24,0
41690.0000,4169,1996,2.7000,0,996,1000,1,18781.4971,0.0000,0.8994,3000.1678,0.0000,0.1254,13.2553,0.0000,0.0241,21794.9202,0.0000,1.0489,21794.9199,24,0
41700.0000,4170,2006,2.7000,6,1000,1000,1,18786.9920,0.0000,0.8995,3000.6472,0.0000,0.1255,13.2521,0.0000,0.0241,21800.8913,0.0000,1.0491,21800.8906,25,0
41710.0000,4171,2000,2.7000,0,1000,1000,1,18790.2876,0.0000,0.8994,3001.1366,0.0000,0.1255,13.2490,0.0000,0.0240,21804.6732,0.0000,1.0490,21804.6738,24,0
41720.0000,4172,2002,2.7000,2,1000,1000,1,18794.5705,0.0000,0.8994,3000.9117,0.0000,0.1256,13.2458,0.0000,0.0240,21808.7280,0.0000,1.0490,21808.7285,24,0
41730.0000,4173,1999,2.7000,0,999,1000,1,18798.0444,0.0000,0.8993,3001.9994,0.0000,0.1256,13.2426,0.0000,0.0240,21813.2864,0.0000,1.0490,21813.2871,24,0
41740.0000,4174,2003,2.7000,3,1000,1000,1,18805.0213,0.0000,0.8993,3002.1475,0.0000,0.1256,13.2394,0.0000,0.0240,21820.4082,0.0000,1.0490,21820.4082,24,0
41750.0000,4175,2002,2.7000,2,1000,1000,1,18809.5075,0.0000,0.8994,3001.4284,0.0000,0.1256,13.2363,0.0000,0.0240,21824.1722,0.0000,1.0490,21824.1719,24,0
41760.0000,4176,2005,2.7000,5,1000,1000,1,18813.0898,0.0000,0.8993,3002.8995,0.0000,0.1256,13.2331,0.0000,0.0240,21829.2224,0.0000,1.0489,21829.2227,24,0
41770.0000,4177,2004,2.7000,4,1000,1000,1,18817.1979,0.0000,0.8994,3002.1806,0.0000,0.1256,13.2299,0.0000,0.0240,21832.6084,0.0000,1.0489,21832.6094,24,0
41780.0000,4178,2003,2.7000,3,1000,1000,1,18822.7926,0.0000,0.8994,3004.8642,0.0000,0.1256,13.2268,0.0000,0.0240,21840.8835,0.0000,1.0489,21840.8828,24,0
41790.0000,4179,2001,2.7000,1,1000,1000,1,18826.5809,0.0000,0.8993,3005.1101,0.0000,0.1256,13.2236,0.0000,0.0240,21844.9146,0.0000,1.0489,21844.9141,24,0
41800.0000,4180,2002,2.7000,2,1000,1000,1,18831.1825,0.0000,0.8994,3004.3912,0.0000,0.1256,13.2204,0.0000,0.0240,21848.7942,0.0000,1.0490,21848.7949,24,0
41810.0000,4181,2011,2.7000,11,1000,1000,1,18834.6870,0.0000,0.8995,3003.6726,0.0000,0.1255,13.2173,0.0000,0.0240,21851.5769,0.0000,1.0491,21851.5762,25,0
41820.0000,4182,1997,2.7000,0,997,1000,1,18838.4075,0.0000,0.8995,3007.1174,0.0000,0.1256,13.2141,0.0000,0.0240,21858.7391,0.0000,1.0490,21858.7383,24,0
41830.0000,4183,2001,2.7000,1,1000,1000,1,18844.1886,0.0000,0.8994,3007.2269,0.0000,0.1257,13.2110,0.0000,0.0240,21864.6264,0.0000,1.0491,21864.6270,24,0
41840.0000,4184,1998,2.7000,0,998,1000,1,18848.7395,0.0000,0.8993,3006.5082,0.0000,0.1257,13.2078,0.0000,0.0240,21868.4555,0.0000,1.0490,21868.4551,24,0
41850.0000,4185,2003,2.7000,3,1000,1000,1,18853.8725,0.0000,0.8994,3008.6677,0.0000,0.1259,13.2046,0.0000,0.0240,21875.7448,0.0000,1.0492,21875.7441,24,0
41860.0000,4186,2006,2.7000,6,1000,1000,1,18855.9703,0.0000,0.8995,3007.9490,0.0000,0.1258,13.2015,0.0000,0.0240,21877.1207,0.0000,1.0492,21877.1211,25,0
41870.0000,4187,2001,2.7000,1,1000,1000,1,18863.2802,0.0000,0.8994,3007.2306,0.0000,0.1258,13.1983,0.0000,0.0240,21883.7091,0.0000,1.0491,21883.7090,24,0
41880.0000,4188,2003,2.7000,3,1000,1000,1,18867.2427,0.0000,0.8995,3006.5125,0.0000,0.1258,13.1952,0.0000,0.0239,21886.9504,0.0000,1.0492,21886.9512,24,0
41890.0000,4189,1999,2.7000,3,996,1000,1,18872.1577,0.0000,0.8995,3010.6787,0.0000,0.1258,13.1920,0.0000,0.0239,21896.0284,0.0000,1.0493,21896.0293,24,0
41900.0000,4190,2004,2.7000,4,1000,1000,1,18876.8552,0.0000,0.8995,3010.5944,0.0000,0.1259,13.1889,0.0000,0.0239,21900.6385,0.0000,1.0494,21900.6387,24,0
41910.0000,4191,2003,2.7000,3,1000,1000,1,18881.4139,0.0000,0.8995,3011.6031,0.0000,0.1259,13.1857,0.0000,0.0239,21906.2027,0.0000,1.0493,21906.2031,24,0
41920.0000,4192,1999,2.7000,3,996,1000,1,18883.1949,0.0000,0.8994,3011.9924,0.0000,0.1260,13.1826,0.0000,0.0239,21908.3700,0.0000,1.0493,21908.3691,24,0
41930.0000,4193,2001,2.7000,1,1000,1000,1,18888.6855,0.0000,0.8993,3012.6476,0.0000,0.1261,13.1794,0.0000,0.0239,21914.5126,0.0000,1.0493,21914.5117,24,0
41940.0000,4194,2003,2.7000,3,1000,1000,1,18892.8389,0.0000,0.8992,3013.2635,0.0000,0.1262,13.1763,0.0000,0.0239,21919.2787,0.0000,1.0493,21919.2793,24,0
41950.0000,4195,1999,2.7000,0,999,1000,1,18898.7394,0.0000,0.8992,3014.0514,0.0000,0.1262,13.1732,0.0000,0.0239,21925.9640,0.0000,1.0493,21925.9648,24,0
41960.0000,4196,2001,2.7000,1,1000,1000,1,18903.1771,0.0000,0.8993,3014.4903,0.0000,0.1262,13.1700,0.0000,0.0239,21930.8375,0.0000,1.0494,21930.8379,24,0
41970.0000,4197,2002,2.7000,2,1000,1000,1,18908.3099,0.0000,0.8992,3014.9698,0.0000,0.1263,13.1669,0.0000,0.0239,21936.4466,0.0000,1.0494,21936.4473,24,0
41980.0000,4198,1996,2.7000,0,996,1000,1,18911.4096,0.0000,0.8991,3015.6445,0.0000,0.1264,13.1638,0.0000,0.0239,21940.2179,0.0000,1.0494,21940.2188,24,0
41990.0000,4199,1999,2.7000,0,999,1000,1,18914.4096,0.0000,0.8991,3016.2207,0.0000,0.1265,13.1606,0.0000,0.0239,21943.7909,0.0000,1.0494,21943.7910,24,0
42000.0000,4200,2004,2.7000,4,1000,1000,1,18921.3890,0.0000,0.8991,3016.1769,0.0000,0.1266,13.1575,0.0000,0.0239,21950.7234,0.0000,1.0496,21950.7227,24,0
42010.0000,4201,2006,2.7000,6,1000,1000,1,18925.9709,0.0000,0.8991,3015.4589,0.0000,0.1266,13.1544,0.0000,0.0239,21954.5842,0.0000,1.0495,21954.5840,25,0
42020.0000,4202,2006,2.7000,6,1000,1000,1,18930.1650,0.0000,0.8990,3014.7413,0.0000,0.1265,13.1512,0.0000,0.0239,21958.0575,0.0000,1.0495,21958.0566,25,0
42030.0000,4203,2007,2.7000,7,1000,1000,1,18933.2152,0.0000,0.8991,3014.0240,0.0000,0.1265,13.1481,0.0000,0.0239,21960.3874,0.0000,1.0494,21960.3867,25,0
42040.0000,4204,2009,2.7000,9,1000,1000,1,18938.7882,0.0000,0.8991,3013.3071,0.0000,0.1265,13.1450,0.0000,0.0239,21965.2403,0.0000,1.0495,21965.2402,25,0
42050.0000,4205,2012,2.7000,12,1000,1000,1,18944.0795,0.0000,0.8992,3012.5905,0.0000,0.1264,13.1418,0.0000,0.0239,21969.8119,0.0000,1.0495,21969.8125,25,0
42060.0000,4206,2008,2.7000,8,1000,1000,1,18948.6959,0.0000,0.8992,3011.8742,0.0000,0.1264,13.1387,0.0000,0.0238,21973.7089,0.0000,1.0495,21973.7090,25,0
42070.0000,4207,2012,2.7000,12,1000,1000,1,18953.1652,0.0000,0.8993,3011.1583,0.0000,0.1264,13.1356,0.0000,0.0238,21977.4591,0.0000,1.0495,21977.4590,25,0
42080.0000,4208,2003,2.7000,3,1000,1000,1,18956.5739,0.0000,0.8993,3010.4427,0.0000,0.1264,13.1325,0.0000,0.0238,21980.1491,0.0000,1.0495,21980.1484,24,0
42090.0000,4209,2004,2.7000,4,1000,1000,1,18961.7156,0.0000,0.8992,3020.8907,0.0000,0.1263,13.1293,0.0000,0.0238,21995.7357,0.0000,1.0494,21995.7363,24,0
42100.0000,4210,1999,2.7000,0,999,1000,1,18965.9821,0.0000,0.8993,3020.1731,0.0000,0.1263,13.1262,0.0000,0.0238,21999.2815,0.0000,1.0495,21999.2812,24,0
42110.0000,4211,2006,2.7000,6,1000,1000,1,18970.9222,0.0000,0.8993,3022.0280,0.0000,0.1263,13.1231,0.0000,0.0238,22006.0733,0.0000,1.0495,22006.0742,25,0
42120.0000,4212,2003,2.7000,3,1000,1000,1,18974.3886,0.0000,0.8994,3021.3105,0.0000,0.1263,13.1200,0.0000,0.0238,22008.8191,0.0000,1.0495,22008.8184,24,0
42130.0000,4213,2006,2.7000,6,1000,1000,1,18980.0945,0.0000,0.8994,3020.5933,0.0000,0.1263,13.1169,0.0000,0.0238,22013.8047,0.0000,1.0495,22013.8047,25,0
42140.0000,4214,2003,2.7000,3,1000,1000,1,18982.7555,0.0000,0.8993,3019.8765,0.0000,0.1262,13.1138,0.0000,0.0238,22015.7458,0.0000,1.0494,22015.7461,24,0
42150.0000,4215,2000,2.7000,0,1000,1000,1,18985.6290,0.0000,0.8992,3019.1601,0.0000,0.1262,13.1107,0.0000,0.0238,22017.8997,0.0000,1.0493,22017.9004,24,0
42160.0000,4216,2000,2.7000,1,999,1000,1,18993.2438,0.0000,0.8992,3024.9796,0.0000,0.1262,13.1075,0.0000,0.0238,22031.3309,0.0000,1.0492,22031.3301,24,0
42170.0000,4217,2003,2.7000,3,1000,1000,1,18997.9646,0.0000,0.8993,3025.1352,0.0000,0.1262,13.1044,0.0000,0.0238,22036.2043,0.0000,1.0493,22036.2051,24,0
42180.0000,4218,2002,2.7000,2,1000,1000,1,19002.2887,0.0000,0.8993,3024.4180,0.0000,0.1262,13.1013,0.0000,0.0238,22039.8080,0.0000,1.0493,22039.8086,24,0
42190.0000,4219,2002,2.7000,2,1000,1000,1,19007.0320,0.0000,0.8993,3026.4700,0.0000,0.1262,13.0982,0.0000,0.0238,22046.6002,0.0000,1.0493,22046.5996,24,0
42200.0000,4220,2000,2.7000,0,1000,1000,1,19008.5723,0.0000,0.8992,3027.7734,0.0000,0.1263,13.0951,0.0000,0.0238,22049.4409,0.0000,1.0493,22049.4414,24,0
42210.0000,4221,1999,2.7000,1,998,1000,1,19015.8808,0.0000,0.8991,3028.2370,0.0000,0.1264,13.0920,0.0000,0.0238,22057.2099,0.0000,1.0493,22057.2090,24,0
42220.0000,4222,2006,2.7000,6,1000,1000,1,19019.1966,0.0000,0.8992,3028.3288,0.0000,0.1265,13.0889,0.0000,0.0238,22060.6143,0.0000,1.0494,22060.6152,25,0
42230.0000,4223,2008,2.7000,8,1000,1000,1,19024.0731,0.0000,0.8992,3027.6117,0.0000,0.1265,13.0858,0.0000,0.0238,22064.7706,0.0000,1.0494,22064.7715,25,0
42240.0000,4224,2008,2.7000,8,1000,1000,1,19029.4600,0.0000,0.8991,3026.8949,0.0000,0.1264,13.0827,0.0000,0.0237,22069.4377,0.0000,1.0493,22069.4375,25,0
42250.0000,4225,2005,2.7000,5,1000,1000,1,19033.5839,0.0000,0.8991,3026.1785,0.0000,0.1264,13.0796,0.0000,0.0237,22072.8420,0.0000,1.0493,22072.8418,24,0
42260.0000,4226,2007,2.7000,7,1000,1000,1,19037.9265,0.0000,0.8992,3025.4624,0.0000,0.1264,13.0765,0.0000,0.0237,22076.4654,0.0000,1.0493,22076.4648,25,0
42270.0000,4227,2010,2.7000,10,1000,1000,1,19042.8972,0.0000,0.8993,3024.7467,0.0000,0.1263,13.0734,0.0000,0.0237,22080.7173,0.0000,1.0494,22080.7168,25,0
42280.0000,4228,2014,2.7000,14,1000,1000,1,19046.5613,0.0000,0.8994,3024.0313,0.0000,0.1263,13.0703,0.0000,0.0237,22083.6629,0.0000,1.0494,22083.6621,25,0
42290.0000,4229,2016,2.7000,16,1000,1000,1,19051.1886,0.0000,0.8994,3023.3162,0.0000,0.1263,13.0673,0.0000,0.0237,22087.5720,0.0000,1.0494,22087.5723,25,0
42300.0000,4230,2010,2.7000,10,1000,1000,1,19056.1618,0.0000,0.8993,3022.6015,0.0000,0.1262,13.0642,0.0000,0.0237,22091.8274,0.0000,1.0492,22091.8281,25,0
42310.0000,4231,2019,2.7000,19,1000,1000,1,19060.4634,0.0000,0.8993,3021.8871,0.0000,0.1262,13.0611,0.0000,0.0237,22095.4115,0.0000,1.0493,22095.4121,25,0
42320.0000,4232,2026,2.7000,26,1000,1000,1,19064.4226,0.0000,0.8994,3021.1730,0.0000,0.1262,13.0580,0.0000,0.0237,22098.6536,0.0000,1.0492,22098.6543,26,0
42330.0000,4233,2020,2.7000,20,1000,1000,1,19069.2900,0.0000,0.8993,3020.4593,0.0000,0.1262,13.0549,0.0000,0.0237,22102.8042,0.0000,1.0491,22102.8047,25,0
42340.0000,4234,2023,2.7000,23,1000,1000,1,19073.5646,0.0000,0.8993,3019.7459,0.0000,0.1261,13.0518,0.0000,0.0237,22106.3623,0.0000,1.0491,22106.3613,26,0
42350.0000,4235,2025,2.7000,25,1000,1000,1,19075.9212,0.0000,0.8993,3019.0329,0.0000,0.1261,13.0487,0.0000,0.0237,22108.0028,0.0000,1.0491,22108.0020,26,0
42360.0000,4236,2025,2.7000,25,1000,1000,1,19081.5007,0.0000,0.8993,3018.3202,0.0000,0.1261,13.0457,0.0000,0.0237,22112.8665,0.0000,1.0491,22112.8672,26,0
42370.0000,4237,2022,2.7000,22,1000,1000,1,19086.3692,0.0000,0.8993,3017.6078,0.0000,0.1260,13.0426,0.0000,0.0237,22117.0195,0.0000,1.0490,22117.0195,26,0
42380.0000,4238,2015,2.7000,15,1000,1000,1,19091.6245,0.0000,0.8992,3016.8957,0.0000,0.1260,13.0395,0.0000,0.0237,22121.5597,0.0000,1.0489,22121.5605,25,0
42390.0000,4239,2013,2.7000,13,1000,1000,1,19094.5175,0.0000,0.8991,3016.1840,0.0000,0.1260,13.0364,0.0000,0.0237,22123.7380,0.0000,1.0488,22123.7383,25,0
42400.0000,4240,2012,2.7000,12,1000,1000,1,19101.1613,0.0000,0.8991,3015.4727,0.0000,0.1259,13.0334,0.0000,0.0237,22129.6673,0.0000,1.0487,22129.6680,25,0
42410.0000,4241,2005,2.7000,5,1000,1000,1,19105.7393,0.0000,0.8991,3014.7616,0.0000,0.1259,13.0303,0.0000,0.0237,22133.5312,0.0000,1.0486,22133.5312,24,0
42420.0000,4242,2006,2.7000,6,1000,1000,1,19109.9949,0.0000,0.8991,3014.0510,0.0000,0.1259,13.0272,0.0000,0.0236,22137.0731,0.0000,1.0487,22137.0723,25,0
42430.0000,4243,2000,2.7000,0,1000,1000,1,19112.1239,0.0000,0.8991,3040.2507,0.0000,0.1260,13.0241,0.0000,0.0236,22165.3988,0.0000,1.0487,22165.3984,24,0
42440.0000,4244,2002,2.7000,2,1000,1000,1,19118.3362,0.0000,0.8992,3039.5344,0.0000,0.1259,13.0211,0.0000,0.0236,22170.8916,0.0000,1.0488,22170.8926,24,0
42450.0000,4245,2001,2.7000,1,1000,1000,1,19123.3534,0.0000,0.8991,3040.7200,0.0000,0.1259,13.0180,0.0000,0.0236,22177.0914,0.0000,1.0487,22177.0918,24,0
42460.0000,4246,2006,2.7000,6,1000,1000,1,19128.0357,0.0000,0.8991,3040.0038,0.0000,0.1259,13.0149,0.0000,0.0236,22181.0544,0.0000,1.0486,22181.0547,25,0
42470.0000,4247,2005,2.7000,5,1000,1000,1,19132.0579,0.0000,0.8991,3041.7219,0.0000,0.1259,13.0119,0.0000,0.0236,22186.7916,0.0000,1.0486,22186.7910,24,0
42480.0000,4248,2006,2.7000,6,1000,1000,1,19136.7679,0.0000,0.8991,3041.0059,0.0000,0.1259,13.0088,0.0000,0.0236,22190.7825,0.0000,1.0486,22190.7832,25,0
42490.0000,4249,2009,2.7000,9,1000,1000,1,19141.1029,0.0000,0.8992,3040.2902,0.0000,0.1258,13.0057,0.0000,0.0236,22194.3988,0.0000,1.0486,22194.3984,25,0
42500.0000,4250,2008,2.7000,8,1000,1000,1,19144.6803,0.0000,0.8992,3039.5748,0.0000,0.1258,13.0027,0.0000,0.0236,22197.2577,0.0000,1.0486,22197.2578,25,0
42510.0000,4251,2002,2.7000,2,1000,1000,1,19147.7897,0.0000,0.8992,3038.8598,0.0000,0.1258,12.9996,0.0000,0.0236,22199.6491,0.0000,1.0485,22199.6484,24,0
42520.0000,4252,2000,2.7000,2,998,1000,1,19154.5778,0.0000,0.8991,3045.1678,0.0000,0.1258,12.9966,0.0000,0.0236,22212.7422,0.0000,1.0485,22212.7422,24,0
42530.0000,4253,2000,2.7000,0,1000,1000,1,19156.3939,0.0000,0.8990,3045.6609,0.0000,0.1259,12.9935,0.0000,0.0236,22215.0483,0.0000,1.0485,22215.0488,24,0
42540.0000,4254,2000,2.7000,2,998,1000,1,19163.2099,0.0000,0.8989,3046.2820,0.0000,0.1259,12.9905,0.0000,0.0236,22222.4824,0.0000,1.0484,22222.4824,24,0
42550.0000,4255,2003,2.7000,3,1000,1000,1,19168.4860,0.0000,0.8989,3045.7088,0.0000,0.1259,12.9874,0.0000,0.0236,22227.1821,0.0000,1.0483,22227.1816,24,0
42560.0000,4256,2004,2.7000,6,998,1000,1,19172.7708,0.0000,0.8989,3047.2541,0.0000,0.1260,12.9844,0.0000,0.0236,22233.0092,0.0000,1.0485,22233.0098,25,0
42570.0000,4257,2005,2.7000,5,1000,1000,1,19177.5581,0.0000,0.8989,3047.0650,0.0000,0.1260,12.9813,0.0000,0.0236,22237.6044,0.0000,1.0485,22237.6035,24,0
42580.0000,4258,2006,2.7000,6,1000,1000,1,19181.6432,0.0000,0.8989,3046.3494,0.0000,0.1260,12.9783,0.0000,0.0236,22240.9709,0.0000,1.0485,22240.9707,25,0
42590.0000,4259,2004,2.7000,4,1000,1000,1,19185.8342,0.0000,0.8988,3045.6342,0.0000,0.1259,12.9752,0.0000,0.0236,22244.4436,0.0000,1.0483,22244.4434,24,0
42600.0000,4260,1997,2.7000,0,997,1000,1,19187.9382,0.0000,0.8988,3044.9192,0.0000,0.1259,12.9722,0.0000,0.0235,22245.8295,0.0000,1.0482,22245.8301,24,0
42610.0000,4261,2002,2.7000,2,1000,1000,1,19195.1004,0.0000,0.8988,3049.6947,0.0000,0.1261,12.9691,0.0000,0.0235,22257.7642,0.0000,1.0484,22257.7637,24,0
42620.0000,4262,2007,2.7000,7,1000,1000,1,19199.6143,0.0000,0.8988,3048.9792,0.0000,0.1260,12.9661,0.0000,0.0235,22261.5596,0.0000,1.0484,22261.5605,25,0
42630.0000,4263,2008,2.7000,8,1000,1000,1,19204.0589,0.0000,0.8988,3048.2639,0.0000,0.1260,12.9630,0.0000,0.0235,22265.2858,0.0000,1.0483,22265.2852,25,0
42640.0000,4264,2009,2.7000,9,1000,1000,1,19207.4806,0.0000,0.8989,3047.5490,0.0000,0.1260,12.9600,0.0000,0.0235,22267.9897,0.0000,1.0484,22267.9902,25,0
42650.0000,4265,2013,2.7000,13,1000,1000,1,19213.2097,0.0000,0.8989,3046.8345,0.0000,0.1260,12.9570,0.0000,0.0235,22273.0011,0.0000,1.0484,22273.0020,25,0
42660.0000,4266,2014,2.7000,14,1000,1000,1,19217.8040,0.0000,0.8990,3046.1203,0.0000,0.1259,12.9539,0.0000,0.0235,22276.8782,0.0000,1.0484,22276.8789,25,0
42670.0000,4267,2013,2.7000,13,1000,1000,1,19222.3582,0.0000,0.8990,3045.4064,0.0000,0.1259,12.9509,0.0000,0.0235,22280.7155,0.0000,1.0484,22280.7148,25,0
42680.0000,4268,2005,2.7000,5,1000,1000,1,19226.1859,0.0000,0.8989,3044.6929,0.0000,0.1259,12.9479,0.0000,0.0235,22283.8267,0.0000,1.0482,22283.8262,24,0
42690.0000,4269,2001,2.7000,1,1000,1000,1,19230.1222,0.0000,0.8988,3054.2779,0.0000,0.1259,12.9448,0.0000,0.0235,22297.3449,0.0000,1.0482,22297.3457,24,0
42700.0000,4270,2005,2.7000,5,1000,1000,1,19235.6853,0.0000,0.8988,3054.8023,0.0000,0.1259,12.9418,0.0000,0.0235,22303.4294,0.0000,1.0481,22303.4297,24,0
42710.0000,4271,2003,2.7000,3,1000,1000,1,19239.5970,0.0000,0.8988,3054.0870,0.0000,0.1258,12.9388,0.0000,0.0235,22306.6228,0.0000,1.0481,22306.6230,24,0
42720.0000,4272,2005,2.7000,5,1000,1000,1,19244.3433,0.0000,0.8989,3053.3721,0.0000,0.1258,12.9357,0.0000,0.0235,22310.6511,0.0000,1.0482,22310.6504,24,0
42730.0000,4273,2002,2.7000,2,1000,1000,1,19249.2083,0.0000,0.8988,3052.6575,0.0000,0.1258,12.9327,0.0000,0.0235,22314.7986,0.0000,1.0481,22314.7988,24,0
42740.0000,4274,2001,2.7000,1,1000,1000,1,19252.1802,0.0000,0.8988,3056.6472,0.0000,0.1259,12.9297,0.0000,0.0235,22321.7570,0.0000,1.0482,22321.7578,24,0
42750.0000,4275,1997,2.7000,0,997,1000,1,19257.6655,0.0000,0.8987,3057.5004,0.0000,0.1260,12.9266,0.0000,0.0235,22328.0926,0.0000,1.0481,22328.0918,24,0
42760.0000,4276,2005,2.7000,5,1000,1000,1,19261.4353,0.0000,0.8988,3057.4194,0.0000,0.1260,12.9236,0.0000,0.0235,22331.7783,0.0000,1.0482,22331.7793,24,0
42770.0000,4277,2010,2.7000,10,1000,1000,1,19267.0241,0.0000,0.8989,3056.7045,0.0000,0.1260,12.9206,0.0000,0.0235,22336.6492,0.0000,1.0483,22336.6484,25,0
42780.0000,4278,2017,2.7000,17,1000,1000,1,19271.5001,0.0000,0.8989,3055.9900,0.0000,0.1259,12.9176,0.0000,0.0234,22340.4077,0.0000,1.0483,22340.4082,25,0
42790.0000,4279,2016,2.7000,16,1000,1000,1,19275.3464,0.0000,0.8990,3055.2758,0.0000,0.1259,12.9146,0.0000,0.0234,22343.5368,0.0000,1.0484,22343.5371,25,0
42800.0000,4280,2012,2.7000,12,1000,1000,1,19279.6004,0.0000,0.8989,3054.5620,0.0000,0.1259,12.9115,0.0000,0.0234,22347.0739,0.0000,1.0483,22347.0742,25,0
42810.0000,4281,2003,2.7000,3,1000,1000,1,19284.8422,0.0000,0.8989,3053.8485,0.0000,0.1259,12.9085,0.0000,0.0234,22351.5992,0.0000,1.0482,22351.5996,24,0
42820.0000,4282,2000,2.7000,0,1000,1000,1,19288.7447,0.0000,0.8988,3061.4509,0.0000,0.1259,12.9055,0.0000,0.0234,22363.1012,0.0000,1.0481,22363.1016,24,0
42830.0000,4283,2000,2.7000,3,997,1000,1,19292.6864,0.0000,0.8987,3062.0489,0.0000,0.1260,12.9025,0.0000,0.0234,22367.6378,0.0000,1.0481,22367.6387,24,0
42840.0000,4284,2010,2.7000,10,1000,1000,1,19298.2231,0.0000,0.8989,3061.9685,0.0000,0.1260,12.8995,0.0000,0.0234,22373.0911,0.0000,1.0483,22373.0918,25,0
42850.0000,4285,2012,2.7000,12,1000,1000,1,19300.3722,0.0000,0.8989,3061.2539,0.0000,0.1260,12.8965,0.0000,0.0234,22374.5226,0.0000,1.0483,22374.5234,25,0
42860.0000,4286,2006,2.7000,6,1000,1000,1,19306.8700,0.0000,0.8989,3060.5396,0.0000,0.1260,12.8935,0.0000,0.0234,22380.3031,0.0000,1.0483,22380.3027,25,0
42870.0000,4287,2005,2.7000,5,1000,1000,1,19310.1932,0.0000,0.8989,3059.8257,0.0000,0.1259,12.8905,0.0000,0.0234,22382.9094,0.0000,1.0482,22382.9102,24,0
42880.0000,4288,2005,2.7000,5,1000,1000,1,19315.7505,0.0000,0.8988,3059.1121,0.0000,0.1259,12.8875,0.0000,0.0234,22387.7502,0.0000,1.0481,22387.7500,24,0
42890.0000,4289,1997,2.7000,0,997,1000,1,19320.0642,0.0000,0.8987,3058.3989,0.0000,0.1259,12.8845,0.0000,0.0234,22391.3476,0.0000,1.0480,22391.3477,24,0
42900.0000,4290,2005,2.7000,5,1000,1000,1,19325.3341,0.0000,0.8987,3065.2166,0.0000,0.1259,12.8815,0.0000,0.0234,22403.4321,0.0000,1.0480,22403.4316,24,0
42910.0000,4291,2001,2.7000,1,1000,1000,1,19326.0562,0.0000,0.8986,3064.5022,0.0000,0.1259,12.8784,0.0000,0.0234,22403.4369,0.0000,1.0479,22403.4375,24,0
42920.0000,4292,2000,2.7000,0,1000,1000,1,19330.4129,0.0000,0.8986,3066.9623,0.0000,0.1260,12.8754,0.0000,0.0234,22410.2506,0.0000,1.0479,22410.2500,24,0
42930.0000,4293,2001,2.7000,1,1000,1000,1,19338.1192,0.0000,0.8985,3066.5583,0.0000,0.1260,12.8724,0.0000,0.0234,22417.5500,0.0000,1.0479,22417.5508,24,0
42940.0000,4294,2007,2.7000,7,1000,1000,1,19342.5166,0.0000,0.8985,3065.8442,0.0000,0.1259,12.8695,0.0000,0.0234,22421.2302,0.0000,1.0478,22421.2305,25,0
42950.0000,4295,2008,2.7000,8,1000,1000,1,19347.5105,0.0000,0.8985,3065.1304,0.0000,0.1259,12.8665,0.0000,0.0234,22425.5074,0.0000,1.0478,22425.5078,25,0
42960.0000,4296,2006,2.7000,6,1000,1000,1,19349.4124,0.0000,0.8985,3064.4169,0.0000,0.1259,12.8635,0.0000,0.0233,22426.6928,0.0000,1.0477,22426.6934,25,0
42970.0000,4297,2005,2.7000,5,1000,1000,1,19356.8304,0.0000,0.8985,3063.7037,0.0000,0.1259,12.8605,0.0000,0.0233,22433.3946,0.0000,1.0477,22433.3945,24,0
42980.0000,4298,2013,2.7000,13,1000,1000,1,19360.9452,0.0000,0.8987,3062.9909,0.0000,0.1258,12.8575,0.0000,0.0233,22436.7936,0.0000,1.0478,22436.7930,25,0
42990.0000,4299,2010,2.7000,10,1000,1000,1,19364.7738,0.0000,0.8987,3062.2784,0.0000,0.1258,12.8545,0.0000,0.0233,22439.9067,0.0000,1.0478,22439.9062,25,0
43000.0000,4300,2004,2.7000,4,1000,1000,1,19368.5649,0.0000,0.8987,3061.5663,0.0000,0.1258,12.8515,0.0000,0.0233,22442.9827,0.0000,1.0478,22442.9824,24,0
43010.0000,4301,2004,2.7000,4,1000,1000,1,19374.2497,0.0000,0.8987,3060.8544,0.0000,0.1257,12.8485,0.0000,0.0233,22447.9527,0.0000,1.0477,22447.9531,24,0
43020.0000,4302,2003,2.7000,3,1000,1000,1,19377.2238,0.0000,0.8986,3060.1429,0.0000,0.1257,12.8455,0.0000,0.0233,22450.2123,0.0000,1.0476,22450.2129,24,0
43030.0000,4303,2005,2.7000,5,1000,1000,1,19383.2713,0.0000,0.8987,3059.4318,0.0000,0.1257,12.8425,0.0000,0.0233,22455.5456,0.0000,1.0477,22455.5449,24,0
43040.0000,4304,2008,2.7000,8,1000,1000,1,19387.9706,0.0000,0.8987,3058.7209,0.0000,0.1257,12.8396,0.0000,0.0233,22459.5311,0.0000,1.0477,22459.5312,25,0
43050.0000,4305,2004,2.7000,4,1000,1000,1,19392.6531,0.0000,0.8986,3058.0104,0.0000,0.1256,12.8366,0.0000,0.0233,22463.5001,0.0000,1.0475,22463.5000,24,0
43060.0000,4306,1999,2.7000,0,999,1000,1,19393.4992,0.0000,0.8985,3074.5280,0.0000,0.1257,12.8336,0.0000,0.0233,22480.8608,0.0000,1.0475,22480.8613,24,0
43070.0000,4307,2003,2.7000,3,1000,1000,1,19400.2058,0.0000,0.8985,3074.0663,0.0000,0.1257,12.8306,0.0000,0.0233,22487.1027,0.0000,1.0475,22487.1035,24,0
43080.0000,4308,2007,2.7000,7,1000,1000,1,19405.3297,0.0000,0.8985,3073.3527,0.0000,0.1256,12.8276,0.0000,0.0233,22491.5101,0.0000,1.0474,22491.5098,25,0
43090.0000,4309,2002,2.7000,2,1000,1000,1,19410.4230,0.0000,0.8985,3076.1731,0.0000,0.1256,12.8247,0.0000,0.0233,22499.4207,0.0000,1.0474,22499.4199,24,0
43100.0000,4310,2002,2.7000,3,999,1000,1,19415.0500,0.0000,0.8985,3076.6134,0.0000,0.1256,12.8217,0.0000,0.0233,22504.4850,0.0000,1.0474,22504.4844,24,0
43110.0000,4311,2005,2.7000,5,1000,1000,1,19418.8197,0.0000,0.8984,3077.0425,0.0000,0.1257,12.8187,0.0000,0.0233,22508.6810,0.0000,1.0474,22508.6816,24,0
43120.0000,4312,2005,2.7000,5,1000,1000,1,19421.4229,0.0000,0.8984,3076.3289,0.0000,0.1256,12.8157,0.0000,0.0233,22510.5676,0.0000,1.0473,22510.5684,24,0
43130.0000,4313,2002,2.7000,2,1000,1000,1,19427.4079,0.0000,0.8985,3075.6157,0.0000,0.1256,12.8128,0.0000,0.0233,22515.8363,0.0000,1.0473,22515.8359,24,0
43140.0000,4314,2007,2.7000,7,1000,1000,1,19432.9343,0.0000,0.8987,3078.8726,0.0000,0.1256,12.8098,0.0000,0.0232,22524.6167,0.0000,1.0475,22524.6172,25,0
43150.0000,4315,2013,2.7000,13,1000,1000,1,19437.4391,0.0000,0.8988,3078.1591,0.0000,0.1256,12.8068,0.0000,0.0232,22528.4050,0.0000,1.0476,22528.4043,25,0
43160.0000,4316,2012,2.7000,12,1000,1000,1,19439.5805,0.0000,0.8988,3077.4459,0.0000,0.1255,12.8039,0.0000,0.0232,22529.8302,0.0000,1.0476,22529.8301,25,0
43170.0000,4317,2014,2.7000,14,1000,1000,1,19446.4264,0.0000,0.8988,3076.7330,0.0000,0.1255,12.8009,0.0000,0.0232,22535.9603,0.0000,1.0476,22535.9609,25,0
43180.0000,4318,2017,2.7000,17,1000,1000,1,19450.1098,0.0000,0.8988,3076.0204,0.0000,0.1255,12.7979,0.0000,0.0232,22538.9282,0.0000,1.0475,22538.9277,25,0
43190.0000,4319,2016,2.7000,16,1000,1000,1,19454.4540,0.0000,0.8987,3075.3082,0.0000,0.1254,12.7950,0.0000,0.0232,22542.5572,0.0000,1.0474,22542.5566,25,0
43200.0000,4320,2012,2.7000,12,1000,1000,1,19459.2243,0.0000,0.8986,3074.5964,0.0000,0.1254,12.7920,0.0000,0.0232,22546.6127,0.0000,1.0472,22546.6133,25,0
43210.0000,4321,2015,2.7000,15,1000,1000,1,19464.0331,0.0000,0.8986,3073.8848,0.0000,0.1254,12.7890,0.0000,0.0232,22550.7069,0.0000,1.0472,22550.7070,25,0
43220.0000,4322,2020,2.7000,20,1000,1000,1,19468.8082,0.0000,0.8987,3073.1736,0.0000,0.1254,12.7861,0.0000,0.0232,22554.7679,0.0000,1.0472,22554.7676,25,0
43230.0000,4323,2013,2.7000,13,1000,1000,1,19472.0981,0.0000,0.8986,3072.4627,0.0000,0.1253,12.7831,0.0000,0.0232,22557.3439,0.0000,1.0471,22557.3438,25,0
43240.0000,4324,2010,2.7000,10,1000,1000,1,19477.7782,0.0000,0.8986,3071.7522,0.0000,0.1253,12.7802,0.0000,0.0232,22562.3105,0.0000,1.0471,22562.3105,25,0
43250.0000,4325,2016,2.7000,16,1000,1000,1,19482.0491,0.0000,0.8987,3071.0419,0.0000,0.1253,12.7772,0.0000,0.0232,22565.8682,0.0000,1.0472,22565.8691,25,0
43260.0000,4326,2011,2.7000,11,1000,1000,1,19485.4131,0.0000,0.8988,3070.3320,0.0000,0.1252,12.7743,0.0000,0.0232,22568.5194,0.0000,1.0472,22568.5195,25,0
43270.0000,4327,1997,2.7000,0,997,1000,1,19486.5406,0.0000,0.8986,3085.9113,0.0000,0.1252,12.7713,0.0000,0.0232,22585.2232,0.0000,1.0470,22585.2227,24,0
43280.0000,4328,2002,2.7000,2,1000,1000,1,19495.3209,0.0000,0.8986,3085.9686,0.0000,0.1253,12.7684,0.0000,0.0232,22594.0578,0.0000,1.0470,22594.0586,24,0
43290.0000,4329,2000,2.7000,1,999,1000,1,19500.0183,0.0000,0.8985,3086.9837,0.0000,0.1253,12.7654,0.0000,0.0232,22599.7674,0.0000,1.0469,22599.7676,24,0
43300.0000,4330,2003,2.7000,3,1000,1000,1,19504.1745,0.0000,0.8985,3087.5116,0.0000,0.1253,12.7625,0.0000,0.0232,22604.4486,0.0000,1.0470,22604.4492,24,0
43310.0000,4331,2004,2.7000,4,1000,1000,1,19506.2826,0.0000,0.8985,3086.7987,0.0000,0.1253,12.7595,0.0000,0.0232,22605.8408,0.0000,1.0470,22605.8398,24,0
43320.0000,4332,2006,2.7000,6,1000,1000,1,19512.6828,0.0000,0.8986,3086.0862,0.0000,0.1252,12.7566,0.0000,0.0232,22611.5256,0.0000,1.0470,22611.5254,25,0
43330.0000,4333,2012,2.7000,12,1000,1000,1,19515.8261,0.0000,0.8986,3085.3740,0.0000,0.1252,12.7536,0.0000,0.0231,22613.9537,0.0000,1.0469,22613.9531,25,0
43340.0000,4334,2006,2.7000,6,1000,1000,1,19521.4982,0.0000,0.8985,3084.6621,0.0000,0.1252,12.7507,0.0000,0.0231,22618.9110,0.0000,1.0469,22618.9102,25,0
43350.0000,4335,2000,2.7000,0,1000,1000,1,19526.2615,0.0000,0.8985,3089.4598,0.0000,0.1252,12.7477,0.0000,0.0231,22628.4691,0.0000,1.0468,22628.4688,24,0
43360.0000,4336,2003,2.7000,4,999,1000,1,19531.5628,0.0000,0.8984,3090.6892,0.0000,0.1253,12.7448,0.0000,0.0231,22634.9968,0.0000,1.0469,22634.9961,24,0
43370.0000,4337,2006,2.7000,6,1000,1000,1,19536.0055,0.0000,0.8985,3090.1537,0.0000,0.1253,12.7419,0.0000,0.0231,22638.9011,0.0000,1.0469,22638.9004,25,0
43380.0000,4338,2005,2.7000,5,1000,1000,1,19540.4855,0.0000,0.8985,3089.4414,0.0000,0.1253,12.7389,0.0000,0.0231,22642.6658,0.0000,1.0470,22642.6660,24,0
43390.0000,4339,2005,2.7000,5,1000,1000,1,19544.6050,0.0000,0.8985,3088.7294,0.0000,0.1253,12.7360,0.0000,0.0231,22646.0703,0.0000,1.0469,22646.0703,24,0
43400.0000,4340,2007,2.7000,7,1000,1000,1,19548.2355,0.0000,0.8985,3088.0177,0.0000,0.1253,12.7330,0.0000,0.0231,22648.9862,0.0000,1.0468,22648.9863,25,0
43410.0000,4341,2008,2.7000,8,1000,1000,1,19553.8831,0.0000,0.8985,3087.3063,0.0000,0.1252,12.7301,0.0000,0.0231,22653.9196,0.0000,1.0468,22653.9199,25,0
43420.0000,4342,2009,2.7000,9,1000,1000,1,19558.5103,0.0000,0.8985,3086.5953,0.0000,0.1252,12.7272,0.0000,0.0231,22657.8328,0.0000,1.0468,22657.8320,25,0
43430.0000,4343,2003,2.7000,3,1000,1000,1,19561.2794,0.0000,0.8984,3085.8846,0.0000,0.1252,12.7243,0.0000,0.0231,22659.8882,0.0000,1.0467,22659.8887,24,0
43440.0000,4344,2002,2.7000,2,1000,1000,1,19564.6120,0.0000,0.8983,3094.3054,0.0000,0.1252,12.7213,0.0000,0.0231,22671.6388,0.0000,1.0466,22671.6387,24,0
43450.0000,4345,2009,2.7000,9,1000,1000,1,19571.2602,0.0000,0.8985,3093.5933,0.0000,0.1252,12.7184,0.0000,0.0231,22677.5718,0.0000,1.0467,22677.5723,25,0
43460.0000,4346,2015,2.7000,15,1000,1000,1,19576.1009,0.0000,0.8985,3092.8815,0.0000,0.1251,12.7155,0.0000,0.0231,22681.6979,0.0000,1.0467,22681.6973,25,0
43470.0000,4347,2012,2.7000,12,1000,1000,1,19579.8129,0.0000,0.8986,3092.1700,0.0000,0.1251,12.7125,0.0000,0.0231,22684.6954,0.0000,1.0467,22684.6953,25,0
43480.0000,4348,2013,2.7000,13,1000,1000,1,19582.2062,0.0000,0.8985,3091.4588,0.0000,0.1251,12.7096,0.0000,0.0231,22686.3746,0.0000,1.0467,22686.3750,25,0
43490.0000,4349,2010,2.7000,10,1000,1000,1,19587.5588,0.0000,0.8986,3090.7479,0.0000,0.1250,12.7067,0.0000,0.0231,22691.0134,0.0000,1.0467,22691.0137,25,0
43500.0000,4350,2010,2.7000,10,1000,1000,1,19593.6855,0.0000,0.8985,3090.0374,0.0000,0.1250,12.7038,0.0000,0.0231,22696.4267,0.0000,1.0466,22696.4258,25,0
43510.0000,4351,2007,2.7000,7,1000,1000,1,19598.7654,0.0000,0.8985,3089.3272,0.0000,0.1250,12.7009,0.0000,0.0231,22700.7935,0.0000,1.0465,22700.7930,25,0
43520.0000,4352,2005,2.7000,5,1000,1000,1,19602.4005,0.0000,0.8986,3088.6174,0.0000,0.1250,12.6979,0.0000,0.0230,22703.7158,0.0000,1.0466,22703.7148,24,0
43530.0000,4353,2012,2.7000,12,1000,1000,1,19606.9879,0.0000,0.8987,3087.9078,0.0000,0.1249,12.6950,0.0000,0.0230,22707.5907,0.0000,1.0466,22707.5898,25,0
43540.0000,4354,2013,2.7000,13,1000,1000,1,19611.7632,0.0000,0.8987,3087.1986,0.0000,0.1249,12.6921,0.0000,0.0230,22711.6540,0.0000,1.0467,22711.6543,25,0
43550.0000,4355,2012,2.7000,12,1000,1000,1,19616.5686,0.0000,0.8987,3086.4897,0.0000,0.1249,12.6892,0.0000,0.0230,22715.7475,0.0000,1.0466,22715.7480,25,0
43560.0000,4356,2012,2.7000,12,1000,1000,1,19620.7968,0.0000,0.8987,3085.7812,0.0000,0.1248,12.6863,0.0000,0.0230,22719.2642,0.0000,1.0466,22719.2637,25,0
43570.0000,4357,2012,2.7000,12,1000,1000,1,19624.7487,0.0000,0.8987,3085.0729,0.0000,0.1248,12.6834,0.0000,0.0230,22722.5050,0.0000,1.0465,22722.5059,25,0
43580.0000,4358,2009,2.7000,9,1000,1000,1,19628.8016,0.0000,0.8987,3084.3650,0.0000,0.1248,12.6805,0.0000,0.0230,22725.8471,0.0000,1.0465,22725.8477,25,0
43590.0000,4359,2013,2.7000,13,1000,1000,1,19634.5843,0.0000,0.8988,3083.6575,0.0000,0.1248,12.6775,0.0000,0.0230,22730.9193,0.0000,1.0465,22730.9199,25,0
43600.0000,4360,2022,2.7000,22,1000,1000,1,19638.7445,0.0000,0.8990,3082.9502,0.0000,0.1247,12.6746,0.0000,0.0230,22734.3693,0.0000,1.0467,22734.3691,26,0
43610.0000,4361,2020,2.7000,20,1000,1000,1,19643.6844,0.0000,0.8990,3082.2433,0.0000,0.1247,12.6717,0.0000,0.0230,22738.5993,0.0000,1.0467,22738.5996,25,0
43620.0000,4362,2019,2.7000,19,1000,1000,1,19647.7341,0.0000,0.8991,3081.5366,0.0000,0.1247,12.6688,0.0000,0.0230,22741.9395,0.0000,1.0467,22741.9395,25,0
43630.0000,4363,2012,2.7000,12,1000,1000,1,19648.1369,0.0000,0.8990,3080.8304,0.0000,0.1246,12.6659,0.0000,0.0230,22741.6332,0.0000,1.0466,22741.6328,25,0
43640.0000,4364,2013,2.7000,13,1000,1000,1,19656.9039,0.0000,0.8990,3080.1244,0.0000,0.1246,12.6630,0.0000,0.0230,22749.6913,0.0000,1.0466,22749.6914,25,0
43650.0000,4365,2005,2.7000,5,1000,1000,1,19661.5448,0.0000,0.8989,3079.4187,0.0000,0.1246,12.6601,0.0000,0.0230,22753.6236,0.0000,1.0464,22753.6230,24,0
43660.0000,4366,2004,2.7000,4,1000,1000,1,19664.2455,0.0000,0.8988,3078.7134,0.0000,0.1246,12.6572,0.0000,0.0230,22755.6162,0.0000,1.0463,22755.6152,24,0
43670.0000,4367,2004,2.7000,4,1000,1000,1,19670.3247,0.0000,0.8987,3078.0084,0.0000,0.1245,12.6543,0.0000,0.0230,22760.9875,0.0000,1.0462,22760.9883,24,0
43680.0000,4368,2003,2.7000,3,1000,1000,1,19675.0125,0.0000,0.8987,3077.3038,0.0000,0.1245,12.6514,0.0000,0.0230,22764.9677,0.0000,1.0462,22764.9668,24,0
43690.0000,4369,2002,2.7000,2,1000,1000,1,19676.7264,0.0000,0.8986,3076.5994,0.0000,0.1245,12.6485,0.0000,0.0230,22765.9744,0.0000,1.0461,22765.9746,24,0
43700.0000,4370,2002,2.7000,2,1000,1000,1,19683.7702,0.0000,0.8987,3108.3256,0.0000,0.1245,12.6456,0.0000,0.0230,22804.7414,0.0000,1.0462,22804.7422,24,0
43710.0000,4371,2005,2.7000,5,1000,1000,1,19688.3502,0.0000,0.8987,3109.4797,0.0000,0.1245,12.6427,0.0000,0.0229,22810.4726,0.0000,1.0462,22810.4727,24,0
43720.0000,4372,2002,2.7000,2,1000,1000,1,19692.9161,0.0000,0.8987,3108.7684,0.0000,0.1245,12.6399,0.0000,0.0229,22814.3244,0.0000,1.0461,22814.3242,24,0
43730.0000,4373,1999,2.7000,0,999,1000,1,19697.2150,0.0000,0.8987,3110.1742,0.0000,0.1245,12.6370,0.0000,0.0229,22820.0262,0.0000,1.0461,22820.0254,24,0
43740.0000,4374,2003,2.7000,4,999,1000,1,19701.4413,0.0000,0.8986,3110.9419,0.0000,0.1246,12.6341,0.0000,0.0229,22825.0173,0.0000,1.0462,22825.0176,24,0
43750.0000,4375,2006,2.7000,6,1000,1000,1,19706.0179,0.0000,0.8987,3110.5358,0.0000,0.1246,12.6312,0.0000,0.0229,22829.1849,0.0000,1.0462,22829.1855,25,0
43760.0000,4376,2005,2.7000,5,1000,1000,1,19709.5233,0.0000,0.8987,3109.8250,0.0000,0.1246,12.6283,0.0000,0.0229,22831.9766,0.0000,1.0462,22831.9766,24,0
43770.0000,4377,2003,2.7000,3,1000,1000,1,19715.3642,0.0000,0.8987,3109.1145,0.0000,0.1246,12.6254,0.0000,0.0229,22837.1041,0.0000,1.0462,22837.1035,24,0
43780.0000,4378,2004,2.7000,4,1000,1000,1,19716.4567,0.0000,0.8986,3108.4043,0.0000,0.1246,12.6225,0.0000,0.0229,22837.4836,0.0000,1.0461,22837.4844,24,0
43790.0000,4379,1999,2.7000,0,999,1000,1,19722.5886,0.0000,0.8985,3113.4655,0.0000,0.1245,12.6196,0.0000,0.0229,22848.6738,0.0000,1.0460,22848.6738,24,0
43800.0000,4380,2001,2.7000,1,1000,1000,1,19728.6221,0.0000,0.8985,3114.2715,0.0000,0.1246,12.6168,0.0000,0.0229,22855.5103,0.0000,1.0460,22855.5098,24,0
43810.0000,4381,2002,2.7000,2,1000,1000,1,19733.3091,0.0000,0.8985,3113.5606,0.0000,0.1246,12.6139,0.0000,0.0229,22859.4836,0.0000,1.0460,22859.4844,24,0
43820.0000,4382,2003,2.7000,3,1000,1000,1,19737.4900,0.0000,0.8985,3112.8501,0.0000,0.1246,12.6110,0.0000,0.0229,22862.9511,0.0000,1.0459,22862.9512,24,0
43830.0000,4383,1997,2.7000,0,997,1000,1,19739.1361,0.0000,0.8984,3115.9152,0.0000,0.1246,12.6081,0.0000,0.0229,22867.6595,0.0000,1.0459,22867.6602,24,0
43840.0000,4384,2000,2.7000,1,999,1000,1,19746.6033,0.0000,0.8983,3116.3247,0.0000,0.1247,12.6053,0.0000,0.0229,22875.5333,0.0000,1.0460,22875.5332,24,0
43850.0000,4385,2000,2.7000,1,999,1000,1,19750.7035,0.0000,0.8983,3116.4808,0.0000,0.1248,12.6024,0.0000,0.0229,22879.7867,0.0000,1.0460,22879.7871,24,0
43860.0000,4386,2000,2.7000,0,1000,1000,1,19752.9706,0.0000,0.8983,3117.6209,0.0000,0.1249,12.5995,0.0000,0.0229,22883.1910,0.0000,1.0460,22883.1914,24,0
43870.0000,4387,2003,2.7000,3,1000,1000,1,19759.6328,0.0000,0.8982,3117.2745,0.0000,0.1249,12.5966,0.0000,0.0229,22889.5039,0.0000,1.0460,22889.5039,24,0
43880.0000,4388,2001,2.7000,1,1000,1000,1,19764.1186,0.0000,0.8982,3118.6749,0.0000,0.1250,12.5938,0.0000,0.0229,22895.3872,0.0000,1.0461,22895.3867,24,0
43890.0000,4389,2002,2.7000,2,1000,1000,1,19767.6205,0.0000,0.8982,3117.9643,0.0000,0.1249,12.5909,0.0000,0.0229,22898.1756,0.0000,1.0460,22898.1758,24,0
43900.0000,4390,2000,2.7000,0,1000,1000,1,19771.6495,0.0000,0.8982,3119.0390,0.0000,0.1250,12.5880,0.0000,0.0228,22903.2765,0.0000,1.0460,22903.2773,24,0
43910.0000,4391,2001,2.7000,1,1000,1000,1,19778.0123,0.0000,0.8982,3119.8805,0.0000,0.1250,12.5852,0.0000,0.0228,22910.4780,0.0000,1.0460,22910.4785,24,0
43920.0000,4392,2008,2.7000,8,1000,1000,1,19782.2660,0.0000,0.8982,3119.1702,0.0000,0.1250,12.5823,0.0000,0.0228,22914.0184,0.0000,1.0461,22914.0176,25,0
43930.0000,4393,2008,2.7000,8,1000,1000,1,19786.8723,0.0000,0.8982,3118.4601,0.0000,0.1250,12.5794,0.0000,0.0228,22917.9119,0.0000,1.0460,22917.9121,25,0
43940.0000,4394,2020,2.7000,20,1000,1000,1,19791.3308,0.0000,0.8983,3117.7504,0.0000,0.1249,12.5766,0.0000,0.0228,22921.6578,0.0000,1.0461,22921.6582,25,0
43950.0000,4395,2019,2.7000,19,1000,1000,1,19795.3587,0.0000,0.8982,3117.0410,0.0000,0.1249,12.5737,0.0000,0.0228,22924.9735,0.0000,1.0460,22924.9727,25,0
43960.0000,4396,2020,2.7000,20,1000,1000,1,19798.9025,0.0000,0.8983,3116.3320,0.0000,0.1249,12.5708,0.0000,0.0228,22927.8053,0.0000,1.0460,22927.8047,25,0
43970.0000,4397,2016,2.7000,16,1000,1000,1,19800.5180,0.0000,0.8981,3115.6232,0.0000,0.1249,12.5680,0.0000,0.0228,22928.7092,0.0000,1.0458,22928.7090,25,0
43980.0000,4398,2021,2.7000,21,1000,1000,1,19809.1678,0.0000,0.8982,3114.9148,0.0000,0.1248,12.5651,0.0000,0.0228,22936.6478,0.0000,1.0458,22936.6484,26,0
43990.0000,4399,2019,2.7000,19,1000,1000,1,19811.0307,0.0000,0.8982,3114.2067,0.0000,0.1248,12.5623,0.0000,0.0228,22937.7997,0.0000,1.0458,22937.7988,25,0
44000.0000,4400,2020,2.7000,20,1000,1000,1,19817.5879,0.0000,0.8982,3113.4989,0.0000,0.1248,12.5594,0.0000,0.0228,22943.6463,0.0000,1.0458,22943.6465,25,0
44010.0000,4401,2014,2.7000,14,1000,1000,1,19822.8825,0.0000,0.8982,3112.7915,0.0000,0.1247,12.5566,0.0000,0.0228,22948.2305,0.0000,1.0457,22948.2305,25,0
44020.0000,4402,2013,2.7000,13,1000,1000,1,19825.5205,0.0000,0.8981,3112.0844,0.0000,0.1247,12.5537,0.0000,0.0228,22950.1585,0.0000,1.0456,22950.1582,25,0
44030.0000,4403,2010,2.7000,10,1000,1000,1,19831.7820,0.0000,0.8981,3111.3776,0.0000,0.1247,12.5509,0.0000,0.0228,22955.7104,0.0000,1.0456,22955.7109,25,0
44040.0000,4404,2015,2.7000,15,1000,1000,1,19835.3436,0.0000,0.8981,3110.6711,0.0000,0.1247,12.5480,0.0000,0.0228,22958.5627,0.0000,1.0455,22958.5625,25,0
44050.0000,4405,2009,2.7000,9,1000,1000,1,19838.2776,0.0000,0.8981,3109.9649,0.0000,0.1246,12.5452,0.0000,0.0228,22960.7877,0.0000,1.0455,22960.7871,25,0
44060.0000,4406,2016,2.7000,16,1000,1000,1,19844.7197,0.0000,0.8982,3109.2591,0.0000,0.1246,12.5423,0.0000,0.0228,22966.5211,0.0000,1.0456,22966.5215,25,0
44070.0000,4407,2011,2.7000,11,1000,1000,1,19848.5669,0.0000,0.8981,3108.5535,0.0000,0.1246,12.5395,0.0000,0.0228,22969.6599,0.0000,1.0455,22969.6602,25,0
44080.0000,4408,2017,2.7000,17,1000,1000,1,19853.5566,0.0000,0.8982,3107.8483,0.0000,0.1245,12.5366,0.0000,0.0228,22973.9416,0.0000,1.0455,22973.9414,25,0
44090.0000,4409,2012,2.7000,12,1000,1000,1,19858.6782,0.0000,0.8982,3107.1434,0.0000,0.1245,12.5338,0.0000,0.0227,22978.3554,0.0000,1.0455,22978.3555,25,0
44100.0000,4410,2012,2.7000,12,1000,1000,1,19863.0906,0.0000,0.8982,3106.4389,0.0000,0.1245,12.5309,0.0000,0.0227,22982.0604,0.0000,1.0454,22982.0605,25,0
44110.0000,4411,2007,2.7000,7,1000,1000,1,19864.3468,0.0000,0.8981,3105.7346,0.0000,0.1245,12.5281,0.0000,0.0227,22982.6095,0.0000,1.0453,22982.6094,25,0
44120.0000,4412,2002,2.7000,2,1000,1000,1,19870.0740,0.0000,0.8980,3105.0307,0.0000,0.1244,12.5253,0.0000,0.0227,22987.6299,0.0000,1.0452,22987.6309,24,0
44130.0000,4413,2005,2.7000,5,1000,1000,1,19876.4350,0.0000,0.8981,3131.5766,0.0000,0.1245,12.5224,0.0000,0.0227,23020.5341,0.0000,1.0452,23020.5332,24,0
44140.0000,4414,2007,2.7000,7,1000,1000,1,19880.6558,0.0000,0.8980,3130.8672,0.0000,0.1244,12.5196,0.0000,0.0227,23024.0425,0.0000,1.0452,23024.0430,25,0
44150.0000,4415,2004,2.7000,4,1000,1000,1,19885.1740,0.0000,0.8980,3130.1580,0.0000,0.1244,12.5167,0.0000,0.0227,23027.8488,0.0000,1.0451,23027.8496,24,0
44160.0000,4416,2006,2.7000,6,1000,1000,1,19889.3219,0.0000,0.8980,3129.4492,0.0000,0.1244,12.5139,0.0000,0.0227,23031.2851,0.0000,1.0450,23031.2852,25,0
44170.0000,4417,2004,2.7000,4,1000,1000,1,19894.2037,0.0000,0.8979,3133.7778,0.0000,0.1244,12.5111,0.0000,0.0227,23040.4925,0.0000,1.0450,23040.4922,24,0
44180.0000,4418,2003,2.7000,3,1000,1000,1,19896.9983,0.0000,0.8979,3133.0684,0.0000,0.1243,12.5082,0.0000,0.0227,23042.5750,0.0000,1.0450,23042.5742,24,0
44190.0000,4419,2003,2.7000,3,1000,1000,1,19902.0137,0.0000,0.8980,3134.7556,0.0000,0.1243,12.5054,0.0000,0.0227,23049.2747,0.0000,1.0450,23049.2754,24,0
44200.0000,4420,2008,2.7000,8,1000,1000,1,19906.1397,0.0000,0.8981,3134.0464,0.0000,0.1243,12.5026,0.0000,0.0227,23052.6886,0.0000,1.0450,23052.6895,25,0
44210.0000,4421,2006,2.7000,6,1000,1000,1,19912.1990,0.0000,0.8981,3133.3375,0.0000,0.1243,12.4998,0.0000,0.0227,23058.0362,0.0000,1.0450,23058.0371,25,0
44220.0000,4422,2000,2.7000,0,1000,1000,1,19916.3512,0.0000,0.8980,3136.8455,0.0000,0.1243,12.4969,0.0000,0.0227,23065.6936,0.0000,1.0449,23065.6934,24,0
44230.0000,4423,1996,2.7000,0,996,1000,1,19919.2323,0.0000,0.8979,3137.0474,0.0000,0.1244,12.4941,0.0000,0.0227,23068.7737,0.0000,1.0449,23068.7734,24,0
44240.0000,4424,2003,2.7000,3,1000,1000,1,19925.6634,0.0000,0.8979,3137.8991,0.0000,0.1244,12.4913,0.0000,0.0227,23076.0537,0.0000,1.0450,23076.0547,24,0
44250.0000,4425,2004,2.7000,4,1000,1000,1,19930.2644,0.0000,0.8980,3137.9313,0.0000,0.1245,12.4885,0.0000,0.0227,23080.6842,0.0000,1.0452,23080.6836,24,0
44260.0000,4426,2004,2.7000,4,1000,1000,1,19933.6738,0.0000,0.8980,3137.2224,0.0000,0.1245,12.4856,0.0000,0.0227,23083.3818,0.0000,1.0451,23083.3809,24,0
44270.0000,4427,2000,2.7000,0,1000,1000,1,19937.8643,0.0000,0.8979,3139.3314,0.0000,0.1245,12.4828,0.0000,0.0227,23089.6786,0.0000,1.0451,23089.6777,24,0
44280.0000,4428,2000,2.7000,0,1000,1000,1,19943.1293,0.0000,0.8979,3140.0176,0.0000,0.1246,12.4800,0.0000,0.0227,23095.6269,0.0000,1.0452,23095.6270,24,0
44290.0000,4429,2007,2.7000,7,1000,1000,1,19947.7666,0.0000,0.8980,3139.7959,0.0000,0.1246,12.4772,0.0000,0.0226,23100.0396,0.0000,1.0452,23100.0391,25,0
44300.0000,4430,2015,2.7000,15,1000,1000,1,19952.2918,0.0000,0.8981,3139.0871,0.0000,0.1246,12.4744,0.0000,0.0226,23103.8533,0.0000,1.0453,23103.8535,25,0
44310.0000,4431,2018,2.7000,18,1000,1000,1,19956.7785,0.0000,0.8982,3138.3787,0.0000,0.1246,12.4715,0.0000,0.0226,23107.6287,0.0000,1.0454,23107.6289,25,0
44320.0000,4432,2012,2.7000,12,1000,1000,1,19961.3340,0.0000,0.8981,3137.6706,0.0000,0.1245,12.4687,0.0000,0.0226,23111.4733,0.0000,1.0453,23111.4727,25,0
44330.0000,4433,2007,2.7000,7,1000,1000,1,19965.9907,0.0000,0.8982,3136.9628,0.0000,0.1245,12.4659,0.0000,0.0226,23115.4194,0.0000,1.0453,23115.4199,25,0
44340.0000,4434,2013,2.7000,13,1000,1000,1,19970.5039,0.0000,0.8982,3136.2553,0.0000,0.1245,12.4631,0.0000,0.0226,23119.2222,0.0000,1.0453,23119.2227,25,0
44350.0000,4435,2017,2.7000,17,1000,1000,1,19974.9464,0.0000,0.8983,3135.5481,0.0000,0.1244,12.4603,0.0000,0.0226,23122.9548,0.0000,1.0453,23122.9551,25,0
44360.0000,4436,2017,2.7000,17,1000,1000,1,19979.5842,0.0000,0.8983,3134.8413,0.0000,0.1244,12.4575,0.0000,0.0226,23126.8830,0.0000,1.0454,23126.8828,25,0
44370.0000,4437,2012,2.7000,12,1000,1000,1,19982.6942,0.0000,0.8983,3134.1348,0.0000,0.1244,12.4547,0.0000,0.0226,23129.2837,0.0000,1.0453,23129.2832,25,0
44380.0000,4438,2017,2.7000,17,1000,1000,1,19988.2291,0.0000,0.8984,3133.4285,0.0000,0.1244,12.4519,0.0000,0.0226,23134.1095,0.0000,1.0453,23134.1094,25,0
44390.0000,4439,2014,2.7000,14,1000,1000,1,19992.4232,0.0000,0.8983,3132.7227,0.0000,0.1243,12.4491,0.0000,0.0226,23137.5949,0.0000,1.0452,23137.5957,25,0
44400.0000,4440,2017,2.7000,17,1000,1000,1,19995.9879,0.0000,0.8983,3132.0171,0.0000,0.1243,12.4463,0.0000,0.0226,23140.4512,0.0000,1.0452,23140.4512,25,0
44410.0000,4441,2017,2.7000,17,1000,1000,1,20001.2885,0.0000,0.8983,3131.3118,0.0000,0.1243,12.4435,0.0000,0.0226,23145.0438,0.0000,1.0452,23145.0430,25,0
44420.0000,4442,2016,2.7000,16,1000,1000,1,20005.2242,0.0000,0.8983,3130.6069,0.0000,0.1242,12.4407,0.0000,0.0226,23148.2718,0.0000,1.0452,23148.2715,25,0
44430.0000,4443,2011,2.7000,11,1000,1000,1,20010.8234,0.0000,0.8983,3129.9023,0.0000,0.1242,12.4379,0.0000,0.0226,23153.1636,0.0000,1.0451,23153.1641,25,0
44440.0000,4444,2007,2.7000,7,1000,1000,1,20013.2159,0.0000,0.8982,3129.1980,0.0000,0.1242,12.4351,0.0000,0.0226,23154.8490,0.0000,1.0450,23154.8496,25,0
44450.0000,4445,2011,2.7000,11,1000,1000,1,20019.7818,0.0000,0.8983,3128.4940,0.0000,0.1242,12.4323,0.0000,0.0226,23160.7081,0.0000,1.0451,23160.7090,25,0
44460.0000,4446,2004,2.7000,4,1000,1000,1,20022.9568,0.0000,0.8983,3127.7903,0.0000,0.1241,12.4295,0.0000,0.0226,23163.1766,0.0000,1.0450,23163.1758,24,0
44470.0000,4447,2000,2.7000,0,1000,1000,1,20027.5660,0.0000,0.8982,3150.2114,0.0000,0.1241,12.4267,0.0000,0.0226,23190.2040,0.0000,1.0449,23190.2031,24,0
44480.0000,4448,2003,2.7000,3,1000,1000,1,20033.2001,0.0000,0.8982,3150.6986,0.0000,0.1242,12.4239,0.0000,0.0225,23196.3225,0.0000,1.0449,23196.3223,24,0
44490.0000,4449,2005,2.7000,5,1000,1000,1,20036.5464,0.0000,0.8982,3149.9904,0.0000,0.1241,12.4211,0.0000,0.0225,23198.9579,0.0000,1.0449,23198.9570,24,0
44500.0000,4450,2000,2.7000,0,1000,1000,1,20041.8809,0.0000,0.8982,3149.2825,0.0000,0.1241,12.4183,0.0000,0.0225,23203.5818,0.0000,1.0449,23203.5820,24,0
44510.0000,4451,2000,2.7000,0,1000,1000,1,20044.8479,0.0000,0.8982,3151.5569,0.0000,0.1242,12.4155,0.0000,0.0225,23208.8203,0.0000,1.0449,23208.8203,24,0
44520.0000,4452,2004,2.7000,4,1000,1000,1,20050.4966,0.0000,0.8982,3151.8469,0.0000,0.1241,12.4127,0.0000,0.0225,23214.7562,0.0000,1.0449,23214.7559,24,0
44530.0000,4453,2006,2.7000,6,1000,1000,1,20055.0250,0.0000,0.8982,3151.1391,0.0000,0.1241,12.4099,0.0000,0.0225,23218.5740,0.0000,1.0448,23218.5742,25,0
44540.0000,4454,2005,2.7000,5,1000,1000,1,20059.9315,0.0000,0.8982,3150.4316,0.0000,0.1241,12.4071,0.0000,0.0225,23222.7702,0.0000,1.0448,23222.7695,24,0
44550.0000,4455,2011,2.7000,11,1000,1000,1,20064.2036,0.0000,0.8983,3149.7244,0.0000,0.1241,12.4044,0.0000,0.0225,23226.3324,0.0000,1.0449,23226.3320,25,0
44560.0000,4456,2001,2.7000,1,1000,1000,1,20069.1706,0.0000,0.8982,3149.0176,0.0000,0.1240,12.4016,0.0000,0.0225,23230.5897,0.0000,1.0448,23230.5898,24,0
44570.0000,4457,2007,2.7000,7,1000,1000,1,20072.6654,0.0000,0.8983,3148.3110,0.0000,0.1240,12.3988,0.0000,0.0225,23233.3753,0.0000,1.0448,23233.3750,25,0
44580.0000,4458,2016,2.7000,16,1000,1000,1,20077.3141,0.0000,0.8984,3147.6048,0.0000,0.1240,12.3960,0.0000,0.0225,23237.3150,0.0000,1.0449,23237.3145,25,0
44590.0000,4459,2015,2.7000,15,1000,1000,1,20081.8617,0.0000,0.8984,3146.8989,0.0000,0.1240,12.3932,0.0000,0.0225,23241.1538,0.0000,1.0449,23241.1543,25,0
44600.0000,4460,2019,2.7000,19,1000,1000,1,20085.7862,0.0000,0.8984,3146.1933,0.0000,0.1239,12.3905,0.0000,0.0225,23244.3699,0.0000,1.0448,23244.3691,25,0
44610.0000,4461,2023,2.7000,23,1000,1000,1,20091.2307,0.0000,0.8985,3145.4881,0.0000,0.1239,12.3877,0.0000,0.0225,23249.1065,0.0000,1.0449,23249.1074,26,0
44620.0000,4462,2028,2.7000,28,1000,1000,1,20095.5142,0.0000,0.8985,3144.7831,0.0000,0.1239,12.3849,0.0000,0.0225,23252.6822,0.0000,1.0448,23252.6816,26,0
44630.0000,4463,2031,2.7000,31,1000,1000,1,20100.4057,0.0000,0.8985,3144.0785,0.0000,0.1238,12.3821,0.0000,0.0225,23256.8663,0.0000,1.0449,23256.8672,26,0
44640.0000,4464,2030,2.7000,30,1000,1000,1,20105.0105,0.0000,0.8985,3143.3742,0.0000,0.1238,12.3794,0.0000,0.0225,23260.7640,0.0000,1.0448,23260.7637,26,0
44650.0000,4465,2024,2.7000,24,1000,1000,1,20108.5832,0.0000,0.8985,3142.6702,0.0000,0.1238,12.3766,0.0000,0.0225,23263.6299,0.0000,1.0447,23263.6309,26,0
44660.0000,4466,2027,2.7000,27,1000,1000,1,20112.9800,0.0000,0.8985,3141.9665,0.0000,0.1238,12.3738,0.0000,0.0225,23267.3203,0.0000,1.0447,23267.3203,26,0
44670.0000,4467,2037,2.7000,37,1000,1000,1,20118.4025,0.0000,0.8986,3141.2631,0.0000,0.1237,12.3710,0.0000,0.0225,23272.0367,0.0000,1.0448,23272.0371,26,0
44680.0000,4468,2030,2.7000,30,1000,1000,1,20122.7100,0.0000,0.8986,3140.5600,0.0000,0.1237,12.3683,0.0000,0.0224,23275.6383,0.0000,1.0448,23275.6387,26,0
44690.0000,4469,2032,2.7000,32,1000,1000,1,20126.7747,0.0000,0.8987,3139.8573,0.0000,0.1237,12.3655,0.0000,0.0224,23278.9975,0.0000,1.0448,23278.9980,26,0
44700.0000,4470,2030,2.7000,30,1000,1000,1,20129.7685,0.0000,0.8987,3139.1549,0.0000,0.1236,12.3627,0.0000,0.0224,23281.2861,0.0000,1.0448,23281.2871,26,0
44710.0000,4471,2026,2.7000,26,1000,1000,1,20136.0297,0.0000,0.8986,3138.4528,0.0000,0.1236,12.3600,0.0000,0.0224,23286.8424,0.0000,1.0447,23286.8418,26,0
44720.0000,4472,2031,2.7000,31,1000,1000,1,20140.7917,0.0000,0.8987,3137.7510,0.0000,0.1236,12.3572,0.0000,0.0224,23290.8999,0.0000,1.0447,23290.9004,26,0
44730.0000,4473,2032,2.7000,32,1000,1000,1,20144.2302,0.0000,0.8987,3137.0495,0.0000,0.1236,12.3544,0.0000,0.0224,23293.6341,0.0000,1.0447,23293.6348,26,0
44740.0000,4474,2024,2.7000,24,1000,1000,1,20149.5980,0.0000,0.8986,3136.3483,0.0000,0.1235,12.3517,0.0000,0.0224,23298.2980,0.0000,1.0445,23298.2988,26,0
44750.0000,4475,2021,2.7000,21,1000,1000,1,20152.1461,0.0000,0.8985,3135.6474,0.0000,0.1235,12.3489,0.0000,0.0224,23300.1425,0.0000,1.0444,23300.1426,26,0
44760.0000,4476,2024,2.7000,24,1000,1000,1,20158.5897,0.0000,0.8986,3134.9469,0.0000,0.1235,12.3462,0.0000,0.0224,23305.8827,0.0000,1.0445,23305.8828,26,0
44770.0000,4477,2022,2.7000,22,1000,1000,1,20161.7137,0.0000,0.8985,3134.2467,0.0000,0.1235,12.3434,0.0000,0.0224,23308.3037,0.0000,1.0444,23308.3047,26,0
44780.0000,4478,2023,2.7000,23,1000,1000,1,20167.3812,0.0000,0.8986,3133.5467,0.0000,0.1234,12.3406,0.0000,0.0224,23313.2686,0.0000,1.0444,23313.2695,26,0
44790.0000,4479,2029,2.7000,29,1000,1000,1,20171.5494,0.0000,0.8987,3132.8471,0.0000,0.1234,12.3379,0.0000,0.0224,23316.7345,0.0000,1.0445,23316.7344,26,0
44800.0000,4480,2030,2.7000,30,1000,1000,1,20174.6697,0.0000,0.8987,3132.1478,0.0000,0.1234,12.3351,0.0000,0.0224,23319.1527,0.0000,1.0445,23319.1523,26,0
44810.0000,4481,2035,2.7000,35,1000,1000,1,20180.5691,0.0000,0.8988,3131.4488,0.0000,0.1233,12.3324,0.0000,0.0224,23324.3503,0.0000,1.0445,23324.3496,26,0
44820.0000,4482,2033,2.7000,33,1000,1000,1,20184.9208,0.0000,0.8988,3130.7502,0.0000,0.1233,12.3296,0.0000,0.0224,23328.0006,0.0000,1.0444,23328.0000,26,0
44830.0000,4483,2031,2.7000,31,1000,1000,1,20190.0087,0.0000,0.8988,3130.0518,0.0000,0.1233,12.3269,0.0000,0.0224,23332.3874,0.0000,1.0445,23332.3867,26,0
44840.0000,4484,2033,2.7000,33,1000,1000,1,20193.4325,0.0000,0.8989,3129.3538,0.0000,0.1233,12.3241,0.0000,0.0224,23335.1104,0.0000,1.0445,23335.1113,26,0
44850.0000,4485,2037,2.7000,37,1000,1000,1,20198.8230,0.0000,0.8990,3128.6560,0.0000,0.1232,12.3214,0.0000,0.0224,23339.8004,0.0000,1.0446,23339.8008,26,0
44860.0000,4486,2041,2.7000,41,1000,1000,1,20203.4741,0.0000,0.8991,3127.9586,0.0000,0.1232,12.3186,0.0000,0.0224,23343.7514,0.0000,1.0446,23343.7520,26,0
44870.0000,4487,2040,2.7000,40,1000,1000,1,20208.0817,0.0000,0.8991,3127.2615,0.0000,0.1232,12.3159,0.0000,0.0224,23347.6591,0.0000,1.0446,23347.6582,26,0
44880.0000,4488,2035,2.7000,35,1000,1000,1,20212.3635,0.0000,0.8991,3126.5647,0.0000,0.1232,12.3132,0.0000,0.0223,23351.2413,0.0000,1.0446,23351.2422,26,0
44890.0000,4489,2032,2.7000,32,1000,1000,1,20214.8153,0.0000,0.8990,3125.8682,0.0000,0.1231,12.3104,0.0000,0.0223,23352.9939,0.0000,1.0445,23352.9941,26,0
44900.0000,4490,2024,2.7000,24,1000,1000,1,20221.1411,0.0000,0.8989,3125.1720,0.0000,0.1231,12.3077,0.0000,0.0223,23358.6208,0.0000,1.0444,23358.6211,26,0
44910.0000,4491,2025,2.7000,25,1000,1000,1,20225.8456,0.0000,0.8989,3124.4761,0.0000,0.1231,12.3049,0.0000,0.0223,23362.6266,0.0000,1.0443,23362.6270,26,0
44920.0000,4492,2022,2.7000,22,1000,1000,1,20230.0390,0.0000,0.8988,3123.7806,0.0000,0.1230,12.3022,0.0000,0.0223,23366.1217,0.0000,1.0442,23366.1211,26,0
44930.0000,4493,2029,2.7000,29,1000,1000,1,20234.4353,0.0000,0.8989,3123.0853,0.0000,0.1230,12.2994,0.0000,0.0223,23369.8200,0.0000,1.0443,23369.8203,26,0
44940.0000,4494,2024,2.7000,24,1000,1000,1,20238.5981,0.0000,0.8989,3122.3904,0.0000,0.1230,12.2967,0.0000,0.0223,23373.2851,0.0000,1.0442,23373.2852,26,0
44950.0000,4495,2019,2.7000,19,1000,1000,1,20241.8991,0.0000,0.8989,3121.6957,0.0000,0.1230,12.2940,0.0000,0.0223,23375.8888,0.0000,1.0442,23375.8887,25,0
44960.0000,4496,2023,2.7000,23,1000,1000,1,20248.3091,0.0000,0.8989,3121.0014,0.0000,0.1229,12.2912,0.0000,0.0223,23381.6017,0.0000,1.0441,23381.6016,26,0
44970.0000,4497,2019,2.7000,19,1000,1000,1,20251.7666,0.0000,0.8989,3120.3074,0.0000,0.1229,12.2885,0.0000,0.0223,23384.3625,0.0000,1.0441,23384.3633,25,0
44980.0000,4498,2023,2.7000,23,1000,1000,1,20257.1396,0.0000,0.8989,3119.6137,0.0000,0.1229,12.2858,0.0000,0.0223,23389.0390,0.0000,1.0440,23389.0391,26,0
44990.0000,4499,2019,2.7000,19,1000,1000,1,20261.1181,0.0000,0.8988,3118.9203,0.0000,0.1228,12.2830,0.0000,0.0223,23392.3214,0.0000,1.0440,23392.3223,25,0
45000.0000,4500,2018,2.7000,18,1000,1000,1,20265.4740,0.0000,0.8988,3118.2272,0.0000,0.1228,12.2803,0.0000,0.0223,23395.9815,0.0000,1.0439,23395.9824,25,0
45010.0000,4501,2013,2.7000,13,1000,1000,1,20268.0431,0.0000,0.8987,3117.5344,0.0000,0.1228,12.2776,0.0000,0.0223,23397.8551,0.0000,1.0438,23397.8555,25,0
45020.0000,4502,2018,2.7000,18,1000,1000,1,20274.9392,0.0000,0.8988,3116.8419,0.0000,0.1228,12.2749,0.0000,0.0223,23404.0560,0.0000,1.0438,23404.0566,25,0
45030.0000,4503,2024,2.7000,24,1000,1000,1,20276.8332,0.0000,0.8988,3116.1497,0.0000,0.1227,12.2721,0.0000,0.0223,23405.2551,0.0000,1.0438,23405.2559,26,0
45040.0000,4504,2026,2.7000,26,1000,1000,1,20283.8343,0.0000,0.8989,3115.4579,0.0000,0.1227,12.2694,0.0000,0.0223,23411.5616,0.0000,1.0439,23411.5625,26,0
45050.0000,4505,2022,2.7000,22,1000,1000,1,20288.4131,0.0000,0.8989,3114.7663,0.0000,0.1227,12.2667,0.0000,0.0223,23415.4462,0.0000,1.0438,23415.4453,26,0
45060.0000,4506,2023,2.7000,23,1000,1000,1,20293.3067,0.0000,0.8989,3114.0751,0.0000,0.1227,12.2640,0.0000,0.0223,23419.6457,0.0000,1.0438,23419.6465,26,0
45070.0000,4507,2024,2.7000,24,1000,1000,1,20297.6409,0.0000,0.8989,3113.3841,0.0000,0.1226,12.2612,0.0000,0.0223,23423.2862,0.0000,1.0438,23423.2871,26,0
45080.0000,4508,2026,2.7000,26,1000,1000,1,20301.3243,0.0000,0.8990,3112.6935,0.0000,0.1226,12.2585,0.0000,0.0222,23426.2763,0.0000,1.0438,23426.2754,26,0
45090.0000,4509,2025,2.7000,25,1000,1000,1,20306.8001,0.0000,0.8989,3112.0032,0.0000,0.1226,12.2558,0.0000,0.0222,23431.0590,0.0000,1.0437,23431.0586,26,0
45100.0000,4510,2023,2.7000,23,1000,1000,1,20308.5120,0.0000,0.8989,3111.3131,0.0000,0.1225,12.2531,0.0000,0.0222,23432.0783,0.0000,1.0437,23432.0781,26,0
45110.0000,4511,2024,2.7000,24,1000,1000,1,20315.4058,0.0000,0.8990,3110.6234,0.0000,0.1225,12.2504,0.0000,0.0222,23438.2796,0.0000,1.0437,23438.2793,26,0
45120.0000,4512,2027,2.7000,27,1000,1000,1,20320.1755,0.0000,0.8990,3109.9340,0.0000,0.1225,12.2477,0.0000,0.0222,23442.3571,0.0000,1.0437,23442.3574,26,0
45130.0000,4513,2016,2.7000,16,1000,1000,1,20323.6248,0.0000,0.8990,3109.2449,0.0000,0.1225,12.2449,0.0000,0.0222,23445.1147,0.0000,1.0437,23445.1152,25,0
45140.0000,4514,2018,2.7000,18,1000,1000,1,20329.0712,0.0000,0.8990,3108.5561,0.0000,0.1224,12.2422,0.0000,0.0222,23449.8695,0.0000,1.0436,23449.8691,25,0
45150.0000,4515,2019,2.7000,19,1000,1000,1,20333.5526,0.0000,0.8990,3107.8676,0.0000,0.1224,12.2395,0.0000,0.0222,23453.6598,0.0000,1.0436,23453.6602,25,0
45160.0000,4516,2011,2.7000,11,1000,1000,1,20337.9289,0.0000,0.8989,3107.1794,0.0000,0.1224,12.2368,0.0000,0.0222,23457.3452,0.0000,1.0435,23457.3457,25,0
45170.0000,4517,2015,2.7000,15,1000,1000,1,20342.5287,0.0000,0.8989,3106.4915,0.0000,0.1224,12.2341,0.0000,0.0222,23461.2544,0.0000,1.0435,23461.2539,25,0
45180.0000,4518,2011,2.7000,11,1000,1000,1,20346.5704,0.0000,0.8989,3105.8040,0.0000,0.1223,12.2314,0.0000,0.0222,23464.6058,0.0000,1.0434,23464.6055,25,0
45190.0000,4519,2006,2.7000,6,1000,1000,1,20351.4949,0.0000,0.8988,3105.1167,0.0000,0.1223,12.2287,0.0000,0.0222,23468.8402,0.0000,1.0433,23468.8398,25,0
45200.0000,4520,2003,2.7000,3,1000,1000,1,20355.9550,0.0000,0.8987,3104.4297,0.0000,0.1223,12.2260,0.0000,0.0222,23472.6106,0.0000,1.0432,23472.6113,24,0
45210.0000,4521,2001,2.7000,1,1000,1000,1,20359.6161,0.0000,0.8986,3103.7430,0.0000,0.1223,12.2233,0.0000,0.0222,23475.5824,0.0000,1.0431,23475.5820,24,0
45220.0000,4522,2005,2.7000,5,1000,1000,1,20364.5426,0.0000,0.8986,3188.8682,0.0000,0.1222,12.2206,0.0000,0.0222,23565.6313,0.0000,1.0430,23565.6309,24,0
45230.0000,4523,2007,2.7000,7,1000,1000,1,20367.9603,0.0000,0.8986,3188.1632,0.0000,0.1222,12.2179,0.0000,0.0222,23568.3413,0.0000,1.0430,23568.3418,25,0
45240.0000,4524,2004,2.7000,4,1000,1000,1,20373.6232,0.0000,0.8986,3187.4584,0.0000,0.1222,12.2152,0.0000,0.0222,23573.2968,0.0000,1.0429,23573.2969,24,0
45250.0000,4525,2002,2.7000,2,1000,1000,1,20377.5463,0.0000,0.8986,3186.7540,0.0000,0.1222,12.2125,0.0000,0.0222,23576.5128,0.0000,1.0429,23576.5137,24,0
45260.0000,4526,2005,2.7000,5,1000,1000,1,20382.5597,0.0000,0.8987,3186.0499,0.0000,0.1221,12.2098,0.0000,0.0222,23580.8194,0.0000,1.0430,23580.8203,24,0
45270.0000,4527,2009,2.7000,9,1000,1000,1,20386.4324,0.0000,0.8987,3185.3461,0.0000,0.1221,12.2071,0.0000,0.0222,23583.9857,0.0000,1.0430,23583.9863,25,0
45280.0000,4528,2009,2.7000,9,1000,1000,1,20387.9297,0.0000,0.8986,3184.6427,0.0000,0.1221,12.2044,0.0000,0.0222,23584.7768,0.0000,1.0429,23584.7773,25,0
45290.0000,4529,2014,2.7000,14,1000,1000,1,20395.0120,0.0000,0.8987,3183.9395,0.0000,0.1221,12.2017,0.0000,0.0221,23591.1531,0.0000,1.0429,23591.1523,25,0
45300.0000,4530,2020,2.7000,20,1000,1000,1,20400.9119,0.0000,0.8987,3183.2366,0.0000,0.1220,12.1990,0.0000,0.0221,23596.3476,0.0000,1.0429,23596.3477,25,0
45310.0000,4531,2019,2.7000,19,1000,1000,1,20404.8191,0.0000,0.8987,3182.5341,0.0000,0.1220,12.1963,0.0000,0.0221,23599.5495,0.0000,1.0429,23599.5488,25,0
45320.0000,4532,2028,2.7000,28,1000,1000,1,20409.7148,0.0000,0.8989,3181.8319,0.0000,0.1220,12.1936,0.0000,0.0221,23603.7403,0.0000,1.0430,23603.7402,26,0
45330.0000,4533,2027,2.7000,27,1000,1000,1,20414.1139,0.0000,0.8989,3181.1299,0.0000,0.1220,12.1909,0.0000,0.0221,23607.4347,0.0000,1.0430,23607.4355,26,0
45340.0000,4534,2022,2.7000,22,1000,1000,1,20418.2719,0.0000,0.8989,3180.4283,0.0000,0.1219,12.1882,0.0000,0.0221,23610.8884,0.0000,1.0429,23610.8887,26,0
45350.0000,4535,2021,2.7000,21,1000,1000,1,20422.0246,0.0000,0.8988,3179.7270,0.0000,0.1219,12.1855,0.0000,0.0221,23613.9371,0.0000,1.0428,23613.9375,26,0
45360.0000,4536,2023,2.7000,23,1000,1000,1,20427.8049,0.0000,0.8988,3179.0260,0.0000,0.1219,12.1829,0.0000,0.0221,23619.0137,0.0000,1.0428,23619.0137,26,0
45370.0000,4537,2024,2.7000,24,1000,1000,1,20432.1028,0.0000,0.8989,3178.3253,0.0000,0.1218,12.1802,0.0000,0.0221,23622.6083,0.0000,1.0428,23622.6074,26,0
45380.0000,4538,2022,2.7000,22,1000,1000,1,20436.2506,0.0000,0.8988,3177.6249,0.0000,0.1218,12.1775,0.0000,0.0221,23626.0530,0.0000,1.0427,23626.0527,26,0
45390.0000,4539,2020,2.7000,20,1000,1000,1,20440.4685,0.0000,0.8988,3176.9249,0.0000,0.1218,12.1748,0.0000,0.0221,23629.5681,0.0000,1.0427,23629.5684,25,0
45400.0000,4540,2020,2.7000,20,1000,1000,1,20445.1602,0.0000,0.8988,3176.2251,0.0000,0.1218,12.1721,0.0000,0.0221,23633.5574,0.0000,1.0427,23633.5566,25,0
45410.0000,4541,2021,2.7000,21,1000,1000,1,20449.4596,0.0000,0.8989,3175.5256,0.0000,0.1217,12.1694,0.0000,0.0221,23637.1547,0.0000,1.0428,23637.1543,26,0
45420.0000,4542,2021,2.7000,21,1000,1000,1,20454.2830,0.0000,0.8989,3174.8265,0.0000,0.1217,12.1668,0.0000,0.0221,23641.2763,0.0000,1.0427,23641.2754,26,0
45430.0000,4543,2020,2.7000,20,1000,1000,1,20457.4692,0.0000,0.8990,3174.1277,0.0000,0.1217,12.1641,0.0000,0.0221,23643.7609,0.0000,1.0427,23643.7617,25,0
45440.0000,4544,2025,2.7000,25,1000,1000,1,20463.4516,0.0000,0.8989,3173.4291,0.0000,0.1217,12.1614,0.0000,0.0221,23649.0421,0.0000,1.0427,23649.0430,26,0
45450.0000,4545,2029,2.7000,29,1000,1000,1,20466.8121,0.0000,0.8990,3172.7309,0.0000,0.1216,12.1587,0.0000,0.0221,23651.7018,0.0000,1.0427,23651.7012,26,0
45460.0000,4546,2027,2.7000,27,1000,1000,1,20471.6871,0.0000,0.8990,3172.0330,0.0000,0.1216,12.1561,0.0000,0.0221,23655.8761,0.0000,1.0427,23655.8770,26,0
45470.0000,4547,2032,2.7000,32,1000,1000,1,20476.7351,0.0000,0.8991,3171.3354,0.0000,0.1216,12.1534,0.0000,0.0221,23660.2238,0.0000,1.0427,23660.2246,26,0
45480.0000,4548,2033,2.7000,33,1000,1000,1,20480.2838,0.0000,0.8992,3170.6381,0.0000,0.1215,12.1507,0.0000,0.0221,23663.0726,0.0000,1.0428,23663.0723,26,0
45490.0000,4549,2028,2.7000,28,1000,1000,1,20486.1923,0.0000,0.8991,3169.9411,0.0000,0.1215,12.1480,0.0000,0.0220,23668.2815,0.0000,1.0427,23668.2812,26,0
45500.0000,4550,2023,2.7000,23,1000,1000,1,20489.5852,0.0000,0.8991,3169.2444,0.0000,0.1215,12.1454,0.0000,0.0220,23670.9750,0.0000,1.0426,23670.9746,26,0
45510.0000,4551,2031,2.7000,31,1000,1000,1,20493.9411,0.0000,0.8991,3168.5480,0.0000,0.1215,12.1427,0.0000,0.0220,23674.6318,0.0000,1.0426,23674.6309,26,0
45520.0000,4552,2029,2.7000,29,1000,1000,1,20499.6345,0.0000,0.8991,3167.8519,0.0000,0.1214,12.1400,0.0000,0.0220,23679.6265,0.0000,1.0426,23679.6270,26,0
45530.0000,4553,2024,2.7000,24,1000,1000,1,20503.4044,0.0000,0.8991,3167.1562,0.0000,0.1214,12.1374,0.0000,0.0220,23682.6979,0.0000,1.0426,23682.6973,26,0
45540.0000,4554,2020,2.7000,20,1000,1000,1,20508.4703,0.0000,0.8991,3166.4607,0.0000,0.1214,12.1347,0.0000,0.0220,23687.0657,0.0000,1.0425,23687.0664,25,0
45550.0000,4555,2019,2.7000,19,1000,1000,1,20511.5580,0.0000,0.8991,3165.7655,0.0000,0.1214,12.1320,0.0000,0.0220,23689.4556,0.0000,1.0425,23689.4551,25,0
45560.0000,4556,2009,2.7000,9,1000,1000,1,20517.2008,0.0000,0.8991,3165.0707,0.0000,0.1213,12.1294,0.0000,0.0220,23694.4009,0.0000,1.0424,23694.4004,25,0
45570.0000,4557,2009,2.7000,9,1000,1000,1,20521.0840,0.0000,0.8991,3164.3761,0.0000,0.1213,12.1267,0.0000,0.0220,23697.5869,0.0000,1.0425,23697.5859,25,0
45580.0000,4558,2002,2.7000,2,1000,1000,1,20523.4462,0.0000,0.8991,3163.6819,0.0000,0.1213,12.1241,0.0000,0.0220,23699.2521,0.0000,1.0424,23699.2520,24,0
45590.0000,4559,2001,2.7000,1,1000,1000,1,20529.3549,0.0000,0.8990,3207.6190,0.0000,0.1213,12.1214,0.0000,0.0220,23749.0954,0.0000,1.0423,23749.0957,24,0
45600.0000,4560,2002,2.7000,2,1000,1000,1,20535.0306,0.0000,0.8990,3208.7622,0.0000,0.1213,12.1187,0.0000,0.0220,23755.9116,0.0000,1.0423,23755.9121,24,0
45610.0000,4561,2001,2.7000,1,1000,1000,1,20539.7489,0.0000,0.8990,3209.5285,0.0000,0.1214,12.1161,0.0000,0.0220,23761.3934,0.0000,1.0423,23761.3926,24,0
45620.0000,4562,1999,2.7000,0,999,1000,1,20543.7479,0.0000,0.8989,3209.5340,0.0000,0.1214,12.1134,0.0000,0.0220,23765.3953,0.0000,1.0423,23765.3945,24,0
45630.0000,4563,2000,2.7000,0,1000,1000,1,20547.6303,0.0000,0.8989,3210.6493,0.0000,0.1215,12.1108,0.0000,0.0220,23770.3903,0.0000,1.0423,23770.3906,24,0
45640.0000,4564,2005,2.7000,5,1000,1000,1,20553.1109,0.0000,0.8989,3210.9407,0.0000,0.1215,12.1081,0.0000,0.0220,23776.1597,0.0000,1.0424,23776.1602,24,0
45650.0000,4565,2003,2.7000,3,1000,1000,1,20557.3974,0.0000,0.8990,3211.5668,0.0000,0.1215,12.1055,0.0000,0.0220,23781.0697,0.0000,1.0425,23781.0703,24,0
45660.0000,4566,1996,2.7000,0,996,1000,1,20561.9024,0.0000,0.8989,3212.0625,0.0000,0.1216,12.1028,0.0000,0.0220,23786.0677,0.0000,1.0425,23786.0684,24,0
45670.0000,4567,2000,2.7000,0,1000,1000,1,20565.1640,0.0000,0.8989,3212.5444,0.0000,0.1217,12.1002,0.0000,0.0220,23789.8086,0.0000,1.0426,23789.8086,24,0
45680.0000,4568,2004,2.7000,4,1000,1000,1,20570.4765,0.0000,0.8989,3212.7813,0.0000,0.1218,12.0975,0.0000,0.0220,23795.3554,0.0000,1.0427,23795.3555,24,0
45690.0000,4569,2003,2.7000,3,1000,1000,1,20575.6678,0.0000,0.8989,3212.0781,0.0000,0.1218,12.0949,0.0000,0.0220,23799.8408,0.0000,1.0426,23799.8398,24,0
45700.0000,4570,2007,2.7000,7,1000,1000,1,20580.1181,0.0000,0.8989,3211.3753,0.0000,0.1217,12.0922,0.0000,0.0219,23803.5856,0.0000,1.0426,23803.5859,25,0
45710.0000,4571,2006,2.7000,6,1000,1000,1,20584.7327,0.0000,0.8989,3210.6727,0.0000,0.1217,12.0896,0.0000,0.0219,23807.4950,0.0000,1.0426,23807.4941,25,0
45720.0000,4572,2010,2.7000,10,1000,1000,1,20589.2046,0.0000,0.8990,3209.9705,0.0000,0.1217,12.0869,0.0000,0.0219,23811.2620,0.0000,1.0427,23811.2617,25,0
45730.0000,4573,2014,2.7000,14,1000,1000,1,20592.4043,0.0000,0.8991,3209.2685,0.0000,0.1216,12.0843,0.0000,0.0219,23813.7571,0.0000,1.0427,23813.7578,25,0
45740.0000,4574,2009,2.7000,9,1000,1000,1,20597.7084,0.0000,0.8990,3208.5669,0.0000,0.1216,12.0816,0.0000,0.0219,23818.3570,0.0000,1.0426,23818.3574,25,0
45750.0000,4575,2013,2.7000,13,1000,1000,1,20601.6325,0.0000,0.8991,3207.8656,0.0000,0.1216,12.0790,0.0000,0.0219,23821.5771,0.0000,1.0426,23821.5762,25,0
45760.0000,4576,2011,2.7000,11,1000,1000,1,20605.6934,0.0000,0.8990,3207.1646,0.0000,0.1216,12.0764,0.0000,0.0219,23824.9343,0.0000,1.0425,23824.9336,25,0
45770.0000,4577,2003,2.7000,3,1000,1000,1,20609.9730,0.0000,0.8989,3206.4639,0.0000,0.1215,12.0737,0.0000,0.0219,23828.5105,0.0000,1.0423,23828.5098,24,0
45780.0000,4578,1999,2.7000,0,999,1000,1,20615.4716,0.0000,0.8988,3218.2336,0.0000,0.1216,12.0711,0.0000,0.0219,23845.7763,0.0000,1.0423,23845.7754,24,0
45790.0000,4579,2000,2.7000,1,999,1000,1,20620.7892,0.0000,0.8988,3218.7590,0.0000,0.1217,12.0684,0.0000,0.0219,23851.6166,0.0000,1.0423,23851.6172,24,0
45800.0000,4580,2004,2.7000,4,1000,1000,1,20624.9653,0.0000,0.8989,3219.4209,0.0000,0.1217,12.0658,0.0000,0.0219,23856.4520,0.0000,1.0425,23856.4512,24,0
45810.0000,4581,2003,2.7000,3,1000,1000,1,20629.3709,0.0000,0.8989,3219.6114,0.0000,0.1217,12.0632,0.0000,0.0219,23861.0455,0.0000,1.0425,23861.0449,24,0
45820.0000,4582,2004,2.7000,4,1000,1000,1,20633.4805,0.0000,0.8989,3218.9088,0.0000,0.1217,12.0605,0.0000,0.0219,23864.4498,0.0000,1.0425,23864.4492,24,0
45830.0000,4583,2000,2.7000,1,999,1000,1,20638.7402,0.0000,0.8988,3220.9767,0.0000,0.1217,12.0579,0.0000,0.0219,23871.7748,0.0000,1.0424,23871.7754,24,0
45840.0000,4584,1998,2.7000,1,997,1000,1,20642.1715,0.0000,0.8988,3221.4486,0.0000,0.1218,12.0553,0.0000,0.0219,23875.6755,0.0000,1.0425,23875.6758,24,0
45850.0000,4585,1999,2.7000,1,998,1000,1,20647.6176,0.0000,0.8987,3221.7128,0.0000,0.1219,12.0527,0.0000,0.0219,23881.3831,0.0000,1.0425,23881.3828,24,0
45860.0000,4586,2001,2.7000,1,1000,1000,1,20650.2755,0.0000,0.8987,3222.3539,0.0000,0.1220,12.0500,0.0000,0.0219,23884.6794,0.0000,1.0426,23884.6797,24,0
45870.0000,4587,2000,2.7000,0,1000,1000,1,20656.0138,0.0000,0.8987,3222.9025,0.0000,0.1220,12.0474,0.0000,0.0219,23890.9637,0.0000,1.0426,23890.9629,24,0
45880.0000,4588,2002,2.7000,2,1000,1000,1,20659.6607,0.0000,0.8987,3223.5610,0.0000,0.1221,12.0448,0.0000,0.0219,23895.2665,0.0000,1.0427,23895.2656,24,0
45890.0000,4589,1997,2.7000,3,994,1000,1,20665.1915,0.0000,0.8987,3223.5453,0.0000,0.1221,12.0421,0.0000,0.0219,23900.7790,0.0000,1.0427,23900.7793,24,0
45900.0000,4590,2003,2.7000,3,1000,1000,1,20669.2648,0.0000,0.8987,3224.1047,0.0000,0.1222,12.0395,0.0000,0.0219,23905.4090,0.0000,1.0428,23905.4082,24,0
45910.0000,4591,2001,2.7000,1,1000,1000,1,20672.3212,0.0000,0.8986,3224.5877,0.0000,0.1223,12.0369,0.0000,0.0218,23908.9458,0.0000,1.0427,23908.9453,24,0
45920.0000,4592,2001,2.7000,1,1000,1000,1,20678.1485,0.0000,0.8987,3223.8855,0.0000,0.1222,12.0343,0.0000,0.0218,23914.0683,0.0000,1.0427,23914.0684,24,0
45930.0000,4593,1999,2.7000,4,995,1000,1,20683.4633,0.0000,0.8987,3225.8014,0.0000,0.1223,12.0317,0.0000,0.0218,23921.2964,0.0000,1.0428,23921.2969,24,0
45940.0000,4594,2005,2.7000,5,1000,1000,1,20687.0988,0.0000,0.8988,3225.6865,0.0000,0.1224,12.0290,0.0000,0.0218,23924.8143,0.0000,1.0430,23924.8145,24,0
45950.0000,4595,2003,2.7000,3,1000,1000,1,20692.0147,0.0000,0.8988,3224.9845,0.0000,0.1223,12.0264,0.0000,0.0218,23929.0255,0.0000,1.0430,23929.0254,24,0
45960.0000,4596,2001,2.7000,1,1000,1000,1,20695.4624,0.0000,0.8988,3227.5210,0.0000,0.1223,12.0238,0.0000,0.0218,23935.0072,0.0000,1.0429,23935.0078,24,0
45970.0000,4597,2000,2.7000,0,1000,1000,1,20701.0186,0.0000,0.8987,3228.2590,0.0000,0.1224,12.0212,0.0000,0.0218,23941.2988,0.0000,1.0429,23941.2988,24,0
45980.0000,4598,2004,2.7000,4,1000,1000,1,20704.3692,0.0000,0.8989,3227.8343,0.0000,0.1224,12.0186,0.0000,0.0218,23944.2220,0.0000,1.0430,23944.2227,24,0
45990.0000,4599,2007,2.7000,7,1000,1000,1,20710.1686,0.0000,0.8989,3227.1324,0.0000,0.1223,12.0160,0.0000,0.0218,23949.3170,0.0000,1.0430,23949.3164,25,0
46000.0000,4600,2006,2.7000,6,1000,1000,1,20713.5510,0.0000,0.8989,3226.4309,0.0000,0.1223,12.0134,0.0000,0.0218,23951.9952,0.0000,1.0430,23951.9961,25,0
46010.0000,4601,2010,2.7000,10,1000,1000,1,20719.2340,0.0000,0.8989,3225.7296,0.0000,0.1223,12.0107,0.0000,0.0218,23956.9744,0.0000,1.0430,23956.9746,25,0
46020.0000,4602,2010,2.7000,10,1000,1000,1,20723.9362,0.0000,0.8989,3225.0287,0.0000,0.1223,12.0081,0.0000,0.0218,23960.9730,0.0000,1.0430,23960.9727,25,0
46030.0000,4603,2000,2.7000,0,1000,1000,1,20722.8522,0.0000,0.8988,3231.3422,0.0000,0.1223,12.0055,0.0000,0.0218,23966.1999,0.0000,1.0429,23966.1992,24,0
46040.0000,4604,2000,2.7000,1,999,1000,1,20732.8420,0.0000,0.8988,3231.7008,0.0000,0.1224,12.0029,0.0000,0.0218,23976.5457,0.0000,1.0429,23976.5449,24,0
46050.0000,4605,1999,2.7000,1,998,1000,1,20736.9959,0.0000,0.8987,3232.2631,0.0000,0.1224,12.0003,0.0000,0.0218,23981.2593,0.0000,1.0429,23981.2598,24,0
46060.0000,4606,1999,2.7000,0,999,1000,1,20740.5412,0.0000,0.8987,3232.1584,0.0000,0.1225,11.9977,0.0000,0.0218,23984.6973,0.0000,1.0429,23984.6973,24,0
46070.0000,4607,2001,2.7000,1,1000,1000,1,20744.4184,0.0000,0.8986,3232.7822,0.0000,0.1225,11.9951,0.0000,0.0218,23989.1957,0.0000,1.0429,23989.1953,24,0
46080.0000,4608,1999,2.7000,0,999,1000,1,20750.4244,0.0000,0.8986,3233.7144,0.0000,0.1225,11.9925,0.0000,0.0218,23996.1313,0.0000,1.0429,23996.1309,24,0
46090.0000,4609,2002,2.7000,2,1000,1000,1,20754.2210,0.0000,0.8986,3233.5500,0.0000,0.1225,11.9899,0.0000,0.0218,23999.7609,0.0000,1.0429,23999.7617,24,0
46100.0000,4610,2000,2.7000,0,1000,1000,1,20759.4356,0.0000,0.8985,3234.8368,0.0000,0.1225,11.9873,0.0000,0.0218,24006.2597,0.0000,1.0428,24006.2598,24,0
46110.0000,4611,1998,2.7000,0,998,1000,1,20763.9862,0.0000,0.8984,3235.3037,0.0000,0.1226,11.9847,0.0000,0.0218,24011.2746,0.0000,1.0428,24011.2754,24,0
46120.0000,4612,2002,2.7000,2,1000,1000,1,20767.1448,0.0000,0.8985,3235.1215,0.0000,0.1227,11.9821,0.0000,0.0217,24014.2484,0.0000,1.0429,24014.2480,24,0
46130.0000,4613,2002,2.7000,2,1000,1000,1,20773.2107,0.0000,0.8986,3234.4202,0.0000,0.1227,11.9795,0.0000,0.0217,24019.6104,0.0000,1.0430,24019.6113,24,0
46140.0000,4614,2007,2.7000,7,1000,1000,1,20776.7538,0.0000,0.8987,3236.1329,0.0000,0.1226,11.9769,0.0000,0.0217,24024.8636,0.0000,1.0431,24024.8633,25,0
46150.0000,4615,2005,2.7000,5,1000,1000,1,20782.2030,0.0000,0.8987,3235.4316,0.0000,0.1226,11.9743,0.0000,0.0217,24029.6089,0.0000,1.0431,24029.6094,24,0
46160.0000,4616,2005,2.7000,5,1000,1000,1,20785.7680,0.0000,0.8987,3234.7307,0.0000,0.1226,11.9717,0.0000,0.0217,24032.4704,0.0000,1.0430,24032.4707,24,0
46170.0000,4617,2006,2.7000,6,1000,1000,1,20790.8587,0.0000,0.8987,3234.0301,0.0000,0.1226,11.9691,0.0000,0.0217,24036.8580,0.0000,1.0430,24036.8574,25,0
46180.0000,4618,2010,2.7000,10,1000,1000,1,20793.4465,0.0000,0.8988,3233.3298,0.0000,0.1225,11.9665,0.0000,0.0217,24038.7428,0.0000,1.0431,24038.7422,25,0
46190.0000,4619,2005,2.7000,5,1000,1000,1,20798.5486,0.0000,0.8988,3232.6298,0.0000,0.1225,11.9639,0.0000,0.0217,24043.1424,0.0000,1.0430,24043.1426,24,0
46200.0000,4620,2006,2.7000,6,1000,1000,1,20803.9972,0.0000,0.8987,3231.9301,0.0000,0.1225,11.9613,0.0000,0.0217,24047.8887,0.0000,1.0429,24047.8887,25,0
46210.0000,4621,2015,2.7000,15,1000,1000,1,20808.9527,0.0000,0.8989,3231.2307,0.0000,0.1225,11.9588,0.0000,0.0217,24052.1421,0.0000,1.0431,24052.1426,25,0
46220.0000,4622,2019,2.7000,19,1000,1000,1,20812.5296,0.0000,0.8989,3230.5316,0.0000,0.1224,11.9562,0.0000,0.0217,24055.0173,0.0000,1.0431,24055.0176,25,0
46230.0000,4623,2019,2.7000,19,1000,1000,1,20817.3770,0.0000,0.8989,3229.8328,0.0000,0.1224,11.9536,0.0000,0.0217,24059.1634,0.0000,1.0430,24059.1641,25,0
46240.0000,4624,2008,2.7000,8,1000,1000,1,20818.0099,0.0000,0.8988,3229.1343,0.0000,0.1224,11.9510,0.0000,0.0217,24059.0952,0.0000,1.0428,24059.0957,25,0
46250.0000,4625,2014,2.7000,14,1000,1000,1,20825.7494,0.0000,0.8988,3228.4361,0.0000,0.1224,11.9484,0.0000,0.0217,24066.1340,0.0000,1.0429,24066.1348,25,0
46260.0000,4626,2009,2.7000,9,1000,1000,1,20829.2015,0.0000,0.8988,3227.7382,0.0000,0.1223,11.9458,0.0000,0.0217,24068.8856,0.0000,1.0428,24068.8848,25,0
46270.0000,4627,2006,2.7000,6,1000,1000,1,20836.0479,0.0000,0.8987,3227.0406,0.0000,0.1223,11.9433,0.0000,0.0217,24075.0318,0.0000,1.0427,24075.0312,25,0
46280.0000,4628,2011,2.7000,11,1000,1000,1,20840.2934,0.0000,0.8988,3226.3434,0.0000,0.1223,11.9407,0.0000,0.0217,24078.5774,0.0000,1.0427,24078.5781,25,0
46290.0000,4629,2004,2.7000,4,1000,1000,1,20843.9935,0.0000,0.8988,3225.6464,0.0000,0.1223,11.9381,0.0000,0.0217,24081.5780,0.0000,1.0427,24081.5781,24,0
46300.0000,4630,2000,2.7000,0,1000,1000,1,20847.8469,0.0000,0.8988,3245.1354,0.0000,0.1222,11.9355,0.0000,0.0217,24104.9178,0.0000,1.0427,24104.9180,24,0
46310.0000,4631,2003,2.7000,3,1000,1000,1,20853.2796,0.0000,0.8987,3245.8459,0.0000,0.1223,11.9329,0.0000,0.0217,24111.0585,0.0000,1.0427,24111.0586,24,0
46320.0000,4632,2002,2.7000,2,1000,1000,1,20858.2602,0.0000,0.8987,3245.6803,0.0000,0.1224,11.9304,0.0000,0.0217,24115.8708,0.0000,1.0427,24115.8711,24,0
46330.0000,4633,2001,2.7000,1,1000,1000,1,20862.2751,0.0000,0.8987,3246.9359,0.0000,0.1224,11.9278,0.0000,0.0216,24121.1387,0.0000,1.0428,24121.1387,24,0
46340.0000,4634,2002,2.7000,2,1000,1000,1,20866.7017,0.0000,0.8987,3246.6821,0.0000,0.1224,11.9252,0.0000,0.0216,24125.3089,0.0000,1.0428,24125.3086,24,0
46350.0000,4635,2005,2.7000,5,1000,1000,1,20871.1342,0.0000,0.8988,3245.9816,0.0000,0.1224,11.9226,0.0000,0.0216,24129.0384,0.0000,1.0428,24129.0391,24,0
46360.0000,4636,2011,2.7000,11,1000,1000,1,20876.4053,0.0000,0.8989,3245.2814,0.0000,0.1224,11.9201,0.0000,0.0216,24133.6068,0.0000,1.0429,24133.6074,25,0
46370.0000,4637,2013,2.7000,13,1000,1000,1,20880.8418,0.0000,0.8990,3244.5815,0.0000,0.1224,11.9175,0.0000,0.0216,24137.3408,0.0000,1.0430,24137.3398,25,0
46380.0000,4638,2015,2.7000,15,1000,1000,1,20885.3737,0.0000,0.8990,3243.8820,0.0000,0.1223,11.9149,0.0000,0.0216,24141.1706,0.0000,1.0430,24141.1699,25,0
46390.0000,4639,2008,2.7000,8,1000,1000,1,20886.7316,0.0000,0.8989,3243.1827,0.0000,0.1223,11.9124,0.0000,0.0216,24141.8266,0.0000,1.0429,24141.8262,25,0
46400.0000,4640,2012,2.7000,12,1000,1000,1,20892.9345,0.0000,0.8990,3242.4838,0.0000,0.1223,11.9098,0.0000,0.0216,24147.3280,0.0000,1.0429,24147.3281,25,0
46410.0000,4641,2005,2.7000,5,1000,1000,1,20898.8454,0.0000,0.8989,3241.7851,0.0000,0.1223,11.9072,0.0000,0.0216,24152.5378,0.0000,1.0428,24152.5371,24,0
46420.0000,4642,2008,2.7000,8,1000,1000,1,20903.1814,0.0000,0.8991,3241.0867,0.0000,0.1222,11.9047,0.0000,0.0216,24156.1728,0.0000,1.0429,24156.1719,25,0
46430.0000,4643,2013,2.7000,13,1000,1000,1,20907.8115,0.0000,0.8991,3240.3887,0.0000,0.1222,11.9021,0.0000,0.0216,24160.1023,0.0000,1.0429,24160.1016,25,0
46440.0000,4644,2013,2.7000,13,1000,1000,1,20911.3864,0.0000,0.8992,3239.6909,0.0000,0.1222,11.8995,0.0000,0.0216,24162.9768,0.0000,1.0430,24162.9766,25,0
46450.0000,4645,2009,2.7000,9,1000,1000,1,20914.9893,0.0000,0.8991,3238.9935,0.0000,0.1222,11.8970,0.0000,0.0216,24165.8797,0.0000,1.0428,24165.8789,25,0
46460.0000,4646,2011,2.7000,11,1000,1000,1,20920.8413,0.0000,0.8991,3238.2963,0.0000,0.1221,11.8944,0.0000,0.0216,24171.0320,0.0000,1.0428,24171.0312,25,0
46470.0000,4647,2013,2.7000,13,1000,1000,1,20924.7353,0.0000,0.8991,3237.5994,0.0000,0.1221,11.8918,0.0000,0.0216,24174.2266,0.0000,1.0428,24174.2266,25,0
46480.0000,4648,2010,2.7000,10,1000,1000,1,20929.4349,0.0000,0.8991,3236.9029,0.0000,0.1221,11.8893,0.0000,0.0216,24178.2271,0.0000,1.0427,24178.2266,25,0
46490.0000,4649,2003,2.7000,3,1000,1000,1,20933.3427,0.0000,0.8990,3236.2066,0.0000,0.1220,11.8867,0.0000,0.0216,24181.4361,0.0000,1.0426,24181.4355,24,0
46500.0000,4650,2010,2.7000,10,1000,1000,1,20939.0933,0.0000,0.8991,3235.5107,0.0000,0.1220,11.8842,0.0000,0.0216,24186.4881,0.0000,1.0427,24186.4883,25,0
46510.0000,4651,2001,2.7000,1,1000,1000,1,20943.2421,0.0000,0.8990,3234.8150,0.0000,0.1220,11.8816,0.0000,0.0216,24189.9388,0.0000,1.0426,24189.9395,24,0
46520.0000,4652,2001,2.7000,1,1000,1000,1,20947.8690,0.0000,0.8990,3256.9823,0.0000,0.1221,11.8791,0.0000,0.0216,24216.7303,0.0000,1.0427,24216.7305,24,0
46530.0000,4653,1999,2.7000,1,998,1000,1,20952.4427,0.0000,0.8990,3257.4694,0.0000,0.1221,11.8765,0.0000,0.0216,24221.7886,0.0000,1.0427,24221.7891,24,0
46540.0000,4654,1999,2.7000,0,999,1000,1,20955.9377,0.0000,0.8990,3257.5068,0.0000,0.1222,11.8740,0.0000,0.0216,24225.3185,0.0000,1.0428,24225.3184,24,0
46550.0000,4655,2006,2.7000,6,1000,1000,1,20960.1429,0.0000,0.8991,3258.4727,0.0000,0.1224,11.8714,0.0000,0.0215,24230.4869,0.0000,1.0430,24230.4863,25,0
46560.0000,4656,1999,2.7000,1,998,1000,1,20965.1619,0.0000,0.8990,3258.9117,0.0000,0.1224,11.8689,0.0000,0.0215,24235.9425,0.0000,1.0429,24235.9434,24,0
46570.0000,4657,1995,2.7000,0,995,1000,1,20968.1617,0.0000,0.8989,3259.3652,0.0000,0.1224,11.8663,0.0000,0.0215,24239.3932,0.0000,1.0429,24239.3926,24,0
46580.0000,4658,2004,2.7000,4,1000,1000,1,20974.0712,0.0000,0.8989,3259.7654,0.0000,0.1226,11.8638,0.0000,0.0215,24245.7004,0.0000,1.0430,24245.7012,24,0
46590.0000,4659,2000,2.7000,0,1000,1000,1,20978.0403,0.0000,0.8988,3260.1799,0.0000,0.1226,11.8612,0.0000,0.0215,24250.0814,0.0000,1.0429,24250.0820,24,0
46600.0000,4660,2006,2.7000,6,1000,1000,1,20984.0275,0.0000,0.8989,3259.4802,0.0000,0.1226,11.8587,0.0000,0.0215,24255.3664,0.0000,1.0430,24255.3672,25,0
46610.0000,4661,2006,2.7000,6,1000,1000,1,20987.5065,0.0000,0.8989,3258.7809,0.0000,0.1225,11.8561,0.0000,0.0215,24258.1436,0.0000,1.0430,24258.1445,25,0
46620.0000,4662,2003,2.7000,3,1000,1000,1,20992.4783,0.0000,0.8989,3258.0819,0.0000,0.1225,11.8536,0.0000,0.0215,24262.4138,0.0000,1.0429,24262.4141,24,0
46630.0000,4663,2004,2.7000,4,1000,1000,1,20997.3812,0.0000,0.8989,3257.3832,0.0000,0.1225,11.8510,0.0000,0.0215,24266.6154,0.0000,1.0429,24266.6152,24,0
46640.0000,4664,2004,2.7000,4,1000,1000,1,21001.1481,0.0000,0.8989,3256.6848,0.0000,0.1224,11.8485,0.0000,0.0215,24269.6814,0.0000,1.0429,24269.6816,24,0
46650.0000,4665,2000,2.7000,0,1000,1000,1,21004.5724,0.0000,0.8989,3263.8066,0.0000,0.1225,11.8460,0.0000,0.0215,24280.2249,0.0000,1.0429,24280.2246,24,0
46660.0000,4666,2001,2.7000,1,1000,1000,1,21009.9406,0.0000,0.8989,3263.5649,0.0000,0.1225,11.8434,0.0000,0.0215,24285.3489,0.0000,1.0429,24285.3496,24,0
46670.0000,4667,2000,2.7000,0,1000,1000,1,21014.1040,0.0000,0.8988,3264.5731,0.0000,0.1225,11.8409,0.0000,0.0215,24290.5180,0.0000,1.0428,24290.5176,24,0
46680.0000,4668,2003,2.7000,3,1000,1000,1,21019.7967,0.0000,0.8988,3263.8737,0.0000,0.1225,11.8384,0.0000,0.0215,24295.5088,0.0000,1.0428,24295.5098,24,0
46690.0000,4669,2000,2.7000,0,1000,1000,1,21021.1900,0.0000,0.8988,3265.9137,0.0000,0.1225,11.8358,0.0000,0.0215,24298.9396,0.0000,1.0428,24298.9395,24,0
46700.0000,4670,2003,2.7000,3,1000,1000,1,21028.3213,0.0000,0.8988,3266.1447,0.0000,0.1225,11.8333,0.0000,0.0215,24306.2992,0.0000,1.0428,24306.2988,24,0
46710.0000,4671,2002,2.7000,2,1000,1000,1,21032.0832,0.0000,0.8987,3265.4454,0.0000,0.1225,11.8307,0.0000,0.0215,24309.3593,0.0000,1.0427,24309.3594,24,0
46720.0000,4672,2001,2.7000,1,1000,1000,1,21037.6305,0.0000,0.8987,3267.4364,0.0000,0.1225,11.8282,0.0000,0.0215,24316.8951,0.0000,1.0427,24316.8945,24,0
46730.0000,4673,2003,2.7000,3,1000,1000,1,21041.7263,0.0000,0.8986,3266.7372,0.0000,0.1225,11.8257,0.0000,0.0215,24320.2891,0.0000,1.0426,24320.2891,24,0
46740.0000,4674,2004,2.7000,4,1000,1000,1,21044.3006,0.0000,0.8987,3266.0383,0.0000,0.1225,11.8232,0.0000,0.0215,24322.1620,0.0000,1.0426,24322.1621,24,0
46750.0000,4675,2000,2.7000,0,1000,1000,1,21050.1984,0.0000,0.8986,3265.3396,0.0000,0.1224,11.8206,0.0000,0.0215,24327.3586,0.0000,1.0425,24327.3594,24,0
46760.0000,4676,2000,2.7000,1,999,1000,1,21055.7697,0.0000,0.8986,3269.4664,0.0000,0.1226,11.8181,0.0000,0.0214,24337.0542,0.0000,1.0426,24337.0547,24,0
46770.0000,4677,2007,2.7000,7,1000,1000,1,21060.2380,0.0000,0.8986,3269.5600,0.0000,0.1226,11.8156,0.0000,0.0214,24341.6136,0.0000,1.0427,24341.6133,25,0
46780.0000,4678,2014,2.7000,14,1000,1000,1,21064.1248,0.0000,0.8987,3268.8611,0.0000,0.1226,11.8130,0.0000,0.0214,24344.7989,0.0000,1.0427,24344.7988,25,0
46790.0000,4679,2015,2.7000,15,1000,1000,1,21067.6112,0.0000,0.8987,3268.1624,0.0000,0.1226,11.8105,0.0000,0.0214,24347.5842,0.0000,1.0427,24347.5840,25,0
46800.0000,4680,2025,2.7000,25,1000,1000,1,21073.2961,0.0000,0.8988,3267.4641,0.0000,0.1226,11.8080,0.0000,0.0214,24352.5682,0.0000,1.0428,24352.5684,26,0
46810.0000,4681,2023,2.7000,23,1000,1000,1,21077.1231,0.0000,0.8988,3266.7661,0.0000,0.1225,11.8055,0.0000,0.0214,24355.6947,0.0000,1.0428,24355.6953,26,0
46820.0000,4682,2014,2.7000,14,1000,1000,1,21082.6957,0.0000,0.8988,3266.0684,0.0000,0.1225,11.8030,0.0000,0.0214,24360.5670,0.0000,1.0427,24360.5664,25,0
46830.0000,4683,2010,2.7000,10,1000,1000,1,21086.4889,0.0000,0.8988,3265.3709,0.0000,0.1225,11.8004,0.0000,0.0214,24363.6602,0.0000,1.0427,24363.6602,25,0
46840.0000,4684,2012,2.7000,12,1000,1000,1,21091.1880,0.0000,0.8988,3264.6738,0.0000,0.1225,11.7979,0.0000,0.0214,24367.6597,0.0000,1.0427,24367.6602,25,0
46850.0000,4685,2016,2.7000,16,1000,1000,1,21095.6618,0.0000,0.8989,3263.9770,0.0000,0.1224,11.7954,0.0000,0.0214,24371.4342,0.0000,1.0427,24371.4336,25,0
46860.0000,4686,2020,2.7000,20,1000,1000,1,21100.6501,0.0000,0.8989,3263.2804,0.0000,0.1224,11.7929,0.0000,0.0214,24375.7234,0.0000,1.0427,24375.7227,25,0
46870.0000,4687,2020,2.7000,20,1000,1000,1,21104.5288,0.0000,0.8989,3262.5842,0.0000,0.1224,11.7904,0.0000,0.0214,24378.9033,0.0000,1.0427,24378.9023,25,0
46880.0000,4688,2016,2.7000,16,1000,1000,1,21108.0172,0.0000,0.8989,3261.8882,0.0000,0.1224,11.7878,0.0000,0.0214,24381.6933,0.0000,1.0426,24381.6934,25,0
46890.0000,4689,2013,2.7000,13,1000,1000,1,21112.8487,0.0000,0.8989,3261.1926,0.0000,0.1223,11.7853,0.0000,0.0214,24385.8266,0.0000,1.0426,24385.8262,25,0
46900.0000,4690,2008,2.7000,8,1000,1000,1,21118.0771,0.0000,0.8989,3260.4972,0.0000,0.1223,11.7828,0.0000,0.0214,24390.3572,0.0000,1.0426,24390.3574,25,0
46910.0000,4691,2003,2.7000,3,1000,1000,1,21122.8223,0.0000,0.8988,3259.8022,0.0000,0.1223,11.7803,0.0000,0.0214,24394.4048,0.0000,1.0425,24394.4043,24,0
46920.0000,4692,2007,2.7000,7,1000,1000,1,21126.7425,0.0000,0.8988,3259.1074,0.0000,0.1223,11.7778,0.0000,0.0214,24397.6278,0.0000,1.0425,24397.6270,25,0
46930.0000,4693,2010,2.7000,10,1000,1000,1,21130.6265,0.0000,0.8989,3258.4130,0.0000,0.1222,11.7753,0.0000,0.0214,24400.8148,0.0000,1.0425,24400.8145,25,0
46940.0000,4694,2005,2.7000,5,1000,1000,1,21136.2383,0.0000,0.8988,3257.7188,0.0000,0.1222,11.7728,0.0000,0.0214,24405.7299,0.0000,1.0424,24405.7305,24,0
46950.0000,4695,2003,2.7000,3,1000,1000,1,21138.7973,0.0000,0.8988,3257.0249,0.0000,0.1222,11.7703,0.0000,0.0214,24407.5925,0.0000,1.0424,24407.5918,24,0
46960.0000,4696,2002,2.7000,2,1000,1000,1,21145.1820,0.0000,0.8988,3279.4996,0.0000,0.1222,11.7678,0.0000,0.0214,24436.4493,0.0000,1.0424,24436.4492,24,0
46970.0000,4697,2002,2.7000,2,1000,1000,1,21148.3022,0.0000,0.8987,3278.8014,0.0000,0.1222,11.7653,0.0000,0.0214,24438.8689,0.0000,1.0423,24438.8691,24,0
46980.0000,4698,2000,2.7000,0,1000,1000,1,21153.5610,0.0000,0.8987,3278.1035,0.0000,0.1222,11.7628,0.0000,0.0213,24443.4272,0.0000,1.0422,24443.4277,24,0
46990.0000,4699,2000,2.7000,0,1000,1000,1,21156.6418,0.0000,0.8987,3281.1568,0.0000,0.1223,11.7603,0.0000,0.0213,24449.5588,0.0000,1.0423,24449.5586,24,0
47000.0000,4700,2003,2.7000,3,1000,1000,1,21162.7221,0.0000,0.8986,3281.9240,0.0000,0.1223,11.7578,0.0000,0.0213,24456.4038,0.0000,1.0423,24456.4043,24,0
47010.0000,4701,2004,2.7000,4,1000,1000,1,21167.9338,0.0000,0.8986,3282.6759,0.0000,0.1223,11.7552,0.0000,0.0213,24462.3649,0.0000,1.0423,24462.3652,24,0
47020.0000,4702,2007,2.7000,7,1000,1000,1,21170.8216,0.0000,0.8987,3281.9777,0.0000,0.1223,11.7527,0.0000,0.0213,24464.5521,0.0000,1.0423,24464.5527,25,0
47030.0000,4703,2007,2.7000,7,1000,1000,1,21176.4827,0.0000,0.8987,3281.2799,0.0000,0.1222,11.7502,0.0000,0.0213,24469.5128,0.0000,1.0422,24469.5137,25,0
47040.0000,4704,2004,2.7000,4,1000,1000,1,21181.1284,0.0000,0.8986,3280.5823,0.0000,0.1222,11.7478,0.0000,0.0213,24473.4585,0.0000,1.0421,24473.4590,24,0
47050.0000,4705,2011,2.7000,11,1000,1000,1,21185.4642,0.0000,0.8987,3279.8851,0.0000,0.1222,11.7453,0.0000,0.0213,24477.0945,0.0000,1.0422,24477.0938,25,0
47060.0000,4706,2006,2.7000,6,1000,1000,1,21188.7225,0.0000,0.8987,3279.1881,0.0000,0.1222,11.7428,0.0000,0.0213,24479.6533,0.0000,1.0422,24479.6543,25,0
47070.0000,4707,2006,2.7000,6,1000,1000,1,21194.0649,0.0000,0.8987,3278.4914,0.0000,0.1221,11.7403,0.0000,0.0213,24484.2966,0.0000,1.0422,24484.2969,25,0
47080.0000,4708,2004,2.7000,4,1000,1000,1,21199.0266,0.0000,0.8987,3277.7951,0.0000,0.1221,11.7378,0.0000,0.0213,24488.5594,0.0000,1.0422,24488.5586,24,0
47090.0000,4709,1999,2.7000,0,999,1000,1,21201.1983,0.0000,0.8987,3277.0990,0.0000,0.1221,11.7353,0.0000,0.0213,24490.0326,0.0000,1.0421,24490.0332,24,0
47100.0000,4710,2000,2.7000,1,999,1000,1,21208.3285,0.0000,0.8987,3286.2275,0.0000,0.1221,11.7328,0.0000,0.0213,24506.2888,0.0000,1.0421,24506.2891,24,0
47110.0000,4711,2005,2.7000,5,1000,1000,1,21211.4949,0.0000,0.8989,3287.6791,0.0000,0.1222,11.7303,0.0000,0.0213,24510.9043,0.0000,1.0423,24510.9043,24,0
47120.0000,4712,2013,2.7000,13,1000,1000,1,21216.4671,0.0000,0.8990,3286.9813,0.0000,0.1221,11.7278,0.0000,0.0213,24515.1763,0.0000,1.0424,24515.1758,25,0
47130.0000,4713,2012,2.7000,12,1000,1000,1,21218.9450,0.0000,0.8989,3286.2839,0.0000,0.1221,11.7253,0.0000,0.0213,24516.9542,0.0000,1.0423,24516.9551,25,0
47140.0000,4714,2011,2.7000,11,1000,1000,1,21224.0355,0.0000,0.8989,3285.5868,0.0000,0.1221,11.7228,0.0000,0.0213,24521.3451,0.0000,1.0423,24521.3457,25,0
47150.0000,4715,2017,2.7000,17,1000,1000,1,21229.8138,0.0000,0.8989,3284.8899,0.0000,0.1221,11.7203,0.0000,0.0213,24526.4241,0.0000,1.0423,24526.4238,25,0
47160.0000,4716,2014,2.7000,14,1000,1000,1,21235.0786,0.0000,0.8989,3284.1934,0.0000,0.1220,11.7179,0.0000,0.0213,24530.9898,0.0000,1.0422,24530.9902,25,0
47170.0000,4717,2008,2.7000,8,1000,1000,1,21238.6725,0.0000,0.8988,3283.4971,0.0000,0.1220,11.7154,0.0000,0.0213,24533.8850,0.0000,1.0421,24533.8848,25,0
47180.0000,4718,2003,2.7000,3,1000,1000,1,21243.7445,0.0000,0.8988,3282.8012,0.0000,0.1220,11.7129,0.0000,0.0213,24538.2586,0.0000,1.0420,24538.2578,24,0
47190.0000,4719,2006,2.7000,6,1000,1000,1,21247.7853,0.0000,0.8988,3282.1055,0.0000,0.1220,11.7104,0.0000,0.0213,24541.6012,0.0000,1.0420,24541.6016,25,0
47200.0000,4720,2001,2.7000,1,1000,1000,1,21252.6307,0.0000,0.8988,3292.4160,0.0000,0.1220,11.7079,0.0000,0.0213,24556.7546,0.0000,1.0421,24556.7539,24,0
47210.0000,4721,1998,2.7000,0,998,1000,1,21257.0837,0.0000,0.8988,3293.0436,0.0000,0.1221,11.7054,0.0000,0.0212,24561.8327,0.0000,1.0421,24561.8320,24,0
47220.0000,4722,2010,2.7000,10,1000,1000,1,21261.8714,0.0000,0.8989,3292.6639,0.0000,0.1221,11.7030,0.0000,0.0212,24566.2383,0.0000,1.0422,24566.2383,25,0
47230.0000,4723,2009,2.7000,9,1000,1000,1,21266.4487,0.0000,0.8989,3291.9668,0.0000,0.1220,11.7005,0.0000,0.0212,24570.1160,0.0000,1.0422,24570.1152,25,0
47240.0000,4724,2015,2.7000,15,1000,1000,1,21270.8848,0.0000,0.8990,3291.2699,0.0000,0.1220,11.6980,0.0000,0.0212,24573.8527,0.0000,1.0423,24573.8535,25,0
47250.0000,4725,2017,2.7000,17,1000,1000,1,21275.5619,0.0000,0.8991,3290.5733,0.0000,0.1220,11.6955,0.0000,0.0212,24577.8307,0.0000,1.0423,24577.8301,25,0
47260.0000,4726,2010,2.7000,10,1000,1000,1,21275.8314,0.0000,0.8989,3289.8771,0.0000,0.1220,11.6931,0.0000,0.0212,24577.4016,0.0000,1.0421,24577.4023,25,0
47270.0000,4727,2008,2.7000,8,1000,1000,1,21284.2951,0.0000,0.8989,3289.1811,0.0000,0.1219,11.6906,0.0000,0.0212,24585.1668,0.0000,1.0420,24585.1660,25,0
47280.0000,4728,2009,2.7000,9,1000,1000,1,21288.8433,0.0000,0.8989,3288.4854,0.0000,0.1219,11.6881,0.0000,0.0212,24589.0168,0.0000,1.0420,24589.0176,25,0
47290.0000,4729,2013,2.7000,13,1000,1000,1,21292.0066,0.0000,0.8989,3287.7900,0.0000,0.1219,11.6856,0.0000,0.0212,24591.4822,0.0000,1.0420,24591.4824,25,0
47300.0000,4730,2011,2.7000,11,1000,1000,1,21296.4590,0.0000,0.8989,3287.0949,0.0000,0.1219,11.6832,0.0000,0.0212,24595.2371,0.0000,1.0419,24595.2363,25,0
47310.0000,4731,2011,2.7000,11,1000,1000,1,21301.8413,0.0000,0.8989,3286.4001,0.0000,0.1218,11.6807,0.0000,0.0212,24599.9221,0.0000,1.0419,24599.9219,25,0
47320.0000,4732,2011,2.7000,11,1000,1000,1,21306.7805,0.0000,0.8989,3285.7056,0.0000,0.1218,11.6782,0.0000,0.0212,24604.1643,0.0000,1.0419,24604.1641,25,0
47330.0000,4733,2008,2.7000,8,1000,1000,1,21311.3877,0.0000,0.8988,3285.0114,0.0000,0.1218,11.6758,0.0000,0.0212,24608.0749,0.0000,1.0418,24608.0742,25,0
47340.0000,4734,2013,2.7000,13,1000,1000,1,21315.4459,0.0000,0.8989,3284.3175,0.0000,0.1218,11.6733,0.0000,0.0212,24611.4367,0.0000,1.0418,24611.4375,25,0
47350.0000,4735,2008,2.7000,8,1000,1000,1,21319.0045,0.0000,0.8989,3283.6239,0.0000,0.1217,11.6708,0.0000,0.0212,24614.2992,0.0000,1.0418,24614.2988,25,0
47360.0000,4736,2020,2.7000,20,1000,1000,1,21324.6884,0.0000,0.8990,3282.9305,0.0000,0.1217,11.6684,0.0000,0.0212,24619.2873,0.0000,1.0419,24619.2871,25,0
47370.0000,4737,2018,2.7000,18,1000,1000,1,21328.6041,0.0000,0.8990,3282.2375,0.0000,0.1217,11.6659,0.0000,0.0212,24622.5075,0.0000,1.0419,24622.5078,25,0
47380.0000,4738,2016,2.7000,16,1000,1000,1,21331.2097,0.0000,0.8990,3281.5447,0.0000,0.1217,11.6634,0.0000,0.0212,24624.4179,0.0000,1.0419,24624.4180,25,0
47390.0000,4739,2017,2.7000,17,1000,1000,1,21338.0342,0.0000,0.8990,3280.8523,0.0000,0.1216,11.6610,0.0000,0.0212,24630.5475,0.0000,1.0418,24630.5469,25,0
47400.0000,4740,2026,2.7000,26,1000,1000,1,21342.8987,0.0000,0.8991,3280.1601,0.0000,0.1216,11.6585,0.0000,0.0212,24634.7174,0.0000,1.0419,24634.7168,26,0
47410.0000,4741,2026,2.7000,26,1000,1000,1,21345.8514,0.0000,0.8991,3279.4683,0.0000,0.1216,11.6561,0.0000,0.0212,24636.9758,0.0000,1.0418,24636.9766,26,0
47420.0000,4742,2025,2.7000,25,1000,1000,1,21351.1118,0.0000,0.8991,3278.7767,0.0000,0.1216,11.6536,0.0000,0.0212,24641.5421,0.0000,1.0418,24641.5430,26,0
47430.0000,4743,2025,2.7000,25,1000,1000,1,21356.1117,0.0000,0.8990,3278.0854,0.0000,0.1215,11.6512,0.0000,0.0211,24645.8483,0.0000,1.0417,24645.8477,26,0
47440.0000,4744,2019,2.7000,19,1000,1000,1,21360.7507,0.0000,0.8989,3277.3944,0.0000,0.1215,11.6487,0.0000,0.0211,24649.7938,0.0000,1.0415,24649.7930,25,0
47450.0000,4745,2022,2.7000,22,1000,1000,1,21363.4855,0.0000,0.8989,3276.7037,0.0000,0.1215,11.6462,0.0000,0.0211,24651.8355,0.0000,1.0415,24651.8359,26,0
47460.0000,4746,2015,2.7000,15,1000,1000,1,21369.1484,0.0000,0.8988,3276.0133,0.0000,0.1214,11.6438,0.0000,0.0211,24656.8055,0.0000,1.0414,24656.8047,25,0
47470.0000,4747,2013,2.7000,13,1000,1000,1,21373.6873,0.0000,0.8987,3275.3231,0.0000,0.1214,11.6413,0.0000,0.0211,24660.6518,0.0000,1.0413,24660.6523,25,0
47480.0000,4748,2016,2.7000,16,1000,1000,1,21378.3155,0.0000,0.8988,3274.6333,0.0000,0.1214,11.6389,0.0000,0.0211,24664.5877,0.0000,1.0413,24664.5879,25,0
47490.0000,4749,2015,2.7000,15,1000,1000,1,21382.5490,0.0000,0.8988,3273.9438,0.0000,0.1214,11.6364,0.0000,0.0211,24668.1292,0.0000,1.0413,24668.1289,25,0
47500.0000,4750,2010,2.7000,10,1000,1000,1,21386.7242,0.0000,0.8987,3273.2545,0.0000,0.1213,11.6340,0.0000,0.0211,24671.6127,0.0000,1.0412,24671.6133,25,0
47510.0000,4751,2011,2.7000,11,1000,1000,1,21391.7238,0.0000,0.8987,3272.5656,0.0000,0.1213,11.6315,0.0000,0.0211,24675.9209,0.0000,1.0411,24675.9199,25,0
47520.0000,4752,2010,2.7000,10,1000,1000,1,21395.6872,0.0000,0.8987,3271.8769,0.0000,0.1213,11.6291,0.0000,0.0211,24679.1932,0.0000,1.0411,24679.1934,25,0
47530.0000,4753,2006,2.7000,6,1000,1000,1,21398.7580,0.0000,0.8986,3271.1885,0.0000,0.1213,11.6266,0.0000,0.0211,24681.5732,0.0000,1.0410,24681.5723,25,0
47540.0000,4754,2002,2.7000,2,1000,1000,1,21405.5106,0.0000,0.8986,3310.0801,0.0000,0.1213,11.6242,0.0000,0.0211,24727.2149,0.0000,1.0409,24727.2148,24,0
47550.0000,4755,2000,2.7000,0,1000,1000,1,21406.5409,0.0000,0.8985,3310.8226,0.0000,0.1213,11.6218,0.0000,0.0211,24728.9853,0.0000,1.0409,24728.9844,24,0
47560.0000,4756,1996,2.7000,1,995,1000,1,21414.0082,0.0000,0.8984,3311.2753,0.0000,0.1213,11.6193,0.0000,0.0211,24736.9028,0.0000,1.0408,24736.9023,24,0
47570.0000,4757,1996,2.7000,0,996,1000,1,21418.1936,0.0000,0.8984,3311.8635,0.0000,0.1215,11.6169,0.0000,0.0211,24741.6740,0.0000,1.0409,24741.6738,24,0
47580.0000,4758,2000,2.7000,0,1000,1000,1,21421.6581,0.0000,0.8983,3312.1634,0.0000,0.1216,11.6144,0.0000,0.0211,24745.4359,0.0000,1.0410,24745.4355,24,0
47590.0000,4759,2006,2.7000,6,1000,1000,1,21427.6989,0.0000,0.8984,3312.3948,0.0000,0.1217,11.6120,0.0000,0.0211,24751.7057,0.0000,1.0411,24751.7051,25,0
47600.0000,4760,2008,2.7000,8,1000,1000,1,21431.8203,0.0000,0.8984,3311.6989,0.0000,0.1216,11.6095,0.0000,0.0211,24755.1288,0.0000,1.0411,24755.1289,25,0
47610.0000,4761,2011,2.7000,11,1000,1000,1,21436.8756,0.0000,0.8984,3311.0033,0.0000,0.1216,11.6071,0.0000,0.0211,24759.4861,0.0000,1.0410,24759.4863,25,0
47620.0000,4762,2015,2.7000,15,1000,1000,1,21439.9723,0.0000,0.8983,3310.3080,0.0000,0.1216,11.6047,0.0000,0.0211,24761.8850,0.0000,1.0410,24761.8848,25,0
47630.0000,4763,2001,2.7000,1,1000,1000,1,21439.5376,0.0000,0.8982,3309.6130,0.0000,0.1216,11.6022,0.0000,0.0211,24760.7528,0.0000,1.0408,24760.7520,24,0
47640.0000,4764,2000,2.7000,0,1000,1000,1,21450.1622,0.0000,0.8982,3315.2396,0.0000,0.1216,11.5998,0.0000,0.0211,24777.0017,0.0000,1.0408,24777.0020,24,0
47650.0000,4765,2003,2.7000,3,1000,1000,1,21454.9118,0.0000,0.8982,3314.5439,0.0000,0.1216,11.5974,0.0000,0.0210,24781.0530,0.0000,1.0408,24781.0527,24,0
47660.0000,4766,2003,2.7000,3,1000,1000,1,21457.4318,0.0000,0.8982,3316.0924,0.0000,0.1215,11.5949,0.0000,0.0210,24785.1191,0.0000,1.0408,24785.1191,24,0
47670.0000,4767,2003,2.7000,3,1000,1000,1,21463.8673,0.0000,0.8983,3315.3968,0.0000,0.1215,11.5925,0.0000,0.0210,24790.8565,0.0000,1.0408,24790.8574,24,0
47680.0000,4768,2000,2.7000,0,1000,1000,1,21466.1444,0.0000,0.8983,3317.5923,0.0000,0.1215,11.5901,0.0000,0.0210,24795.3268,0.0000,1.0408,24795.3262,24,0
47690.0000,4769,2006,2.7000,6,1000,1000,1,21471.6871,0.0000,0.8983,3317.1259,0.0000,0.1215,11.5876,0.0000,0.0210,24800.4006,0.0000,1.0408,24800.4004,25,0
47700.0000,4770,2002,2.7000,2,1000,1000,1,21477.3361,0.0000,0.8982,3316.4305,0.0000,0.1215,11.5852,0.0000,0.0210,24805.3518,0.0000,1.0408,24805.3516,24,0
47710.0000,4771,2008,2.7000,8,1000,1000,1,21481.6062,0.0000,0.8984,3315.7354,0.0000,0.1215,11.5828,0.0000,0.0210,24808.9244,0.0000,1.0409,24808.9238,25,0
47720.0000,4772,2008,2.7000,8,1000,1000,1,21485.0464,0.0000,0.8984,3315.0406,0.0000,0.1215,11.5803,0.0000,0.0210,24811.6673,0.0000,1.0409,24811.6680,25,0
47730.0000,4773,2007,2.7000,7,1000,1000,1,21489.4705,0.0000,0.8984,3314.3460,0.0000,0.1214,11.5779,0.0000,0.0210,24815.3944,0.0000,1.0408,24815.3945,25,0
47740.0000,4774,2008,2.7000,8,1000,1000,1,21493.8438,0.0000,0.8984,3313.6518,0.0000,0.1214,11.5755,0.0000,0.0210,24819.0711,0.0000,1.0408,24819.0703,25,0
47750.0000,4775,2009,2.7000,9,1000,1000,1,21499.3778,0.0000,0.8985,3312.9578,0.0000,0.1214,11.5731,0.0000,0.0210,24823.9087,0.0000,1.0408,24823.9082,25,0
47760.0000,4776,2002,2.7000,2,1000,1000,1,21503.8147,0.0000,0.8984,3321.5392,0.0000,0.1214,11.5707,0.0000,0.0210,24836.9245,0.0000,1.0408,24836.9238,24,0
47770.0000,4777,2004,2.7000,4,1000,1000,1,21508.6307,0.0000,0.8985,3320.8438,0.0000,0.1214,11.5682,0.0000,0.0210,24841.0427,0.0000,1.0408,24841.0430,24,0
47780.0000,4778,2004,2.7000,4,1000,1000,1,21511.0362,0.0000,0.8984,3320.1488,0.0000,0.1213,11.5658,0.0000,0.0210,24842.7508,0.0000,1.0407,24842.7500,24,0
47790.0000,4779,2008,2.7000,8,1000,1000,1,21517.1051,0.0000,0.8984,3319.4541,0.0000,0.1213,11.5634,0.0000,0.0210,24848.1226,0.0000,1.0407,24848.1230,25,0
47800.0000,4780,2003,2.7000,3,1000,1000,1,21521.0434,0.0000,0.8984,3318.7596,0.0000,0.1213,11.5610,0.0000,0.0210,24851.3640,0.0000,1.0406,24851.3633,24,0
47810.0000,4781,2007,2.7000,7,1000,1000,1,21526.2203,0.0000,0.8984,3318.0655,0.0000,0.1213,11.5585,0.0000,0.0210,24855.8443,0.0000,1.0406,24855.8438,25,0
47820.0000,4782,2002,2.7000,2,1000,1000,1,21531.0958,0.0000,0.8984,3317.3716,0.0000,0.1212,11.5561,0.0000,0.0210,24860.0236,0.0000,1.0406,24860.0234,24,0
47830.0000,4783,2001,2.7000,1,1000,1000,1,21535.6647,0.0000,0.8984,3324.6428,0.0000,0.1212,11.5537,0.0000,0.0210,24871.8612,0.0000,1.0406,24871.8613,24,0
47840.0000,4784,2003,2.7000,3,1000,1000,1,21539.4056,0.0000,0.8984,3323.9478,0.0000,0.1212,11.5513,0.0000,0.0210,24874.9047,0.0000,1.0406,24874.9043,24,0
47850.0000,4785,2010,2.7000,10,1000,1000,1,21544.1290,0.0000,0.8985,3323.2532,0.0000,0.1212,11.5489,0.0000,0.0210,24878.9311,0.0000,1.0407,24878.9316,25,0
47860.0000,4786,2010,2.7000,10,1000,1000,1,21546.8635,0.0000,0.8985,3322.5588,0.0000,0.1212,11.5465,0.0000,0.0210,24880.9688,0.0000,1.0407,24880.9688,25,0
47870.0000,4787,2010,2.7000,10,1000,1000,1,21553.3247,0.0000,0.8985,3321.8647,0.0000,0.1211,11.5441,0.0000,0.0210,24886.7335,0.0000,1.0406,24886.7344,25,0
47880.0000,4788,2001,2.7000,1,1000,1000,1,21555.2979,0.0000,0.8985,3321.1709,0.0000,0.1211,11.5417,0.0000,0.0209,24888.0105,0.0000,1.0406,24888.0098,24,0
47890.0000,4789,2000,2.7000,0,1000,1000,1,21558.9214,0.0000,0.8985,3327.6284,0.0000,0.1212,11.5392,0.0000,0.0209,24898.0891,0.0000,1.0406,24898.0898,24,0
47900.0000,4790,1998,2.7000,0,998,1000,1,21564.5554,0.0000,0.8984,3328.9232,0.0000,0.1213,11.5368,0.0000,0.0209,24905.0155,0.0000,1.0406,24905.0156,24,0
47910.0000,4791,1997,2.7000,1,996,1000,1,21571.3263,0.0000,0.8984,3329.2892,0.0000,0.1213,11.5344,0.0000,0.0209,24912.1499,0.0000,1.0407,24912.1504,24,0
47920.0000,4792,2004,2.7000,4,1000,1000,1,21575.6314,0.0000,0.8984,3329.6527,0.0000,0.1214,11.5320,0.0000,0.0209,24916.8161,0.0000,1.0407,24916.8164,24,0
47930.0000,4793,2019,2.7000,19,1000,1000,1,21580.4661,0.0000,0.8986,3328.9581,0.0000,0.1214,11.5296,0.0000,0.0209,24920.9537,0.0000,1.0409,24920.9531,25,0
47940.0000,4794,2012,2.7000,12,1000,1000,1,21581.5023,0.0000,0.8986,3328.2637,0.0000,0.1214,11.5272,0.0000,0.0209,24921.2932,0.0000,1.0409,24921.2930,25,0
47950.0000,4795,2010,2.7000,10,1000,1000,1,21589.3077,0.0000,0.8986,3327.5695,0.0000,0.1213,11.5248,0.0000,0.0209,24928.4020,0.0000,1.0408,24928.4023,25,0
47960.0000,4796,2003,2.7000,3,1000,1000,1,21593.9404,0.0000,0.8985,3326.8757,0.0000,0.1213,11.5224,0.0000,0.0209,24932.3385,0.0000,1.0407,24932.3379,24,0
47970.0000,4797,2002,2.7000,2,1000,1000,1,21597.1945,0.0000,0.8985,3332.2564,0.0000,0.1214,11.5200,0.0000,0.0209,24940.9709,0.0000,1.0408,24940.9707,24,0
47980.0000,4798,2000,2.7000,0,1000,1000,1,21600.2153,0.0000,0.8984,3332.8688,0.0000,0.1214,11.5176,0.0000,0.0209,24944.6016,0.0000,1.0407,24944.6016,24,0
47990.0000,4799,2004,2.7000,4,1000,1000,1,21605.7973,0.0000,0.8984,3333.3877,0.0000,0.1214,11.5152,0.0000,0.0209,24950.7002,0.0000,1.0407,24950.7012,24,0
48000.0000,4800,1994,2.7000,0,994,1000,1,21610.2415,0.0000,0.8983,3334.1645,0.0000,0.1215,11.5128,0.0000,0.0209,24955.9188,0.0000,1.0407,24955.9180,24,0
48010.0000,4801,2002,2.7000,4,998,1000,1,21615.8797,0.0000,0.8983,3334.4341,0.0000,0.1216,11.5104,0.0000,0.0209,24961.8243,0.0000,1.0408,24961.8242,24,0
48020.0000,4802,2000,2.7000,0,1000,1000,1,21617.1926,0.0000,0.8982,3335.1732,0.0000,0.1216,11.5080,0.0000,0.0209,24963.8738,0.0000,1.0407,24963.8730,24,0
48030.0000,4803,1998,2.7000,2,996,1000,1,21624.2916,0.0000,0.8981,3335.6314,0.0000,0.1217,11.5056,0.0000,0.0209,24971.4286,0.0000,1.0407,24971.4277,24,0
48040.0000,4804,2002,2.7000,2,1000,1000,1,21629.6874,0.0000,0.8981,3335.8825,0.0000,0.1218,11.5032,0.0000,0.0209,24977.0731,0.0000,1.0408,24977.0723,24,0
48050.0000,4805,2002,2.7000,2,1000,1000,1,21632.2151,0.0000,0.8981,3335.1883,0.0000,0.1218,11.5008,0.0000,0.0209,24978.9042,0.0000,1.0407,24978.9043,24,0
48060.0000,4806,2003,2.7000,3,1000,1000,1,21638.4710,0.0000,0.8980,3334.4943,0.0000,0.1218,11.4984,0.0000,0.0209,24984.4637,0.0000,1.0407,24984.4629,24,0
48070.0000,4807,2002,2.7000,2,1000,1000,1,21642.3234,0.0000,0.8979,3333.8007,0.0000,0.1217,11.4960,0.0000,0.0209,24987.6201,0.0000,1.0405,24987.6191,24,0
48080.0000,4808,1998,2.7000,1,997,1000,1,21647.5840,0.0000,0.8979,3333.1073,0.0000,0.1217,11.4936,0.0000,0.0209,24992.1849,0.0000,1.0404,24992.1855,24,0
48090.0000,4809,1999,2.7000,0,999,1000,1,21650.0644,0.0000,0.8977,3338.8789,0.0000,0.1218,11.4913,0.0000,0.0209,25000.4346,0.0000,1.0404,25000.4355,24,0
48100.0000,4810,2001,2.7000,1,1000,1000,1,21653.8376,0.0000,0.8977,3338.3986,0.0000,0.1218,11.4889,0.0000,0.0209,25003.7250,0.0000,1.0404,25003.7246,24,0
48110.0000,4811,2001,2.7000,1,1000,1000,1,21660.6943,0.0000,0.8977,3339.0694,0.0000,0.1218,11.4865,0.0000,0.0208,25011.2502,0.0000,1.0404,25011.2500,24,0
48120.0000,4812,1998,2.7000,0,998,1000,1,21660.7025,0.0000,0.8977,3340.4296,0.0000,0.1219,11.4841,0.0000,0.0208,25012.6161,0.0000,1.0405,25012.6152,24,0
48130.0000,4813,2006,2.7000,6,1000,1000,1,21669.3454,0.0000,0.8977,3340.0740,0.0000,0.1219,11.4817,0.0000,0.0208,25020.9011,0.0000,1.0405,25020.9004,25,0
48140.0000,4814,2003,2.7000,3,1000,1000,1,21674.4814,0.0000,0.8977,3339.3802,0.0000,0.1219,11.4793,0.0000,0.0208,25025.3409,0.0000,1.0404,25025.3418,24,0
48150.0000,4815,2003,2.7000,3,1000,1000,1,21677.6689,0.0000,0.8977,3338.6867,0.0000,0.1219,11.4769,0.0000,0.0208,25027.8325,0.0000,1.0404,25027.8320,24,0
48160.0000,4816,2004,2.7000,4,1000,1000,1,21682.3469,0.0000,0.8978,3337.9934,0.0000,0.1218,11.4745,0.0000,0.0208,25031.8149,0.0000,1.0404,25031.8145,24,0
48170.0000,4817,2001,2.7000,1,1000,1000,1,21685.8236,0.0000,0.8977,3342.6767,0.0000,0.1218,11.4722,0.0000,0.0208,25039.9725,0.0000,1.0404,25039.9727,24,0
48180.0000,4818,1997,2.7000,1,996,1000,1,21689.5447,0.0000,0.8976,3343.4813,0.0000,0.1219,11.4698,0.0000,0.0208,25044.4958,0.0000,1.0404,25044.4961,24,0
48190.0000,4819,2001,2.7000,1,1000,1000,1,21696.6761,0.0000,0.8976,3343.6240,0.0000,0.1220,11.4674,0.0000,0.0208,25051.7675,0.0000,1.0404,25051.7676,24,0
48200.0000,4820,2004,2.7000,4,1000,1000,1,21701.3312,0.0000,0.8977,3342.9303,0.0000,0.1220,11.4650,0.0000,0.0208,25055.7265,0.0000,1.0404,25055.7266,24,0
48210.0000,4821,2000,2.7000,1,999,1000,1,21705.6396,0.0000,0.8976,3342.2369,0.0000,0.1219,11.4626,0.0000,0.0208,25059.3391,0.0000,1.0403,25059.3398,24,0
48220.0000,4822,2000,2.7000,0,1000,1000,1,21709.8251,0.0000,0.8975,3345.6902,0.0000,0.1221,11.4603,0.0000,0.0208,25066.9756,0.0000,1.0404,25066.9746,24,0
48230.0000,4823,1998,2.7000,0,998,1000,1,21714.4569,0.0000,0.8974,3345.5693,0.0000,0.1221,11.4579,0.0000,0.0208,25071.4841,0.0000,1.0403,25071.4844,24,0
48240.0000,4824,2004,2.7000,4,1000,1000,1,21717.2897,0.0000,0.8974,3345.9248,0.0000,0.1222,11.4555,0.0000,0.0208,25074.6700,0.0000,1.0404,25074.6699,24,0
48250.0000,4825,2007,2.7000,7,1000,1000,1,21723.2360,0.0000,0.8975,3345.2314,0.0000,0.1222,11.4531,0.0000,0.0208,25079.9205,0.0000,1.0404,25079.9199,25,0
48260.0000,4826,2009,2.7000,9,1000,1000,1,21726.8863,0.0000,0.8975,3344.5382,0.0000,0.1221,11.4508,0.0000,0.0208,25082.8752,0.0000,1.0404,25082.8750,25,0
48270.0000,4827,2011,2.7000,11,1000,1000,1,21730.6460,0.0000,0.8976,3343.8453,0.0000,0.1221,11.4484,0.0000,0.0208,25085.9397,0.0000,1.0404,25085.9395,25,0
48280.0000,4828,2016,2.7000,16,1000,1000,1,21736.7070,0.0000,0.8976,3343.1527,0.0000,0.1221,11.4460,0.0000,0.0208,25091.3057,0.0000,1.0405,25091.3066,25,0
48290.0000,4829,2013,2.7000,13,1000,1000,1,21741.5725,0.0000,0.8976,3342.4604,0.0000,0.1221,11.4437,0.0000,0.0208,25095.4766,0.0000,1.0404,25095.4766,25,0
48300.0000,4830,2009,2.7000,9,1000,1000,1,21745.1657,0.0000,0.8975,3341.7684,0.0000,0.1220,11.4413,0.0000,0.0208,25098.3753,0.0000,1.0403,25098.3750,25,0
48310.0000,4831,2011,2.7000,11,1000,1000,1,21748.9273,0.0000,0.8974,3341.0767,0.0000,0.1220,11.4389,0.0000,0.0208,25101.4429,0.0000,1.0402,25101.4434,25,0
48320.0000,4832,2009,2.7000,9,1000,1000,1,21754.7945,0.0000,0.8974,3340.3852,0.0000,0.1220,11.4366,0.0000,0.0208,25106.6163,0.0000,1.0401,25106.6172,25,0
48330.0000,4833,2005,2.7000,5,1000,1000,1,21759.1190,0.0000,0.8973,3339.6941,0.0000,0.1220,11.4342,0.0000,0.0208,25110.2472,0.0000,1.0400,25110.2480,24,0
48340.0000,4834,2004,2.7000,4,1000,1000,1,21762.9613,0.0000,0.8973,3339.0032,0.0000,0.1219,11.4318,0.0000,0.0207,25113.3963,0.0000,1.0400,25113.3965,24,0
48350.0000,4835,2007,2.7000,7,1000,1000,1,21768.2536,0.0000,0.8973,3338.3126,0.0000,0.1219,11.4295,0.0000,0.0207,25117.9956,0.0000,1.0399,25117.9961,25,0
48360.0000,4836,2003,2.7000,3,1000,1000,1,21772.1468,0.0000,0.8972,3352.9684,0.0000,0.1219,11.4271,0.0000,0.0207,25136.5423,0.0000,1.0399,25136.5430,24,0
48370.0000,4837,2003,2.7000,3,1000,1000,1,21776.7199,0.0000,0.8972,3352.2752,0.0000,0.1219,11.4247,0.0000,0.0207,25140.4199,0.0000,1.0399,25140.4199,24,0
48380.0000,4838,2003,2.7000,3,1000,1000,1,21780.7508,0.0000,0.8972,3351.5823,0.0000,0.1219,11.4224,0.0000,0.0207,25143.7555,0.0000,1.0398,25143.7559,24,0
48390.0000,4839,2003,2.7000,3,1000,1000,1,21785.6929,0.0000,0.8973,3350.8897,0.0000,0.1218,11.4200,0.0000,0.0207,25148.0026,0.0000,1.0399,25148.0020,24,0
48400.0000,4840,2008,2.7000,8,1000,1000,1,21790.3526,0.0000,0.8973,3350.1974,0.0000,0.1218,11.4176,0.0000,0.0207,25151.9676,0.0000,1.0399,25151.9668,25,0
48410.0000,4841,2006,2.7000,6,1000,1000,1,21795.1689,0.0000,0.8974,3349.5053,0.0000,0.1218,11.4153,0.0000,0.0207,25156.0895,0.0000,1.0399,25156.0898,25,0
48420.0000,4842,2013,2.7000,13,1000,1000,1,21799.2219,0.0000,0.8974,3348.8136,0.0000,0.1218,11.4129,0.0000,0.0207,25159.4484,0.0000,1.0399,25159.4492,25,0
48430.0000,4843,2013,2.7000,13,1000,1000,1,21803.3740,0.0000,0.8973,3348.1221,0.0000,0.1217,11.4106,0.0000,0.0207,25162.9067,0.0000,1.0398,25162.9062,25,0
48440.0000,4844,2003,2.7000,3,1000,1000,1,21805.7928,0.0000,0.8973,3347.4309,0.0000,0.1217,11.4082,0.0000,0.0207,25164.6320,0.0000,1.0397,25164.6328,24,0
48450.0000,4845,2003,2.7000,3,1000,1000,1,21811.9922,0.0000,0.8972,3346.7400,0.0000,0.1217,11.4059,0.0000,0.0207,25170.1381,0.0000,1.0396,25170.1387,24,0
48460.0000,4846,1999,2.7000,0,999,1000,1,21817.4871,0.0000,0.8972,3346.0494,0.0000,0.1217,11.4035,0.0000,0.0207,25174.9400,0.0000,1.0395,25174.9395,24,0
48470.0000,4847,2005,2.7000,5,1000,1000,1,21821.9029,0.0000,0.8972,3358.3224,0.0000,0.1217,11.4012,0.0000,0.0207,25191.6265,0.0000,1.0397,25191.6270,24,0
48480.0000,4848,2009,2.7000,9,1000,1000,1,21826.4221,0.0000,0.8973,3357.6296,0.0000,0.1217,11.3988,0.0000,0.0207,25195.4505,0.0000,1.0397,25195.4512,25,0
48490.0000,4849,2011,2.7000,11,1000,1000,1,21831.0082,0.0000,0.8974,3356.9372,0.0000,0.1217,11.3965,0.0000,0.0207,25199.3419,0.0000,1.0397,25199.3418,25,0
48500.0000,4850,1997,2.7000,0,997,1000,1,21834.8639,0.0000,0.8973,3360.3972,0.0000,0.1217,11.3941,0.0000,0.0207,25206.6552,0.0000,1.0396,25206.6543,24,0
48510.0000,4851,2003,2.7000,4,999,1000,1,21839.7296,0.0000,0.8973,3360.5822,0.0000,0.1218,11.3918,0.0000,0.0207,25211.7036,0.0000,1.0398,25211.7031,24,0
48520.0000,4852,1999,2.7000,0,999,1000,1,21842.9872,0.0000,0.8973,3360.2786,0.0000,0.1218,11.3894,0.0000,0.0207,25214.6551,0.0000,1.0398,25214.6543,24,0
48530.0000,4853,1999,2.7000,1,998,1000,1,21848.8047,0.0000,0.8972,3361.9939,0.0000,0.1219,11.3871,0.0000,0.0207,25222.1857,0.0000,1.0398,25222.1855,24,0
48540.0000,4854,2000,2.7000,0,1000,1000,1,21852.0466,0.0000,0.8972,3362.1668,0.0000,0.1219,11.3847,0.0000,0.0207,25225.5981,0.0000,1.0398,25225.5977,24,0
48550.0000,4855,2001,2.7000,3,998,1000,1,21857.8090,0.0000,0.8972,3362.8343,0.0000,0.1220,11.3824,0.0000,0.0207,25232.0257,0.0000,1.0399,25232.0254,24,0
48560.0000,4856,2011,2.7000,11,1000,1000,1,21860.8157,0.0000,0.8973,3363.3447,0.0000,0.1220,11.3800,0.0000,0.0207,25235.5405,0.0000,1.0400,25235.5410,25,0
48570.0000,4857,2011,2.7000,11,1000,1000,1,21865.1536,0.0000,0.8973,3362.6523,0.0000,0.1220,11.3777,0.0000,0.0207,25239.1835,0.0000,1.0399,25239.1836,25,0
48580.0000,4858,2009,2.7000,9,1000,1000,1,21869.5668,0.0000,0.8973,3361.9601,0.0000,0.1220,11.3753,0.0000,0.0206,25242.9022,0.0000,1.0399,25242.9023,25,0
48590.0000,4859,2005,2.7000,5,1000,1000,1,21874.2627,0.0000,0.8972,3361.2682,0.0000,0.1219,11.3730,0.0000,0.0206,25246.9038,0.0000,1.0398,25246.9043,24,0
48600.0000,4860,2004,2.7000,4,1000,1000,1,21879.4709,0.0000,0.8972,3360.5765,0.0000,0.1219,11.3707,0.0000,0.0206,25251.4181,0.0000,1.0398,25251.4180,24,0
48610.0000,4861,2002,2.7000,2,1000,1000,1,21882.2880,0.0000,0.8972,3359.8852,0.0000,0.1219,11.3683,0.0000,0.0206,25253.5415,0.0000,1.0397,25253.5410,24,0
48620.0000,4862,2001,2.7000,1,1000,1000,1,21889.0209,0.0000,0.8971,3366.5106,0.0000,0.1219,11.3660,0.0000,0.0206,25266.8975,0.0000,1.0397,25266.8984,24,0
48630.0000,4863,1999,2.7000,0,999,1000,1,21891.0823,0.0000,0.8972,3365.8184,0.0000,0.1219,11.3636,0.0000,0.0206,25268.2643,0.0000,1.0397,25268.2637,24,0
48640.0000,4864,1997,2.7000,2,995,1000,1,21895.8832,0.0000,0.8971,3367.5125,0.0000,0.1220,11.3613,0.0000,0.0206,25274.7571,0.0000,1.0397,25274.7578,24,0
48650.0000,4865,2002,2.7000,8,994,1000,1,21902.3226,0.0000,0.8972,3367.5836,0.0000,0.1220,11.3590,0.0000,0.0206,25281.2651,0.0000,1.0398,25281.2656,25,0
48660.0000,4866,2011,2.7000,11,1000,1000,1,21907.0484,0.0000,0.8972,3368.5505,0.0000,0.1221,11.3566,0.0000,0.0206,25286.9555,0.0000,1.0398,25286.9551,25,0
48670.0000,4867,2004,2.7000,4,1000,1000,1,21909.6685,0.0000,0.8971,3367.8584,0.0000,0.1220,11.3543,0.0000,0.0206,25288.8813,0.0000,1.0397,25288.8809,24,0
48680.0000,4868,2004,2.7000,4,1000,1000,1,21914.8508,0.0000,0.8970,3367.1666,0.0000,0.1220,11.3520,0.0000,0.0206,25293.3693,0.0000,1.0396,25293.3691,24,0
48690.0000,4869,2005,2.7000,5,1000,1000,1,21920.3430,0.0000,0.8970,3366.4750,0.0000,0.1220,11.3496,0.0000,0.0206,25298.1676,0.0000,1.0396,25298.1680,24,0
48700.0000,4870,2003,2.7000,3,1000,1000,1,21924.1011,0.0000,0.8970,3365.7837,0.0000,0.1220,11.3473,0.0000,0.0206,25301.2322,0.0000,1.0396,25301.2324,24,0
48710.0000,4871,2000,2.7000,0,1000,1000,1,21928.3013,0.0000,0.8970,3371.3301,0.0000,0.1220,11.3450,0.0000,0.0206,25310.9764,0.0000,1.0396,25310.9766,24,0
48720.0000,4872,2004,2.7000,4,1000,1000,1,21933.8454,0.0000,0.8971,3370.6381,0.0000,0.1219,11.3427,0.0000,0.0206,25315.8262,0.0000,1.0396,25315.8262,24,0
48730.0000,4873,1999,2.7000,0,999,1000,1,21934.6363,0.0000,0.8970,3372.3868,0.0000,0.1220,11.3403,0.0000,0.0206,25318.3634,0.0000,1.0396,25318.3633,24,0
48740.0000,4874,2002,2.7000,3,999,1000,1,21942.3580,0.0000,0.8970,3373.0817,0.0000,0.1221,11.3380,0.0000,0.0206,25326.7777,0.0000,1.0397,25326.7773,24,0
48750.0000,4875,2002,2.7000,2,1000,1000,1,21945.8887,0.0000,0.8970,3373.1880,0.0000,0.1222,11.3357,0.0000,0.0206,25330.4123,0.0000,1.0397,25330.4121,24,0
48760.0000,4876,2000,2.7000,0,1000,1000,1,21948.7055,0.0000,0.8969,3373.5085,0.0000,0.1222,11.3334,0.0000,0.0206,25333.5473,0.0000,1.0397,25333.5469,24,0
48770.0000,4877,2000,2.7000,2,998,1000,1,21955.7733,0.0000,0.8969,3374.2006,0.0000,0.1223,11.3310,0.0000,0.0206,25341.3049,0.0000,1.0397,25341.3047,24,0
48780.0000,4878,2010,2.7000,10,1000,1000,1,21960.6514,0.0000,0.8969,3374.1226,0.0000,0.1223,11.3287,0.0000,0.0206,25346.1027,0.0000,1.0398,25346.1035,25,0
48790.0000,4879,2012,2.7000,12,1000,1000,1,21964.1222,0.0000,0.8970,3373.4310,0.0000,0.1223,11.3264,0.0000,0.0206,25348.8796,0.0000,1.0398,25348.8789,25,0
48800.0000,4880,2014,2.7000,14,1000,1000,1,21969.5889,0.0000,0.8970,3372.7397,0.0000,0.1222,11.3241,0.0000,0.0206,25353.6527,0.0000,1.0398,25353.6523,25,0
48810.0000,4881,2018,2.7000,18,1000,1000,1,21972.6740,0.0000,0.8971,3372.0487,0.0000,0.1222,11.3217,0.0000,0.0205,25356.0444,0.0000,1.0398,25356.0449,25,0
48820.0000,4882,2023,2.7000,23,1000,1000,1,21975.8073,0.0000,0.8972,3371.3580,0.0000,0.1222,11.3194,0.0000,0.0205,25358.4848,0.0000,1.0399,25358.4844,26,0
48830.0000,4883,2019,2.7000,19,1000,1000,1,21982.1155,0.0000,0.8971,3370.6676,0.0000,0.1222,11.3171,0.0000,0.0205,25364.1002,0.0000,1.0398,25364.0996,25,0
48840.0000,4884,2019,2.7000,19,1000,1000,1,21986.7813,0.0000,0.8972,3369.9775,0.0000,0.1221,11.3148,0.0000,0.0205,25368.0736,0.0000,1.0399,25368.0742,25,0
48850.0000,4885,2015,2.7000,15,1000,1000,1,21991.7027,0.0000,0.8972,3369.2876,0.0000,0.1221,11.3125,0.0000,0.0205,25372.3027,0.0000,1.0398,25372.3027,25,0
48860.0000,4886,2012,2.7000,12,1000,1000,1,21995.9471,0.0000,0.8971,3368.5980,0.0000,0.1221,11.3102,0.0000,0.0205,25375.8552,0.0000,1.0397,25375.8555,25,0
48870.0000,4887,2016,2.7000,16,1000,1000,1,22000.2814,0.0000,0.8972,3367.9087,0.0000,0.1221,11.3078,0.0000,0.0205,25379.4980,0.0000,1.0398,25379.4980,25,0
48880.0000,4888,2016,2.7000,16,1000,1000,1,22004.0705,0.0000,0.8972,3367.2197,0.0000,0.1220,11.3055,0.0000,0.0205,25382.5957,0.0000,1.0398,25382.5957,25,0
48890.0000,4889,2015,2.7000,15,1000,1000,1,22009.4312,0.0000,0.8972,3366.5310,0.0000,0.1220,11.3032,0.0000,0.0205,25387.2654,0.0000,1.0397,25387.2656,25,0
48900.0000,4890,2023,2.7000,23,1000,1000,1,22013.7995,0.0000,0.8973,3365.8425,0.0000,0.1220,11.3009,0.0000,0.0205,25390.9429,0.0000,1.0398,25390.9434,26,0
48910.0000,4891,2024,2.7000,24,1000,1000,1,22018.5476,0.0000,0.8973,3365.1543,0.0000,0.1220,11.2986,0.0000,0.0205,25395.0006,0.0000,1.0398,25395.0000,26,0
48920.0000,4892,2020,2.7000,20,1000,1000,1,22020.8558,0.0000,0.8973,3364.4665,0.0000,0.1219,11.2963,0.0000,0.0205,25396.6185,0.0000,1.0398,25396.6191,25,0
48930.0000,4893,2014,2.7000,14,1000,1000,1,22026.8578,0.0000,0.8973,3363.7788,0.0000,0.1219,11.2940,0.0000,0.0205,25401.9307,0.0000,1.0398,25401.9316,25,0
48940.0000,4894,2010,2.7000,10,1000,1000,1,22031.0488,0.0000,0.8973,3363.0915,0.0000,0.1219,11.2917,0.0000,0.0205,25405.4320,0.0000,1.0397,25405.4316,25,0
48950.0000,4895,2016,2.7000,16,1000,1000,1,22036.4034,0.0000,0.8973,3362.4045,0.0000,0.1219,11.2894,0.0000,0.0205,25410.0972,0.0000,1.0397,25410.0977,25,0
48960.0000,4896,2007,2.7000,7,1000,1000,1,22040.5594,0.0000,0.8973,3361.7177,0.0000,0.1218,11.2871,0.0000,0.0205,25413.5642,0.0000,1.0396,25413.5645,25,0
48970.0000,4897,2006,2.7000,6,1000,1000,1,22043.3618,0.0000,0.8973,3361.0312,0.0000,0.1218,11.2848,0.0000,0.0205,25415.6778,0.0000,1.0396,25415.6777,25,0
48980.0000,4898,2008,2.7000,8,1000,1000,1,22049.9433,0.0000,0.8973,3360.3450,0.0000,0.1218,11.2824,0.0000,0.0205,25421.5707,0.0000,1.0396,25421.5703,25,0
48990.0000,4899,2002,2.7000,2,1000,1000,1,22050.8283,0.0000,0.8972,3359.6591,0.0000,0.1218,11.2801,0.0000,0.0205,25421.7676,0.0000,1.0395,25421.7676,24,0
49000.0000,4900,2006,2.7000,6,1000,1000,1,22058.8379,0.0000,0.8973,3358.9734,0.0000,0.1217,11.2778,0.0000,0.0205,25429.0892,0.0000,1.0395,25429.0898,25,0
49010.0000,4901,1998,2.7000,1,997,1000,1,22063.1677,0.0000,0.8972,3387.0154,0.0000,0.1218,11.2755,0.0000,0.0205,25461.4586,0.0000,1.0394,25461.4590,24,0
49020.0000,4902,2003,2.7000,3,1000,1000,1,22067.5787,0.0000,0.8972,3387.8523,0.0000,0.1219,11.2732,0.0000,0.0205,25466.7042,0.0000,1.0396,25466.7051,24,0
49030.0000,4903,2000,2.7000,0,1000,1000,1,22069.4832,0.0000,0.8971,3387.8368,0.0000,0.1219,11.2709,0.0000,0.0205,25468.5910,0.0000,1.0394,25468.5918,24,0
49040.0000,4904,1999,2.7000,0,999,1000,1,22075.7136,0.0000,0.8971,3388.8604,0.0000,0.1219,11.2686,0.0000,0.0205,25475.8427,0.0000,1.0395,25475.8418,24,0
49050.0000,4905,2008,2.7000,8,1000,1000,1,22081.0150,0.0000,0.8972,3389.3832,0.0000,0.1220,11.2663,0.0000,0.0204,25481.6645,0.0000,1.0396,25481.6641,25,0
49060.0000,4906,2008,2.7000,8,1000,1000,1,22085.8425,0.0000,0.8972,3388.6923,0.0000,0.1220,11.2640,0.0000,0.0204,25485.7988,0.0000,1.0396,25485.7988,25,0
49070.0000,4907,2006,2.7000,6,1000,1000,1,22087.7816,0.0000,0.8972,3388.0017,0.0000,0.1219,11.2618,0.0000,0.0204,25487.0451,0.0000,1.0395,25487.0449,25,0
49080.0000,4908,2009,2.7000,9,1000,1000,1,22094.2267,0.0000,0.8971,3387.3114,0.0000,0.1219,11.2595,0.0000,0.0204,25492.7975,0.0000,1.0395,25492.7969,25,0
49090.0000,4909,2009,2.7000,9,1000,1000,1,22098.6337,0.0000,0.8971,3386.6214,0.0000,0.1219,11.2572,0.0000,0.0204,25496.5123,0.0000,1.0394,25496.5117,25,0
49100.0000,4910,2005,2.7000,5,1000,1000,1,22103.2476,0.0000,0.8971,3385.9317,0.0000,0.1219,11.2549,0.0000,0.0204,25500.4342,0.0000,1.0394,25500.4336,24,0
49110.0000,4911,2002,2.7000,2,1000,1000,1,22107.4827,0.0000,0.8971,3385.2422,0.0000,0.1218,11.2526,0.0000,0.0204,25503.9775,0.0000,1.0393,25503.9766,24,0
49120.0000,4912,1999,2.7000,0,999,1000,1,22109.5452,0.0000,0.8970,3393.1456,0.0000,0.1220,11.2503,0.0000,0.0204,25513.9411,0.0000,1.0394,25513.9414,24,0
49130.0000,4913,2003,2.7000,3,1000,1000,1,22114.5888,0.0000,0.8970,3393.0132,0.0000,0.1220,11.2480,0.0000,0.0204,25518.8500,0.0000,1.0394,25518.8496,24,0
49140.0000,4914,2005,2.7000,5,1000,1000,1,22121.1875,0.0000,0.8971,3392.3228,0.0000,0.1220,11.2457,0.0000,0.0204,25524.7560,0.0000,1.0395,25524.7559,24,0
49150.0000,4915,1999,2.7000,1,998,1000,1,22125.3004,0.0000,0.8970,3394.7096,0.0000,0.1220,11.2434,0.0000,0.0204,25531.2534,0.0000,1.0395,25531.2539,24,0
49160.0000,4916,2000,2.7000,0,1000,1000,1,22125.9543,0.0000,0.8970,3395.0767,0.0000,0.1221,11.2411,0.0000,0.0204,25532.2722,0.0000,1.0395,25532.2715,24,0
49170.0000,4917,2003,2.7000,3,1000,1000,1,22133.2167,0.0000,0.8970,3395.2263,0.0000,0.1221,11.2389,0.0000,0.0204,25539.6818,0.0000,1.0395,25539.6816,24,0
49180.0000,4918,2003,2.7000,3,1000,1000,1,22137.6994,0.0000,0.8970,3395.7679,0.0000,0.1221,11.2366,0.0000,0.0204,25544.7039,0.0000,1.0395,25544.7031,24,0
49190.0000,4919,2007,2.7000,7,1000,1000,1,22142.7620,0.0000,0.8970,3395.0775,0.0000,0.1221,11.2343,0.0000,0.0204,25549.0738,0.0000,1.0395,25549.0742,25,0
49200.0000,4920,2003,2.7000,3,1000,1000,1,22148.3706,0.0000,0.8970,3394.3875,0.0000,0.1221,11.2320,0.0000,0.0204,25553.9901,0.0000,1.0394,25553.9902,24,0
49210.0000,4921,2000,2.7000,0,1000,1000,1,22150.5448,0.0000,0.8969,3393.6977,0.0000,0.1220,11.2297,0.0000,0.0204,25555.4722,0.0000,1.0393,25555.4727,24,0
49220.0000,4922,2004,2.7000,4,1000,1000,1,22156.2048,0.0000,0.8970,3398.1542,0.0000,0.1221,11.2274,0.0000,0.0204,25565.5865,0.0000,1.0394,25565.5859,24,0
49230.0000,4923,2005,2.7000,5,1000,1000,1,22161.3973,0.0000,0.8970,3398.4041,0.0000,0.1221,11.2252,0.0000,0.0204,25571.0265,0.0000,1.0395,25571.0273,24,0
49240.0000,4924,2000,2.7000,0,1000,1000,1,22161.0334,0.0000,0.8969,3397.7139,0.0000,0.1221,11.2229,0.0000,0.0204,25569.9701,0.0000,1.0394,25569.9707,24,0
49250.0000,4925,2001,2.7000,2,999,1000,1,22170.6413,0.0000,0.8970,3399.7525,0.0000,0.1221,11.2206,0.0000,0.0204,25581.6144,0.0000,1.0394,25581.6152,24,0
49260.0000,4926,2009,2.7000,9,1000,1000,1,22174.7441,0.0000,0.8971,3400.2672,0.0000,0.1221,11.2183,0.0000,0.0204,25586.2296,0.0000,1.0396,25586.2305,25,0
49270.0000,4927,2001,2.7000,2,999,1000,1,22179.6138,0.0000,0.8972,3401.0406,0.0000,0.1221,11.2160,0.0000,0.0204,25591.8705,0.0000,1.0397,25591.8711,24,0
49280.0000,4928,2007,2.7000,7,1000,1000,1,22183.8702,0.0000,0.8972,3400.8792,0.0000,0.1222,11.2138,0.0000,0.0204,25595.9632,0.0000,1.0398,25595.9629,25,0
49290.0000,4929,2005,2.7000,5,1000,1000,1,22188.4370,0.0000,0.8972,3400.1893,0.0000,0.1222,11.2115,0.0000,0.0203,25599.8377,0.0000,1.0397,25599.8379,24,0
49300.0000,4930,2005,2.7000,5,1000,1000,1,22191.9039,0.0000,0.8972,3399.4996,0.0000,0.1221,11.2092,0.0000,0.0203,25602.6127,0.0000,1.0397,25602.6133,24,0
49310.0000,4931,2003,2.7000,3,1000,1000,1,22197.3400,0.0000,0.8972,3398.8102,0.0000,0.1221,11.2069,0.0000,0.0203,25607.3571,0.0000,1.0396,25607.3574,24,0
49320.0000,4932,2001,2.7000,1,1000,1000,1,22201.7771,0.0000,0.8971,3398.1210,0.0000,0.1221,11.2047,0.0000,0.0203,25611.1028,0.0000,1.0395,25611.1035,24,0
49330.0000,4933,2004,2.7000,4,1000,1000,1,22205.4389,0.0000,0.8971,3403.9799,0.0000,0.1221,11.2024,0.0000,0.0203,25620.6212,0.0000,1.0396,25620.6211,24,0
49340.0000,4934,2005,2.7000,5,1000,1000,1,22209.7575,0.0000,0.8972,3404.4544,0.0000,0.1221,11.2001,0.0000,0.0203,25625.4121,0.0000,1.0396,25625.4121,24,0
49350.0000,4935,2007,2.7000,7,1000,1000,1,22213.5854,0.0000,0.8972,3403.7646,0.0000,0.1221,11.1979,0.0000,0.0203,25628.5478,0.0000,1.0396,25628.5469,25,0
49360.0000,4936,2002,2.7000,2,1000,1000,1,22219.1026,0.0000,0.8971,3403.0750,0.0000,0.1221,11.1956,0.0000,0.0203,25633.3732,0.0000,1.0395,25633.3730,24,0
49370.0000,4937,1997,2.7000,2,995,1000,1,22224.3215,0.0000,0.8972,3406.1311,0.0000,0.1221,11.1933,0.0000,0.0203,25641.6459,0.0000,1.0396,25641.6465,24,0
49380.0000,4938,2002,2.7000,3,999,1000,1,22228.6478,0.0000,0.8971,3406.7302,0.0000,0.1222,11.1911,0.0000,0.0203,25646.5691,0.0000,1.0397,25646.5684,24,0
49390.0000,4939,2001,2.7000,1,1000,1000,1,22233.0727,0.0000,0.8971,3407.4558,0.0000,0.1222,11.1888,0.0000,0.0203,25651.7172,0.0000,1.0396,25651.7168,24,0
49400.0000,4940,2001,2.7000,1,1000,1000,1,22235.4061,0.0000,0.8971,3407.3860,0.0000,0.1222,11.1865,0.0000,0.0203,25653.9786,0.0000,1.0396,25653.9785,24,0
49410.0000,4941,2004,2.7000,4,1000,1000,1,22241.5663,0.0000,0.8972,3406.6964,0.0000,0.1222,11.1843,0.0000,0.0203,25659.4469,0.0000,1.0397,25659.4473,24,0
49420.0000,4942,2007,2.7000,7,1000,1000,1,22246.3129,0.0000,0.8972,3408.8156,0.0000,0.1223,11.1820,0.0000,0.0203,25666.3105,0.0000,1.0398,25666.3105,25,0
49430.0000,4943,2008,2.7000,8,1000,1000,1,22251.0833,0.0000,0.8972,3408.1260,0.0000,0.1222,11.1797,0.0000,0.0203,25670.3890,0.0000,1.0398,25670.3887,25,0
49440.0000,4944,2006,2.7000,6,1000,1000,1,22251.7913,0.0000,0.8972,3407.4366,0.0000,0.1222,11.1775,0.0000,0.0203,25670.4054,0.0000,1.0397,25670.4062,25,0
49450.0000,4945,2009,2.7000,9,1000,1000,1,22259.7684,0.0000,0.8972,3406.7475,0.0000,0.1222,11.1752,0.0000,0.0203,25677.6911,0.0000,1.0397,25677.6914,25,0
49460.0000,4946,2008,2.7000,8,1000,1000,1,22263.7092,0.0000,0.8973,3406.0588,0.0000,0.1222,11.1730,0.0000,0.0203,25680.9409,0.0000,1.0397,25680.9414,25,0
49470.0000,4947,2016,2.7000,16,1000,1000,1,22268.6120,0.0000,0.8974,3405.3702,0.0000,0.1221,11.1707,0.0000,0.0203,25685.1529,0.0000,1.0398,25685.1523,25,0
49480.0000,4948,2013,2.7000,13,1000,1000,1,22272.7117,0.0000,0.8974,3404.6820,0.0000,0.1221,11.1684,0.0000,0.0203,25688.5621,0.0000,1.0398,25688.5625,25,0
49490.0000,4949,2020,2.7000,20,1000,1000,1,22277.9196,0.0000,0.8976,3403.9941,0.0000,0.1221,11.1662,0.0000,0.0203,25693.0799,0.0000,1.0399,25693.0801,25,0
49500.0000,4950,2021,2.7000,21,1000,1000,1,22282.4691,0.0000,0.8976,3403.3064,0.0000,0.1221,11.1639,0.0000,0.0203,25696.9394,0.0000,1.0399,25696.9395,26,0
49510.0000,4951,2021,2.7000,21,1000,1000,1,22286.6309,0.0000,0.8976,3402.6190,0.0000,0.1220,11.1617,0.0000,0.0203,25700.4115,0.0000,1.0399,25700.4121,26,0
49520.0000,4952,2014,2.7000,14,1000,1000,1,22291.1587,0.0000,0.8976,3401.9319,0.0000,0.1220,11.1594,0.0000,0.0203,25704.2499,0.0000,1.0399,25704.2500,25,0
49530.0000,4953,2007,2.7000,7,1000,1000,1,22295.4718,0.0000,0.8976,3401.2450,0.0000,0.1220,11.1572,0.0000,0.0203,25707.8740,0.0000,1.0398,25707.8730,25,0
49540.0000,4954,2000,2.7000,0,1000,1000,1,22298.1621,0.0000,0.8975,3415.4652,0.0000,0.1220,11.1549,0.0000,0.0202,25724.7822,0.0000,1.0397,25724.7832,24,0
49550.0000,4955,1996,2.7000,0,996,1000,1,22304.4794,0.0000,0.8974,3415.9559,0.0000,0.1221,11.1527,0.0000,0.0202,25731.5880,0.0000,1.0397,25731.5879,24,0
49560.0000,4956,2001,2.7000,1,1000,1000,1,22309.1958,0.0000,0.8974,3415.8552,0.0000,0.1221,11.1504,0.0000,0.0202,25736.2014,0.0000,1.0398,25736.2012,24,0
49570.0000,4957,2003,2.7000,3,1000,1000,1,22312.8080,0.0000,0.8974,3416.7519,0.0000,0.1222,11.1482,0.0000,0.0202,25740.7081,0.0000,1.0398,25740.7090,24,0
49580.0000,4958,2002,2.7000,3,999,1000,1,22317.8608,0.0000,0.8974,3417.5494,0.0000,0.1222,11.1459,0.0000,0.0202,25746.5561,0.0000,1.0398,25746.5566,24,0
49590.0000,4959,2005,2.7000,5,1000,1000,1,22322.7496,0.0000,0.8974,3416.9635,0.0000,0.1222,11.1437,0.0000,0.0202,25750.8568,0.0000,1.0398,25750.8574,24,0
49600.0000,4960,2009,2.7000,9,1000,1000,1,22327.1251,0.0000,0.8974,3416.2746,0.0000,0.1222,11.1414,0.0000,0.0202,25754.5412,0.0000,1.0398,25754.5410,25,0
49610.0000,4961,2009,2.7000,9,1000,1000,1,22330.3092,0.0000,0.8974,3415.5860,0.0000,0.1222,11.1392,0.0000,0.0202,25757.0344,0.0000,1.0398,25757.0352,25,0
49620.0000,4962,2001,2.7000,1,1000,1000,1,22333.6952,0.0000,0.8973,3414.8977,0.0000,0.1221,11.1369,0.0000,0.0202,25759.7297,0.0000,1.0396,25759.7305,24,0
49630.0000,4963,2007,2.7000,7,1000,1000,1,22338.6746,0.0000,0.8974,3414.2096,0.0000,0.1221,11.1347,0.0000,0.0202,25764.0189,0.0000,1.0397,25764.0195,25,0
49640.0000,4964,2012,2.7000,12,1000,1000,1,22344.6702,0.0000,0.8975,3413.5218,0.0000,0.1221,11.1324,0.0000,0.0202,25769.3244,0.0000,1.0397,25769.3242,25,0
49650.0000,4965,2013,2.7000,13,1000,1000,1,22349.5159,0.0000,0.8975,3412.8343,0.0000,0.1221,11.1302,0.0000,0.0202,25773.4804,0.0000,1.0398,25773.4805,25,0
49660.0000,4966,2009,2.7000,9,1000,1000,1,22352.2498,0.0000,0.8975,3412.1470,0.0000,0.1220,11.1280,0.0000,0.0202,25775.5248,0.0000,1.0397,25775.5254,25,0
49670.0000,4967,2013,2.7000,13,1000,1000,1,22356.9375,0.0000,0.8975,3411.4601,0.0000,0.1220,11.1257,0.0000,0.0202,25779.5233,0.0000,1.0397,25779.5234,25,0
49680.0000,4968,2009,2.7000,9,1000,1000,1,22362.0093,0.0000,0.8975,3410.7734,0.0000,0.1220,11.1235,0.0000,0.0202,25783.9062,0.0000,1.0397,25783.9062,25,0
49690.0000,4969,2007,2.7000,7,1000,1000,1,22367.1051,0.0000,0.8975,3410.0870,0.0000,0.1220,11.1212,0.0000,0.0202,25788.3133,0.0000,1.0397,25788.3125,25,0
49700.0000,4970,2007,2.7000,7,1000,1000,1,22371.7030,0.0000,0.8975,3409.4008,0.0000,0.1219,11.1190,0.0000,0.0202,25792.2228,0.0000,1.0396,25792.2227,25,0
49710.0000,4971,2007,2.7000,7,1000,1000,1,22374.2677,0.0000,0.8975,3408.7150,0.0000,0.1219,11.1168,0.0000,0.0202,25794.0994,0.0000,1.0396,25794.0996,25,0
49720.0000,4972,2009,2.7000,9,1000,1000,1,22379.6218,0.0000,0.8976,3408.0294,0.0000,0.1219,11.1145,0.0000,0.0202,25798.7657,0.0000,1.0396,25798.7656,25,0
49730.0000,4973,2017,2.7000,17,1000,1000,1,22385.0478,0.0000,0.8977,3407.3441,0.0000,0.1219,11.1123,0.0000,0.0202,25803.5042,0.0000,1.0398,25803.5039,25,0
49740.0000,4974,2018,2.7000,18,1000,1000,1,22389.5890,0.0000,0.8977,3406.6591,0.0000,0.1218,11.1101,0.0000,0.0202,25807.3581,0.0000,1.0397,25807.3574,25,0
49750.0000,4975,2012,2.7000,12,1000,1000,1,22394.1212,0.0000,0.8977,3405.9743,0.0000,0.1218,11.1078,0.0000,0.0202,25811.2033,0.0000,1.0396,25811.2031,25,0
49760.0000,4976,2009,2.7000,9,1000,1000,1,22397.6868,0.0000,0.8976,3405.2898,0.0000,0.1218,11.1056,0.0000,0.0202,25814.0822,0.0000,1.0396,25814.0820,25,0
49770.0000,4977,2007,2.7000,7,1000,1000,1,22402.9867,0.0000,0.8976,3404.6056,0.0000,0.1218,11.1034,0.0000,0.0202,25818.6957,0.0000,1.0396,25818.6953,25,0
49780.0000,4978,2006,2.7000,6,1000,1000,1,22407.5295,0.0000,0.8976,3403.9217,0.0000,0.1217,11.1011,0.0000,0.0201,25822.5523,0.0000,1.0395,25822.5527,25,0
49790.0000,4979,1999,2.7000,0,999,1000,1,22410.9560,0.0000,0.8975,3403.2380,0.0000,0.1217,11.0989,0.0000,0.0201,25825.2929,0.0000,1.0394,25825.2930,24,0
49800.0000,4980,2001,2.7000,1,1000,1000,1,22416.2131,0.0000,0.8975,3429.0871,0.0000,0.1218,11.0967,0.0000,0.0201,25856.3969,0.0000,1.0394,25856.3965,24,0
49810.0000,4981,2000,2.7000,3,997,1000,1,22420.9586,0.0000,0.8974,3429.7618,0.0000,0.1219,11.0944,0.0000,0.0201,25861.8148,0.0000,1.0394,25861.8145,24,0
49820.0000,4982,2007,2.7000,7,1000,1000,1,22424.2900,0.0000,0.8974,3429.4902,0.0000,0.1219,11.0922,0.0000,0.0201,25864.8724,0.0000,1.0395,25864.8730,25,0
49830.0000,4983,2010,2.7000,10,1000,1000,1,22426.6102,0.0000,0.8975,3428.8020,0.0000,0.1219,11.0900,0.0000,0.0201,25866.5022,0.0000,1.0395,25866.5020,25,0
49840.0000,4984,2012,2.7000,12,1000,1000,1,22434.3677,0.0000,0.8975,3428.1140,0.0000,0.1219,11.0878,0.0000,0.0201,25873.5694,0.0000,1.0395,25873.5703,25,0
49850.0000,4985,2003,2.7000,3,1000,1000,1,22438.3153,0.0000,0.8974,3427.4263,0.0000,0.1219,11.0855,0.0000,0.0201,25876.8272,0.0000,1.0394,25876.8281,24,0
49860.0000,4986,2010,2.7000,10,1000,1000,1,22442.7016,0.0000,0.8975,3426.7389,0.0000,0.1218,11.0833,0.0000,0.0201,25880.5238,0.0000,1.0394,25880.5234,25,0
49870.0000,4987,2013,2.7000,13,1000,1000,1,22446.6756,0.0000,0.8975,3426.0518,0.0000,0.1218,11.0811,0.0000,0.0201,25883.8085,0.0000,1.0394,25883.8086,25,0
49880.0000,4988,2013,2.7000,13,1000,1000,1,22450.6018,0.0000,0.8975,3425.3649,0.0000,0.1218,11.0789,0.0000,0.0201,25887.0456,0.0000,1.0394,25887.0449,25,0
49890.0000,4989,2017,2.7000,17,1000,1000,1,22456.0622,0.0000,0.8975,3424.6783,0.0000,0.1218,11.0767,0.0000,0.0201,25891.8171,0.0000,1.0394,25891.8164,25,0
49900.0000,4990,2014,2.7000,14,1000,1000,1,22460.1747,0.0000,0.8975,3423.9920,0.0000,0.1217,11.0744,0.0000,0.0201,25895.2412,0.0000,1.0394,25895.2402,25,0
49910.0000,4991,2015,2.7000,15,1000,1000,1,22465.1384,0.0000,0.8976,3423.3060,0.0000,0.1217,11.0722,0.0000,0.0201,25899.5166,0.0000,1.0394,25899.5176,25,0
49920.0000,4992,2008,2.7000,8,1000,1000,1,22469.6569,0.0000,0.8975,3422.6202,0.0000,0.1217,11.0700,0.0000,0.0201,25903.3471,0.0000,1.0393,25903.3477,25,0
49930.0000,4993,2009,2.7000,9,1000,1000,1,22474.1854,0.0000,0.8975,3421.9347,0.0000,0.1217,11.0678,0.0000,0.0201,25907.1880,0.0000,1.0393,25907.1875,25,0
49940.0000,4994,2006,2.7000,6,1000,1000,1,22476.7768,0.0000,0.8975,3421.2495,0.0000,0.1216,11.0656,0.0000,0.0201,25909.0919,0.0000,1.0392,25909.0918,25,0
49950.0000,4995,2009,2.7000,9,1000,1000,1,22483.0287,0.0000,0.8976,3420.5646,0.0000,0.1216,11.0633,0.0000,0.0201,25914.6566,0.0000,1.0393,25914.6562,25,0
49960.0000,4996,2003,2.7000,3,1000,1000,1,22487.0839,0.0000,0.8975,3419.8799,0.0000,0.1216,11.0611,0.0000,0.0201,25918.0250,0.0000,1.0392,25918.0254,24,0
49970.0000,4997,2000,2.7000,0,1000,1000,1,22491.5145,0.0000,0.8975,3419.1956,0.0000,0.1216,11.0589,0.0000,0.0201,25921.7690,0.0000,1.0391,25921.7695,24,0
49980.0000,4998,2002,2.7000,2,1000,1000,1,22496.7009,0.0000,0.8974,3438.6643,0.0000,0.1216,11.0567,0.0000,0.0201,25946.4219,0.0000,1.0391,25946.4219,24,0
49990.0000,4999,2000,2.7000,0,1000,1000,1,22500.3798,0.0000,0.8975,3437.9764,0.0000,0.1216,11.0545,0.0000,0.0201,25949.4107,0.0000,1.0391,25949.4102,24,0
50000.0000,5000,2000,2.7000,0,1000,1000,1,22505.3604,0.0000,0.8974,3439.7593,0.0000,0.1217,11.0523,0.0000,0.0201,25956.1721,0.0000,1.0392,25956.1719,24,0
50010.0000,5001,2003,2.7000,3,1000,1000,1,22510.5654,0.0000,0.8974,3440.2613,0.0000,0.1218,11.0501,0.0000,0.0201,25961.8768,0.0000,1.0392,25961.8770,24,0
50020.0000,5002,2005,2.7000,5,1000,1000,1,22513.5141,0.0000,0.8974,3439.5735,0.0000,0.1217,11.0479,0.0000,0.0201,25964.1355,0.0000,1.0392,25964.1348,24,0
50030.0000,5003,2001,2.7000,1,1000,1000,1,22518.1301,0.0000,0.8974,3441.1011,0.0000,0.1217,11.0457,0.0000,0.0200,25970.2769,0.0000,1.0392,25970.2773,24,0
50040.0000,5004,1996,2.7000,1,995,1000,1,22523.7930,0.0000,0.8973,3441.9011,0.0000,0.1218,11.0435,0.0000,0.0200,25976.7376,0.0000,1.0392,25976.7383,24,0
50050.0000,5005,2002,2.7000,2,1000,1000,1,22526.8976,0.0000,0.8973,3442.0536,0.0000,0.1219,11.0412,0.0000,0.0200,25979.9924,0.0000,1.0392,25979.9922,24,0
50060.0000,5006,2000,2.7000,0,1000,1000,1,22531.1591,0.0000,0.8973,3443.0156,0.0000,0.1219,11.0390,0.0000,0.0200,25985.2137,0.0000,1.0393,25985.2129,24,0
50070.0000,5007,2002,2.7000,2,1000,1000,1,22537.3362,0.0000,0.8974,3443.1042,0.0000,0.1219,11.0368,0.0000,0.0200,25991.4773,0.0000,1.0393,25991.4766,24,0
50080.0000,5008,2001,2.7000,1,1000,1000,1,22541.6189,0.0000,0.8973,3444.0465,0.0000,0.1220,11.0346,0.0000,0.0200,25996.7001,0.0000,1.0393,25996.6992,24,0
50090.0000,5009,2000,2.7000,0,1000,1000,1,22545.4361,0.0000,0.8972,3444.5815,0.0000,0.1221,11.0324,0.0000,0.0200,26001.0500,0.0000,1.0392,26001.0508,24,0
50100.0000,5010,2003,2.7000,3,1000,1000,1,22550.7165,0.0000,0.8972,3445.0612,0.0000,0.1221,11.0302,0.0000,0.0200,26006.8079,0.0000,1.0394,26006.8086,24,0
50110.0000,5011,2002,2.7000,2,1000,1000,1,22554.8396,0.0000,0.8973,3444.3737,0.0000,0.1221,11.0280,0.0000,0.0200,26010.2413,0.0000,1.0394,26010.2422,24,0
50120.0000,5012,1999,2.7000,0,999,1000,1,22556.6334,0.0000,0.8972,3446.2299,0.0000,0.1222,11.0258,0.0000,0.0200,26013.8892,0.0000,1.0394,26013.8887,24,0
50130.0000,5013,2000,2.7000,2,998,1000,1,22564.0879,0.0000,0.8971,3446.6080,0.0000,0.1222,11.0236,0.0000,0.0200,26021.7196,0.0000,1.0394,26021.7188,24,0
50140.0000,5014,2000,2.7000,0,1000,1000,1,22566.9664,0.0000,0.8971,3446.4597,0.0000,0.1223,11.0214,0.0000,0.0200,26024.4475,0.0000,1.0394,26024.4473,24,0
50150.0000,5015,1998,2.7000,0,998,1000,1,22572.6303,0.0000,0.8970,3447.8010,0.0000,0.1223,11.0192,0.0000,0.0200,26031.4506,0.0000,1.0393,26031.4512,24,0
50160.0000,5016,2004,2.7000,4,1000,1000,1,22577.1868,0.0000,0.8970,3447.7402,0.0000,0.1223,11.0170,0.0000,0.0200,26035.9440,0.0000,1.0393,26035.9434,24,0
50170.0000,5017,2008,2.7000,8,1000,1000,1,22581.0844,0.0000,0.8970,3447.0529,0.0000,0.1223,11.0148,0.0000,0.0200,26039.1522,0.0000,1.0393,26039.1523,25,0
50180.0000,5018,2002,2.7000,2,1000,1000,1,22586.0943,0.0000,0.8970,3449.4197,0.0000,0.1223,11.0126,0.0000,0.0200,26046.5267,0.0000,1.0393,26046.5273,24,0
50190.0000,5019,2005,2.7000,5,1000,1000,1,22590.5769,0.0000,0.8971,3448.7325,0.0000,0.1223,11.0104,0.0000,0.0200,26050.3198,0.0000,1.0394,26050.3203,24,0
50200.0000,5020,2010,2.7000,10,1000,1000,1,22594.7501,0.0000,0.8971,3448.0455,0.0000,0.1223,11.0083,0.0000,0.0200,26053.8038,0.0000,1.0394,26053.8047,25,0
50210.0000,5021,2005,2.7000,5,1000,1000,1,22598.0091,0.0000,0.8971,3447.3587,0.0000,0.1223,11.0061,0.0000,0.0200,26056.3739,0.0000,1.0394,26056.3730,24,0
50220.0000,5022,2005,2.7000,5,1000,1000,1,22604.3669,0.0000,0.8971,3446.6723,0.0000,0.1222,11.0039,0.0000,0.0200,26062.0431,0.0000,1.0393,26062.0430,24,0
50230.0000,5023,2013,2.7000,13,1000,1000,1,22607.7505,0.0000,0.8972,3445.9861,0.0000,0.1222,11.0017,0.0000,0.0200,26064.7383,0.0000,1.0394,26064.7383,25,0
50240.0000,5024,2004,2.7000,4,1000,1000,1,22613.4848,0.0000,0.8973,3445.3002,0.0000,0.1222,10.9995,0.0000,0.0200,26069.7845,0.0000,1.0394,26069.7852,24,0
50250.0000,5025,2001,2.7000,1,1000,1000,1,22617.2168,0.0000,0.8972,3444.6146,0.0000,0.1222,10.9973,0.0000,0.0200,26072.8287,0.0000,1.0393,26072.8281,24,0
50260.0000,5026,2002,2.7000,2,1000,1000,1,22622.4111,0.0000,0.8972,3453.6935,0.0000,0.1222,10.9951,0.0000,0.0200,26087.0997,0.0000,1.0394,26087.0996,24,0
50270.0000,5027,1996,2.7000,0,996,1000,1,22624.8158,0.0000,0.8971,3453.0065,0.0000,0.1222,10.9929,0.0000,0.0200,26088.8152,0.0000,1.0392,26088.8145,24,0
50280.0000,5028,2004,2.7000,4,1000,1000,1,22631.2612,0.0000,0.8970,3454.4797,0.0000,0.1223,10.9907,0.0000,0.0199,26096.7317,0.0000,1.0393,26096.7324,24,0
50290.0000,5029,2009,2.7000,9,1000,1000,1,22634.8979,0.0000,0.8971,3453.7928,0.0000,0.1223,10.9886,0.0000,0.0199,26099.6792,0.0000,1.0393,26099.6797,25,0
50300.0000,5030,2013,2.7000,13,1000,1000,1,22639.7949,0.0000,0.8971,3453.1062,0.0000,0.1222,10.9864,0.0000,0.0199,26103.8875,0.0000,1.0393,26103.8867,25,0
50310.0000,5031,2017,2.7000,17,1000,1000,1,22644.1313,0.0000,0.8972,3452.4198,0.0000,0.1222,10.9842,0.0000,0.0199,26107.5353,0.0000,1.0393,26107.5352,25,0
50320.0000,5032,2009,2.7000,9,1000,1000,1,22649.1411,0.0000,0.8971,3451.7337,0.0000,0.1222,10.9820,0.0000,0.0199,26111.8569,0.0000,1.0392,26111.8574,25,0
50330.0000,5033,2010,2.7000,10,1000,1000,1,22652.0724,0.0000,0.8971,3451.0479,0.0000,0.1222,10.9798,0.0000,0.0199,26114.1001,0.0000,1.0392,26114.0996,25,0
50340.0000,5034,2012,2.7000,12,1000,1000,1,22657.1192,0.0000,0.8971,3450.3623,0.0000,0.1221,10.9776,0.0000,0.0199,26118.4592,0.0000,1.0392,26118.4590,25,0
50350.0000,5035,2004,2.7000,4,1000,1000,1,22659.8969,0.0000,0.8970,3449.6771,0.0000,0.1221,10.9755,0.0000,0.0199,26120.5495,0.0000,1.0390,26120.5488,24,0
50360.0000,5036,2000,2.7000,0,1000,1000,1,22664.6497,0.0000,0.8970,3459.0217,0.0000,0.1221,10.9733,0.0000,0.0199,26134.6446,0.0000,1.0390,26134.6445,24,0
50370.0000,5037,1996,2.7000,1,995,1000,1,22670.0997,0.0000,0.8970,3459.5855,0.0000,0.1222,10.9711,0.0000,0.0199,26140.6562,0.0000,1.0390,26140.6562,24,0
50380.0000,5038,2002,2.7000,2,1000,1000,1,22675.8314,0.0000,0.8970,3459.0078,0.0000,0.1222,10.9689,0.0000,0.0199,26145.8081,0.0000,1.0392,26145.8086,24,0
50390.0000,5039,2003,2.7000,3,1000,1000,1,22680.0588,0.0000,0.8970,3459.7541,0.0000,0.1222,10.9667,0.0000,0.0199,26150.7797,0.0000,1.0392,26150.7793,24,0
50400.0000,5040,2003,2.7000,3,1000,1000,1,22683.8319,0.0000,0.8970,3459.0677,0.0000,0.1222,10.9646,0.0000,0.0199,26153.8641,0.0000,1.0391,26153.8633,24,0
50410.0000,5041,2001,2.7000,1,1000,1000,1,22689.4730,0.0000,0.8969,3461.7418,0.0000,0.1222,10.9624,0.0000,0.0199,26162.1773,0.0000,1.0391,26162.1777,24,0
50420.0000,5042,1996,2.7000,0,996,1000,1,22692.2238,0.0000,0.8968,3461.9945,0.0000,0.1223,10.9602,0.0000,0.0199,26165.1785,0.0000,1.0390,26165.1777,24,0
50430.0000,5043,2000,2.7000,0,1000,1000,1,22696.7394,0.0000,0.8967,3462.7695,0.0000,0.1224,10.9580,0.0000,0.0199,26170.4670,0.0000,1.0390,26170.4668,24,0
50440.0000,5044,2002,2.7000,3,999,1000,1,22702.0436,0.0000,0.8968,3463.1715,0.0000,0.1225,10.9559,0.0000,0.0199,26176.1709,0.0000,1.0391,26176.1719,24,0
50450.0000,5045,2001,2.7000,1,1000,1000,1,22703.8497,0.0000,0.8967,3462.7391,0.0000,0.1225,10.9537,0.0000,0.0199,26177.5426,0.0000,1.0390,26177.5430,24,0
50460.0000,5046,2002,2.7000,2,1000,1000,1,22711.5518,0.0000,0.8966,3464.2712,0.0000,0.1226,10.9515,0.0000,0.0199,26186.7745,0.0000,1.0391,26186.7754,24,0
50470.0000,5047,2000,2.7000,0,1000,1000,1,22715.6528,0.0000,0.8966,3463.5848,0.0000,0.1226,10.9494,0.0000,0.0199,26190.1870,0.0000,1.0390,26190.1875,24,0
50480.0000,5048,2003,2.7000,3,1000,1000,1,22720.6915,0.0000,0.8966,3462.8986,0.0000,0.1226,10.9472,0.0000,0.0199,26194.5373,0.0000,1.0391,26194.5371,24,0
50490.0000,5049,2004,2.7000,4,1000,1000,1,22724.9746,0.0000,0.8967,3462.2128,0.0000,0.1226,10.9450,0.0000,0.0199,26198.1324,0.0000,1.0391,26198.1328,24,0
50500.0000,5050,2001,2.7000,1,1000,1000,1,22729.4318,0.0000,0.8967,3461.5272,0.0000,0.1225,10.9429,0.0000,0.0199,26201.9018,0.0000,1.0390,26201.9023,24,0
50510.0000,5051,2002,2.7000,2,1000,1000,1,22731.9698,0.0000,0.8967,3466.2368,0.0000,0.1225,10.9407,0.0000,0.0199,26209.1472,0.0000,1.0391,26209.1465,24,0
50520.0000,5052,2000,2.7000,0,1000,1000,1,22737.5605,0.0000,0.8966,3467.4109,0.0000,0.1226,10.9385,0.0000,0.0199,26215.9100,0.0000,1.0390,26215.9102,24,0
50530.0000,5053,2005,2.7000,5,1000,1000,1,22741.8273,0.0000,0.8966,3467.5420,0.0000,0.1226,10.9364,0.0000,0.0198,26220.3057,0.0000,1.0391,26220.3066,24,0
50540.0000,5054,2006,2.7000,6,1000,1000,1,22747.2555,0.0000,0.8967,3466.8559,0.0000,0.1226,10.9342,0.0000,0.0198,26225.0456,0.0000,1.0391,26225.0449,25,0
50550.0000,5055,2010,2.7000,10,1000,1000,1,22750.6868,0.0000,0.8967,3466.1701,0.0000,0.1226,10.9320,0.0000,0.0198,26227.7889,0.0000,1.0391,26227.7891,25,0
50560.0000,5056,2010,2.7000,10,1000,1000,1,22756.3880,0.0000,0.8967,3465.4846,0.0000,0.1225,10.9299,0.0000,0.0198,26232.8025,0.0000,1.0391,26232.8027,25,0
50570.0000,5057,2015,2.7000,15,1000,1000,1,22758.4989,0.0000,0.8967,3464.7993,0.0000,0.1225,10.9277,0.0000,0.0198,26234.2259,0.0000,1.0390,26234.2266,25,0
50580.0000,5058,2018,2.7000,18,1000,1000,1,22765.1993,0.0000,0.8968,3464.1143,0.0000,0.1225,10.9255,0.0000,0.0198,26240.2391,0.0000,1.0391,26240.2383,25,0
50590.0000,5059,2018,2.7000,18,1000,1000,1,22769.4549,0.0000,0.8968,3463.4295,0.0000,0.1225,10.9234,0.0000,0.0198,26243.8078,0.0000,1.0391,26243.8086,25,0
50600.0000,5060,2023,2.7000,23,1000,1000,1,22773.9624,0.0000,0.8968,3462.7450,0.0000,0.1224,10.9212,0.0000,0.0198,26247.6287,0.0000,1.0391,26247.6289,26,0
50610.0000,5061,2023,2.7000,23,1000,1000,1,22778.6065,0.0000,0.8968,3462.0608,0.0000,0.1224,10.9191,0.0000,0.0198,26251.5864,0.0000,1.0390,26251.5859,26,0
50620.0000,5062,2025,2.7000,25,1000,1000,1,22782.9756,0.0000,0.8968,3461.3769,0.0000,0.1224,10.9169,0.0000,0.0198,26255.2694,0.0000,1.0390,26255.2695,26,0
50630.0000,5063,2022,2.7000,22,1000,1000,1,22785.0661,0.0000,0.8968,3460.6932,0.0000,0.1224,10.9148,0.0000,0.0198,26256.6741,0.0000,1.0389,26256.6738,26,0
50640.0000,5064,2028,2.7000,28,1000,1000,1,22791.7914,0.0000,0.8968,3460.0099,0.0000,0.1223,10.9126,0.0000,0.0198,26262.7138,0.0000,1.0390,26262.7129,26,0
50650.0000,5065,2034,2.7000,34,1000,1000,1,22796.5390,0.0000,0.8969,3459.3267,0.0000,0.1223,10.9104,0.0000,0.0198,26266.7762,0.0000,1.0390,26266.7754,26,0
50660.0000,5066,2043,2.7000,43,1000,1000,1,22801.1038,0.0000,0.8971,3458.6439,0.0000,0.1223,10.9083,0.0000,0.0198,26270.6560,0.0000,1.0391,26270.6562,26,0
50670.0000,5067,2036,2.7000,36,1000,1000,1,22804.6905,0.0000,0.8970,3457.9613,0.0000,0.1223,10.9061,0.0000,0.0198,26273.5580,0.0000,1.0390,26273.5586,26,0
50680.0000,5068,2038,2.7000,38,1000,1000,1,22809.3934,0.0000,0.8970,3457.2790,0.0000,0.1222,10.9040,0.0000,0.0198,26277.5764,0.0000,1.0390,26277.5762,26,0
50690.0000,5069,2035,2.7000,35,1000,1000,1,22814.2042,0.0000,0.8969,3456.5969,0.0000,0.1222,10.9018,0.0000,0.0198,26281.7030,0.0000,1.0389,26281.7031,26,0
50700.0000,5070,2022,2.7000,22,1000,1000,1,22811.8670,0.0000,0.8968,3455.9152,0.0000,0.1222,10.8997,0.0000,0.0198,26278.6819,0.0000,1.0388,26278.6816,26,0
50710.0000,5071,2023,2.7000,23,1000,1000,1,22823.1087,0.0000,0.8968,3455.2337,0.0000,0.1222,10.8975,0.0000,0.0198,26289.2399,0.0000,1.0388,26289.2402,26,0
50720.0000,5072,2023,2.7000,23,1000,1000,1,22827.8821,0.0000,0.8968,3454.5524,0.0000,0.1221,10.8954,0.0000,0.0198,26293.3300,0.0000,1.0387,26293.3301,26,0
50730.0000,5073,2015,2.7000,15,1000,1000,1,22832.0783,0.0000,0.8968,3453.8715,0.0000,0.1221,10.8932,0.0000,0.0198,26296.8430,0.0000,1.0387,26296.8438,25,0
50740.0000,5074,2008,2.7000,8,1000,1000,1,22835.7396,0.0000,0.8967,3453.1908,0.0000,0.1221,10.8911,0.0000,0.0198,26299.8215,0.0000,1.0386,26299.8223,25,0
50750.0000,5075,2012,2.7000,12,1000,1000,1,22840.2534,0.0000,0.8967,3452.5103,0.0000,0.1221,10.8890,0.0000,0.0198,26303.6527,0.0000,1.0386,26303.6523,25,0
50760.0000,5076,2012,2.7000,12,1000,1000,1,22845.7727,0.0000,0.8968,3451.8302,0.0000,0.1220,10.8868,0.0000,0.0198,26308.4896,0.0000,1.0386,26308.4902,25,0
50770.0000,5077,2016,2.7000,16,1000,1000,1,22850.2124,0.0000,0.8969,3451.1503,0.0000,0.1220,10.8847,0.0000,0.0198,26312.2473,0.0000,1.0386,26312.2480,25,0
50780.0000,5078,2013,2.7000,13,1000,1000,1,22853.5463,0.0000,0.8968,3450.4706,0.0000,0.1220,10.8825,0.0000,0.0198,26314.8995,0.0000,1.0386,26314.9004,25,0
50790.0000,5079,2017,2.7000,17,1000,1000,1,22859.0855,0.0000,0.8970,3449.7913,0.0000,0.1220,10.8804,0.0000,0.0197,26319.7572,0.0000,1.0387,26319.7578,25,0
50800.0000,5080,2012,2.7000,12,1000,1000,1,22863.2358,0.0000,0.8969,3449.1122,0.0000,0.1219,10.8782,0.0000,0.0197,26323.2262,0.0000,1.0386,26323.2266,25,0
50810.0000,5081,2015,2.7000,15,1000,1000,1,22867.2341,0.0000,0.8970,3448.4334,0.0000,0.1219,10.8761,0.0000,0.0197,26326.5436,0.0000,1.0387,26326.5430,25,0
50820.0000,5082,2005,2.7000,5,1000,1000,1,22871.7825,0.0000,0.8969,3447.7548,0.0000,0.1219,10.8740,0.0000,0.0197,26330.4113,0.0000,1.0386,26330.4121,24,0
50830.0000,5083,2008,2.7000,8,1000,1000,1,22876.4812,0.0000,0.8969,3447.0765,0.0000,0.1219,10.8718,0.0000,0.0197,26334.4295,0.0000,1.0385,26334.4297,25,0
50840.0000,5084,2004,2.7000,4,1000,1000,1,22880.1117,0.0000,0.8969,3446.3985,0.0000,0.1219,10.8697,0.0000,0.0197,26337.3798,0.0000,1.0385,26337.3789,24,0
50850.0000,5085,2009,2.7000,9,1000,1000,1,22883.2397,0.0000,0.8969,3445.7207,0.0000,0.1218,10.8675,0.0000,0.0197,26339.8279,0.0000,1.0384,26339.8281,25,0
50860.0000,5086,2011,2.7000,11,1000,1000,1,22890.2434,0.0000,0.8969,3445.0432,0.0000,0.1218,10.8654,0.0000,0.0197,26346.1520,0.0000,1.0384,26346.1523,25,0
50870.0000,5087,2005,2.7000,5,1000,1000,1,22894.8213,0.0000,0.8969,3444.3660,0.0000,0.1218,10.8633,0.0000,0.0197,26350.0505,0.0000,1.0384,26350.0508,24,0
50880.0000,5088,2002,2.7000,2,1000,1000,1,22899.2446,0.0000,0.8969,3443.6891,0.0000,0.1218,10.8611,0.0000,0.0197,26353.7948,0.0000,1.0384,26353.7949,24,0
50890.0000,5089,2007,2.7000,7,1000,1000,1,22903.2662,0.0000,0.8970,3443.0124,0.0000,0.1217,10.8590,0.0000,0.0197,26357.1376,0.0000,1.0384,26357.1367,25,0
50900.0000,5090,2005,2.7000,5,1000,1000,1,22907.7930,0.0000,0.8970,3442.3359,0.0000,0.1217,10.8569,0.0000,0.0197,26360.9858,0.0000,1.0384,26360.9863,24,0
50910.0000,5091,2006,2.7000,6,1000,1000,1,22912.4435,0.0000,0.8970,3488.2152,0.0000,0.1217,10.8547,0.0000,0.0197,26411.5135,0.0000,1.0384,26411.5137,25,0
50920.0000,5092,2010,2.7000,10,1000,1000,1,22917.0985,0.0000,0.8971,3487.5302,0.0000,0.1217,10.8526,0.0000,0.0197,26415.4812,0.0000,1.0384,26415.4805,25,0
50930.0000,5093,2012,2.7000,12,1000,1000,1,22920.7045,0.0000,0.8971,3486.8454,0.0000,0.1217,10.8505,0.0000,0.0197,26418.4004,0.0000,1.0384,26418.4004,25,0
50940.0000,5094,2004,2.7000,4,1000,1000,1,22924.7274,0.0000,0.8970,3486.1609,0.0000,0.1216,10.8483,0.0000,0.0197,26421.7367,0.0000,1.0383,26421.7363,24,0
50950.0000,5095,2001,2.7000,1,1000,1000,1,22930.2543,0.0000,0.8970,3490.6751,0.0000,0.1217,10.8462,0.0000,0.0197,26431.7756,0.0000,1.0384,26431.7754,24,0
50960.0000,5096,2002,2.7000,2,1000,1000,1,22933.4144,0.0000,0.8970,3490.5878,0.0000,0.1218,10.8441,0.0000,0.0197,26434.8463,0.0000,1.0385,26434.8457,24,0
50970.0000,5097,2004,2.7000,4,1000,1000,1,22939.2235,0.0000,0.8970,3490.7723,0.0000,0.1218,10.8420,0.0000,0.0197,26440.8377,0.0000,1.0385,26440.8379,24,0
50980.0000,5098,2001,2.7000,1,1000,1000,1,22943.9493,0.0000,0.8970,3490.0876,0.0000,0.1218,10.8398,0.0000,0.0197,26444.8767,0.0000,1.0384,26444.8770,24,0
50990.0000,5099,2004,2.7000,4,1000,1000,1,22948.3972,0.0000,0.8971,3492.3424,0.0000,0.1218,10.8377,0.0000,0.0197,26451.5773,0.0000,1.0385,26451.5781,24,0
51000.0000,5100,2001,2.7000,1,1000,1000,1,22951.8313,0.0000,0.8970,3493.1843,0.0000,0.1218,10.8356,0.0000,0.0197,26455.8511,0.0000,1.0385,26455.8516,24,0
51010.0000,5101,2005,2.7000,5,1000,1000,1,22957.3819,0.0000,0.8972,3493.0382,0.0000,0.1218,10.8334,0.0000,0.0197,26461.2536,0.0000,1.0386,26461.2539,24,0
51020.0000,5102,2002,2.7000,2,1000,1000,1,22961.6980,0.0000,0.8971,3493.7834,0.0000,0.1218,10.8313,0.0000,0.0197,26466.3127,0.0000,1.0386,26466.3125,24,0
51030.0000,5103,2001,2.7000,1,1000,1000,1,22966.0109,0.0000,0.8971,3493.0987,0.0000,0.1218,10.8292,0.0000,0.0197,26469.9388,0.0000,1.0385,26469.9395,24,0
51040.0000,5104,2003,2.7000,3,1000,1000,1,22970.8105,0.0000,0.8971,3494.9669,0.0000,0.1218,10.8271,0.0000,0.0197,26476.6044,0.0000,1.0386,26476.6035,24,0
51050.0000,5105,2004,2.7000,4,1000,1000,1,22972.9013,0.0000,0.8971,3494.2822,0.0000,0.1218,10.8250,0.0000,0.0196,26478.0085,0.0000,1.0386,26478.0078,24,0
51060.0000,5106,2003,2.7000,3,1000,1000,1,22977.6706,0.0000,0.8971,3496.3286,0.0000,0.1218,10.8228,0.0000,0.0196,26484.8220,0.0000,1.0386,26484.8223,24,0
51070.0000,5107,2000,2.7000,0,1000,1000,1,22982.6982,0.0000,0.8971,3496.7992,0.0000,0.1219,10.8207,0.0000,0.0196,26490.3181,0.0000,1.0386,26490.3184,24,0
51080.0000,5108,2008,2.7000,8,1000,1000,1,22988.5665,0.0000,0.8971,3497.3889,0.0000,0.1219,10.8186,0.0000,0.0196,26496.7740,0.0000,1.0387,26496.7734,25,0
51090.0000,5109,2007,2.7000,7,1000,1000,1,22991.0679,0.0000,0.8972,3496.7044,0.0000,0.1219,10.8165,0.0000,0.0196,26498.5887,0.0000,1.0387,26498.5879,25,0
51100.0000,5110,2001,2.7000,1,1000,1000,1,22997.4976,0.0000,0.8971,3496.0201,0.0000,0.1219,10.8144,0.0000,0.0196,26504.3321,0.0000,1.0386,26504.3320,24,0
51110.0000,5111,2003,2.7000,3,1000,1000,1,23001.6658,0.0000,0.8971,3498.4857,0.0000,0.1219,10.8123,0.0000,0.0196,26510.9637,0.0000,1.0387,26510.9629,24,0
51120.0000,5112,2006,2.7000,6,1000,1000,1,23005.3920,0.0000,0.8971,3497.8013,0.0000,0.1219,10.8101,0.0000,0.0196,26514.0034,0.0000,1.0386,26514.0039,25,0
51130.0000,5113,2000,2.7000,0,1000,1000,1,23008.1939,0.0000,0.8970,3497.1172,0.0000,0.1219,10.8080,0.0000,0.0196,26516.1191,0.0000,1.0385,26516.1191,24,0
51140.0000,5114,2000,2.7000,2,998,1000,1,23014.8055,0.0000,0.8970,3500.8021,0.0000,0.1219,10.8059,0.0000,0.0196,26526.4135,0.0000,1.0385,26526.4141,24,0
51150.0000,5115,2001,2.7000,1,1000,1000,1,23019.6225,0.0000,0.8970,3501.0073,0.0000,0.1220,10.8038,0.0000,0.0196,26531.4335,0.0000,1.0386,26531.4336,24,0
51160.0000,5116,2001,2.7000,1,1000,1000,1,23021.5239,0.0000,0.8970,3500.3229,0.0000,0.1219,10.8017,0.0000,0.0196,26532.6485,0.0000,1.0386,26532.6484,24,0
51170.0000,5117,2001,2.7000,1,1000,1000,1,23028.7509,0.0000,0.8970,3501.7607,0.0000,0.1219,10.7996,0.0000,0.0196,26541.3111,0.0000,1.0386,26541.3105,24,0
51180.0000,5118,2000,2.7000,1,999,1000,1,23032.3516,0.0000,0.8970,3502.9588,0.0000,0.1220,10.7975,0.0000,0.0196,26546.1079,0.0000,1.0386,26546.1074,24,0
51190.0000,5119,1999,2.7000,2,997,1000,1,23037.7187,0.0000,0.8970,3503.3691,0.0000,0.1220,10.7954,0.0000,0.0196,26551.8832,0.0000,1.0386,26551.8828,24,0
51200.0000,5120,2002,2.7000,2,1000,1000,1,23042.4088,0.0000,0.8970,3503.6409,0.0000,0.1221,10.7932,0.0000,0.0196,26556.8429,0.0000,1.0387,26556.8438,24,0
51210.0000,5121,1999,2.7000,0,999,1000,1,23042.7009,0.0000,0.8970,3504.2894,0.0000,0.1222,10.7911,0.0000,0.0196,26557.7814,0.0000,1.0387,26557.7812,24,0
51220.0000,5122,1994,2.7000,1,993,1000,1,23050.5576,0.0000,0.8969,3505.0040,0.0000,0.1223,10.7890,0.0000,0.0196,26566.3507,0.0000,1.0388,26566.3516,24,0
51230.0000,5123,1996,2.7000,1,995,1000,1,23055.8492,0.0000,0.8968,3505.5841,0.0000,0.1224,10.7869,0.0000,0.0196,26572.2202,0.0000,1.0388,26572.2207,24,0
51240.0000,5124,2002,2.7000,2,1000,1000,1,23059.7868,0.0000,0.8968,3505.5891,0.0000,0.1225,10.7848,0.0000,0.0196,26576.1608,0.0000,1.0388,26576.1602,24,0
51250.0000,5125,1999,2.7000,0,999,1000,1,23063.4674,0.0000,0.8968,3506.4657,0.0000,0.1225,10.7827,0.0000,0.0196,26580.7158,0.0000,1.0388,26580.7148,24,0
51260.0000,5126,2002,2.7000,2,1000,1000,1,23067.8676,0.0000,0.8967,3506.8503,0.0000,0.1225,10.7806,0.0000,0.0196,26585.4986,0.0000,1.0388,26585.4980,24,0
51270.0000,5127,2003,2.7000,3,1000,1000,1,23073.6244,0.0000,0.8967,3507.6354,0.0000,0.1225,10.7785,0.0000,0.0196,26592.0383,0.0000,1.0388,26592.0391,24,0
51280.0000,5128,1999,2.7000,2,997,1000,1,23078.0875,0.0000,0.8967,3508.2748,0.0000,0.1225,10.7764,0.0000,0.0196,26597.1387,0.0000,1.0388,26597.1387,24,0
51290.0000,5129,2001,2.7000,1,1000,1000,1,23082.6037,0.0000,0.8967,3508.7971,0.0000,0.1226,10.7743,0.0000,0.0196,26602.1751,0.0000,1.0388,26602.1758,24,0
51300.0000,5130,2003,2.7000,3,1000,1000,1,23084.3197,0.0000,0.8966,3508.5600,0.0000,0.1226,10.7722,0.0000,0.0196,26603.6519,0.0000,1.0388,26603.6523,24,0
51310.0000,5131,2001,2.7000,1,1000,1000,1,23091.1467,0.0000,0.8966,3509.4197,0.0000,0.1226,10.7701,0.0000,0.0195,26611.3365,0.0000,1.0387,26611.3359,24,0
51320.0000,5132,1998,2.7000,0,998,1000,1,23093.4760,0.0000,0.8966,3508.7359,0.0000,0.1226,10.7680,0.0000,0.0195,26612.9799,0.0000,1.0387,26612.9805,24,0
51330.0000,5133,1998,2.7000,1,997,1000,1,23100.3747,0.0000,0.8965,3511.0008,0.0000,0.1227,10.7659,0.0000,0.0195,26622.1415,0.0000,1.0387,26622.1406,24,0
51340.0000,5134,1999,2.7000,0,999,1000,1,23102.6145,0.0000,0.8965,3511.0965,0.0000,0.1227,10.7638,0.0000,0.0195,26624.4748,0.0000,1.0387,26624.4746,24,0
51350.0000,5135,2001,2.7000,2,999,1000,1,23108.9474,0.0000,0.8965,3512.0656,0.0000,0.1227,10.7617,0.0000,0.0195,26631.7747,0.0000,1.0388,26631.7754,24,0
51360.0000,5136,2001,2.7000,1,1000,1000,1,23111.8812,0.0000,0.8964,3512.0319,0.0000,0.1227,10.7596,0.0000,0.0195,26634.6727,0.0000,1.0387,26634.6719,24,0
51370.0000,5137,2000,2.7000,0,1000,1000,1,23117.8085,0.0000,0.8964,3511.3482,0.0000,0.1227,10.7575,0.0000,0.0195,26639.9142,0.0000,1.0387,26639.9141,24,0
51380.0000,5138,2001,2.7000,1,1000,1000,1,23121.5665,0.0000,0.8963,3513.6624,0.0000,0.1228,10.7554,0.0000,0.0195,26645.9844,0.0000,1.0386,26645.9844,24,0
51390.0000,5139,1998,2.7000,0,998,1000,1,23125.6319,0.0000,0.8962,3514.2299,0.0000,0.1229,10.7533,0.0000,0.0195,26650.6151,0.0000,1.0386,26650.6152,24,0
51400.0000,5140,2003,2.7000,3,1000,1000,1,23130.9307,0.0000,0.8963,3514.5391,0.0000,0.1230,10.7513,0.0000,0.0195,26656.2211,0.0000,1.0387,26656.2207,24,0
51410.0000,5141,2000,2.7000,1,999,1000,1,23135.3775,0.0000,0.8961,3513.8555,0.0000,0.1229,10.7492,0.0000,0.0195,26659.9822,0.0000,1.0386,26659.9824,24,0
51420.0000,5142,2005,2.7000,5,1000,1000,1,23140.6913,0.0000,0.8962,3514.7751,0.0000,0.1229,10.7471,0.0000,0.0195,26666.2135,0.0000,1.0386,26666.2129,24,0
51430.0000,5143,2004,2.7000,4,1000,1000,1,23145.1660,0.0000,0.8962,3514.0917,0.0000,0.1229,10.7450,0.0000,0.0195,26670.0026,0.0000,1.0386,26670.0020,24,0
51440.0000,5144,2005,2.7000,5,1000,1000,1,23149.4629,0.0000,0.8962,3513.4085,0.0000,0.1229,10.7429,0.0000,0.0195,26673.6143,0.0000,1.0386,26673.6152,24,0
51450.0000,5145,2005,2.7000,5,1000,1000,1,23153.2951,0.0000,0.8962,3512.7256,0.0000,0.1229,10.7408,0.0000,0.0195,26676.7615,0.0000,1.0386,26676.7617,24,0
51460.0000,5146,2011,2.7000,11,1000,1000,1,23158.5330,0.0000,0.8963,3512.0430,0.0000,0.1228,10.7387,0.0000,0.0195,26681.3147,0.0000,1.0386,26681.3145,25,0
51470.0000,5147,2021,2.7000,21,1000,1000,1,23162.5886,0.0000,0.8965,3511.3607,0.0000,0.1228,10.7366,0.0000,0.0195,26684.6859,0.0000,1.0388,26684.6855,26,0
51480.0000,5148,2026,2.7000,26,1000,1000,1,23167.2409,0.0000,0.8966,3510.6786,0.0000,0.1228,10.7345,0.0000,0.0195,26688.6541,0.0000,1.0389,26688.6543,26,0
51490.0000,5149,2032,2.7000,32,1000,1000,1,23171.7041,0.0000,0.8966,3509.9968,0.0000,0.1228,10.7325,0.0000,0.0195,26692.4333,0.0000,1.0389,26692.4336,26,0
51500.0000,5150,2032,2.7000,32,1000,1000,1,23175.6815,0.0000,0.8966,3509.3152,0.0000,0.1227,10.7304,0.0000,0.0195,26695.7271,0.0000,1.0388,26695.7266,26,0
51510.0000,5151,2031,2.7000,31,1000,1000,1,23180.8557,0.0000,0.8966,3508.6339,0.0000,0.1227,10.7283,0.0000,0.0195,26700.2179,0.0000,1.0388,26700.2188,26,0
51520.0000,5152,2034,2.7000,34,1000,1000,1,23184.9996,0.0000,0.8967,3507.9529,0.0000,0.1227,10.7262,0.0000,0.0195,26703.6787,0.0000,1.0388,26703.6797,26,0
51530.0000,5153,2030,2.7000,30,1000,1000,1,23189.1569,0.0000,0.8967,3507.2722,0.0000,0.1227,10.7241,0.0000,0.0195,26707.1532,0.0000,1.0388,26707.1523,26,0
51540.0000,5154,2034,2.7000,34,1000,1000,1,23193.4664,0.0000,0.8967,3506.5917,0.0000,0.1226,10.7220,0.0000,0.0195,26710.7801,0.0000,1.0388,26710.7793,26,0
51550.0000,5155,2037,2.7000,37,1000,1000,1,23197.9149,0.0000,0.8967,3505.9114,0.0000,0.1226,10.7200,0.0000,0.0195,26714.5463,0.0000,1.0388,26714.5469,26,0
51560.0000,5156,2036,2.7000,36,1000,1000,1,23200.8980,0.0000,0.8967,3505.2315,0.0000,0.1226,10.7179,0.0000,0.0195,26716.8474,0.0000,1.0388,26716.8477,26,0
51570.0000,5157,2034,2.7000,34,1000,1000,1,23207.2105,0.0000,0.8967,3504.5518,0.0000,0.1226,10.7158,0.0000,0.0194,26722.4781,0.0000,1.0387,26722.4785,26,0
51580.0000,5158,2030,2.7000,30,1000,1000,1,23212.0317,0.0000,0.8967,3503.8723,0.0000,0.1225,10.7137,0.0000,0.0194,26726.6178,0.0000,1.0387,26726.6172,26,0
51590.0000,5159,2030,2.7000,30,1000,1000,1,23216.1445,0.0000,0.8967,3503.1931,0.0000,0.1225,10.7117,0.0000,0.0194,26730.0493,0.0000,1.0387,26730.0488,26,0
51600.0000,5160,2030,2.7000,30,1000,1000,1,23220.5265,0.0000,0.8968,3502.5142,0.0000,0.1225,10.7096,0.0000,0.0194,26733.7503,0.0000,1.0387,26733.7500,26,0
51610.0000,5161,2029,2.7000,29,1000,1000,1,23224.9462,0.0000,0.8969,3501.8356,0.0000,0.1225,10.7075,0.0000,0.0194,26737.4892,0.0000,1.0388,26737.4883,26,0
51620.0000,5162,2024,2.7000,24,1000,1000,1,23229.9979,0.0000,0.8969,3501.1572,0.0000,0.1225,10.7054,0.0000,0.0194,26741.8605,0.0000,1.0388,26741.8613,26,0
51630.0000,5163,2024,2.7000,24,1000,1000,1,23234.2352,0.0000,0.8969,3500.4791,0.0000,0.1224,10.7034,0.0000,0.0194,26745.4176,0.0000,1.0388,26745.4180,26,0
51640.0000,5164,2025,2.7000,25,1000,1000,1,23238.5509,0.0000,0.8969,3499.8012,0.0000,0.1224,10.7013,0.0000,0.0194,26749.0533,0.0000,1.0387,26749.0527,26,0
51650.0000,5165,2023,2.7000,23,1000,1000,1,23243.0763,0.0000,0.8969,3499.1236,0.0000,0.1224,10.6992,0.0000,0.0194,26752.8991,0.0000,1.0387,26752.8984,26,0
51660.0000,5166,2031,2.7000,31,1000,1000,1,23247.7069,0.0000,0.8969,3498.4463,0.0000,0.1224,10.6971,0.0000,0.0194,26756.8503,0.0000,1.0387,26756.8496,26,0
51670.0000,5167,2035,2.7000,35,1000,1000,1,23251.9688,0.0000,0.8970,3497.7692,0.0000,0.1223,10.6951,0.0000,0.0194,26760.4330,0.0000,1.0387,26760.4336,26,0
51680.0000,5168,2027,2.7000,27,1000,1000,1,23256.3600,0.0000,0.8969,3497.0924,0.0000,0.1223,10.6930,0.0000,0.0194,26764.1454,0.0000,1.0386,26764.1445,26,0
51690.0000,5169,2030,2.7000,30,1000,1000,1,23260.8493,0.0000,0.8971,3496.4158,0.0000,0.1223,10.6909,0.0000,0.0194,26767.9561,0.0000,1.0388,26767.9570,26,0
51700.0000,5170,2029,2.7000,29,1000,1000,1,23263.2824,0.0000,0.8971,3495.7395,0.0000,0.1223,10.6889,0.0000,0.0194,26769.7108,0.0000,1.0387,26769.7109,26,0
51710.0000,5171,2025,2.7000,25,1000,1000,1,23269.7076,0.0000,0.8970,3495.0635,0.0000,0.1222,10.6868,0.0000,0.0194,26775.4579,0.0000,1.0387,26775.4570,26,0
51720.0000,5172,2026,2.7000,26,1000,1000,1,23273.6236,0.0000,0.8971,3494.3877,0.0000,0.1222,10.6847,0.0000,0.0194,26778.6960,0.0000,1.0387,26778.6953,26,0
51730.0000,5173,2027,2.7000,27,1000,1000,1,23278.5132,0.0000,0.8971,3493.7122,0.0000,0.1222,10.6827,0.0000,0.0194,26782.9081,0.0000,1.0387,26782.9082,26,0
51740.0000,5174,2020,2.7000,20,1000,1000,1,23283.5563,0.0000,0.8971,3493.0370,0.0000,0.1222,10.6806,0.0000,0.0194,26787.2738,0.0000,1.0387,26787.2734,25,0
51750.0000,5175,2025,2.7000,25,1000,1000,1,23287.8578,0.0000,0.8972,3492.3620,0.0000,0.1221,10.6785,0.0000,0.0194,26790.8984,0.0000,1.0388,26790.8984,26,0
51760.0000,5176,2028,2.7000,28,1000,1000,1,23291.9971,0.0000,0.8973,3491.6873,0.0000,0.1221,10.6765,0.0000,0.0194,26794.3609,0.0000,1.0388,26794.3613,26,0
51770.0000,5177,2026,2.7000,26,1000,1000,1,23296.5813,0.0000,0.8973,3491.0128,0.0000,0.1221,10.6744,0.0000,0.0194,26798.2686,0.0000,1.0387,26798.2695,26,0
51780.0000,5178,2023,2.7000,23,1000,1000,1,23301.3663,0.0000,0.8972,3490.3386,0.0000,0.1221,10.6723,0.0000,0.0194,26802.3773,0.0000,1.0387,26802.3770,26,0
51790.0000,5179,2026,2.7000,26,1000,1000,1,23305.5477,0.0000,0.8973,3489.6647,0.0000,0.1221,10.6703,0.0000,0.0194,26805.8826,0.0000,1.0387,26805.8828,26,0
51800.0000,5180,2027,2.7000,27,1000,1000,1,23309.5746,0.0000,0.8973,3488.9910,0.0000,0.1220,10.6682,0.0000,0.0194,26809.2338,0.0000,1.0387,26809.2344,26,0
51810.0000,5181,2034,2.7000,34,1000,1000,1,23314.2670,0.0000,0.8974,3488.3176,0.0000,0.1220,10.6662,0.0000,0.0194,26813.2507,0.0000,1.0388,26813.2500,26,0
51820.0000,5182,2029,2.7000,29,1000,1000,1,23318.5929,0.0000,0.8974,3487.6444,0.0000,0.1220,10.6641,0.0000,0.0194,26816.9014,0.0000,1.0387,26816.9023,26,0
51830.0000,5183,2036,2.7000,36,1000,1000,1,23323.3782,0.0000,0.8975,3486.9715,0.0000,0.1220,10.6621,0.0000,0.0194,26821.0117,0.0000,1.0388,26821.0117,26,0
51840.0000,5184,2026,2.7000,26,1000,1000,1,23328.0933,0.0000,0.8975,3486.2989,0.0000,0.1219,10.6600,0.0000,0.0193,26825.0521,0.0000,1.0388,26825.0527,26,0
51850.0000,5185,2027,2.7000,27,1000,1000,1,23332.1055,0.0000,0.8975,3485.6265,0.0000,0.1219,10.6579,0.0000,0.0193,26828.3900,0.0000,1.0388,26828.3906,26,0
51860.0000,5186,2032,2.7000,32,1000,1000,1,23336.2407,0.0000,0.8976,3484.9544,0.0000,0.1219,10.6559,0.0000,0.0193,26831.8510,0.0000,1.0388,26831.8516,26,0
51870.0000,5187,2033,2.7000,33,1000,1000,1,23341.3614,0.0000,0.8976,3484.2825,0.0000,0.1219,10.6538,0.0000,0.0193,26836.2978,0.0000,1.0388,26836.2969,26,0
51880.0000,5188,2026,2.7000,26,1000,1000,1,23342.6633,0.0000,0.8976,3483.6109,0.0000,0.1218,10.6518,0.0000,0.0193,26836.9259,0.0000,1.0387,26836.9258,26,0
51890.0000,5189,2020,2.7000,20,1000,1000,1,23350.7630,0.0000,0.8975,3482.9396,0.0000,0.1218,10.6497,0.0000,0.0193,26844.3523,0.0000,1.0387,26844.3516,25,0
51900.0000,5190,2019,2.7000,19,1000,1000,1,23354.9184,0.0000,0.8975,3482.2685,0.0000,0.1218,10.6477,0.0000,0.0193,26847.8345,0.0000,1.0386,26847.8340,25,0
51910.0000,5191,2025,2.7000,25,1000,1000,1,23359.0694,0.0000,0.8976,3481.5977,0.0000,0.1218,10.6456,0.0000,0.0193,26851.3127,0.0000,1.0387,26851.3125,26,0
51920.0000,5192,2025,2.7000,25,1000,1000,1,23363.2420,0.0000,0.8975,3480.9271,0.0000,0.1217,10.6436,0.0000,0.0193,26854.8127,0.0000,1.0386,26854.8125,26,0
51930.0000,5193,2029,2.7000,29,1000,1000,1,23368.0913,0.0000,0.8975,3480.2568,0.0000,0.1217,10.6415,0.0000,0.0193,26858.9896,0.0000,1.0386,26858.9902,26,0
51940.0000,5194,2026,2.7000,26,1000,1000,1,23372.0469,0.0000,0.8975,3479.5867,0.0000,0.1217,10.6395,0.0000,0.0193,26862.2731,0.0000,1.0385,26862.2734,26,0
51950.0000,5195,2026,2.7000,26,1000,1000,1,23376.6391,0.0000,0.8974,3478.9169,0.0000,0.1217,10.6374,0.0000,0.0193,26866.1934,0.0000,1.0384,26866.1934,26,0
51960.0000,5196,2025,2.7000,25,1000,1000,1,23379.2532,0.0000,0.8974,3478.2474,0.0000,0.1217,10.6354,0.0000,0.0193,26868.1360,0.0000,1.0384,26868.1367,26,0
51970.0000,5197,2021,2.7000,21,1000,1000,1,23386.0207,0.0000,0.8975,3477.5781,0.0000,0.1216,10.6333,0.0000,0.0193,26874.2321,0.0000,1.0384,26874.2324,26,0
51980.0000,5198,2005,2.7000,5,1000,1000,1,23388.3785,0.0000,0.8974,3476.9091,0.0000,0.1216,10.6313,0.0000,0.0193,26875.9189,0.0000,1.0383,26875.9180,24,0
51990.0000,5199,2007,2.7000,7,1000,1000,1,23395.2346,0.0000,0.8975,3476.2403,0.0000,0.1216,10.6292,0.0000,0.0193,26882.1042,0.0000,1.0384,26882.1035,25,0
52000.0000,5200,2000,2.7000,0,1000,1000,1,23398.9149,0.0000,0.8975,3475.5718,0.0000,0.1216,10.6272,0.0000,0.0193,26885.1139,0.0000,1.0383,26885.1133,24,0
52010.0000,5201,2001,2.7000,1,1000,1000,1,23403.6157,0.0000,0.8976,3474.9036,0.0000,0.1215,10.6252,0.0000,0.0193,26889.1444,0.0000,1.0384,26889.1445,24,0
52020.0000,5202,1999,2.7000,1,998,1000,1,23408.2946,0.0000,0.8975,3548.0519,0.0000,0.1216,10.6231,0.0000,0.0193,26966.9696,0.0000,1.0384,26966.9688,24,0
52030.0000,5203,2002,2.7000,2,1000,1000,1,23413.0369,0.0000,0.8974,3548.7441,0.0000,0.1217,10.6211,0.0000,0.0193,26972.4020,0.0000,1.0384,26972.4023,24,0
52040.0000,5204,2006,2.7000,6,1000,1000,1,23416.5498,0.0000,0.8974,3548.3398,0.0000,0.1217,10.6190,0.0000,0.0193,26975.5087,0.0000,1.0384,26975.5078,25,0
52050.0000,5205,2003,2.7000,3,1000,1000,1,23420.2194,0.0000,0.8974,3547.6581,0.0000,0.1217,10.6170,0.0000,0.0193,26978.4945,0.0000,1.0383,26978.4941,24,0
52060.0000,5206,2001,2.7000,1,1000,1000,1,23425.5392,0.0000,0.8974,3550.1459,0.0000,0.1217,10.6149,0.0000,0.0193,26986.3000,0.0000,1.0384,26986.3008,24,0
52070.0000,5207,2005,2.7000,5,1000,1000,1,23431.2052,0.0000,0.8975,3550.2028,0.0000,0.1217,10.6129,0.0000,0.0193,26992.0209,0.0000,1.0385,26992.0215,24,0
52080.0000,5208,2002,2.7000,2,1000,1000,1,23435.1822,0.0000,0.8975,3549.5211,0.0000,0.1217,10.6109,0.0000,0.0193,26995.3142,0.0000,1.0385,26995.3145,24,0
52090.0000,5209,2001,2.7000,2,999,1000,1,23440.0119,0.0000,0.8975,3551.2777,0.0000,0.1218,10.6088,0.0000,0.0193,27001.8985,0.0000,1.0385,27001.8984,24,0
52100.0000,5210,2000,2.7000,0,1000,1000,1,23442.4871,0.0000,0.8974,3552.5520,0.0000,0.1218,10.6068,0.0000,0.0193,27005.6459,0.0000,1.0385,27005.6465,24,0
52110.0000,5211,1998,2.7000,0,998,1000,1,23447.6327,0.0000,0.8974,3552.9165,0.0000,0.1218,10.6048,0.0000,0.0192,27011.1540,0.0000,1.0385,27011.1543,24,0
52120.0000,5212,2001,2.7000,1,1000,1000,1,23451.4007,0.0000,0.8975,3552.8000,0.0000,0.1219,10.6027,0.0000,0.0192,27014.8035,0.0000,1.0386,27014.8027,24,0
52130.0000,5213,2000,2.7000,1,999,1000,1,23457.7899,0.0000,0.8974,3552.1185,0.0000,0.1218,10.6007,0.0000,0.0192,27020.5091,0.0000,1.0385,27020.5098,24,0
52140.0000,5214,2000,2.7000,0,1000,1000,1,23462.4773,0.0000,0.8974,3554.1604,0.0000,0.1219,10.5987,0.0000,0.0192,27027.2363,0.0000,1.0385,27027.2363,24,0
52150.0000,5215,1996,2.7000,1,995,1000,1,23466.4709,0.0000,0.8973,3555.1727,0.0000,0.1220,10.5966,0.0000,0.0192,27032.2403,0.0000,1.0386,27032.2402,24,0
52160.0000,5216,2004,2.7000,4,1000,1000,1,23470.7031,0.0000,0.8974,3554.8924,0.0000,0.1221,10.5946,0.0000,0.0192,27036.1901,0.0000,1.0387,27036.1895,24,0
52170.0000,5217,2006,2.7000,6,1000,1000,1,23475.9916,0.0000,0.8974,3554.2110,0.0000,0.1220,10.5926,0.0000,0.0192,27040.7952,0.0000,1.0387,27040.7949,25,0
52180.0000,5218,2001,2.7000,1,1000,1000,1,23479.3441,0.0000,0.8974,3553.5299,0.0000,0.1220,10.5905,0.0000,0.0192,27043.4645,0.0000,1.0386,27043.4648,24,0
52190.0000,5219,2004,2.7000,4,1000,1000,1,23484.9688,0.0000,0.8974,3556.9025,0.0000,0.1220,10.5885,0.0000,0.0192,27052.4598,0.0000,1.0386,27052.4590,24,0
52200.0000,5220,2007,2.7000,7,1000,1000,1,23488.2624,0.0000,0.8975,3556.2211,0.0000,0.1220,10.5865,0.0000,0.0192,27055.0700,0.0000,1.0387,27055.0703,25,0
52210.0000,5221,1997,2.7000,0,997,1000,1,23492.6001,0.0000,0.8974,3558.4480,0.0000,0.1220,10.5845,0.0000,0.0192,27061.6326,0.0000,1.0387,27061.6328,24,0
52220.0000,5222,2008,2.7000,8,1000,1000,1,23497.4628,0.0000,0.8975,3558.4509,0.0000,0.1221,10.5824,0.0000,0.0192,27066.4961,0.0000,1.0387,27066.4961,25,0
52230.0000,5223,2009,2.7000,9,1000,1000,1,23502.5914,0.0000,0.8975,3557.7696,0.0000,0.1221,10.5804,0.0000,0.0192,27070.9414,0.0000,1.0388,27070.9414,25,0
52240.0000,5224,2007,2.7000,7,1000,1000,1,23505.9518,0.0000,0.8975,3557.0885,0.0000,0.1220,10.5784,0.0000,0.0192,27073.6187,0.0000,1.0387,27073.6191,25,0
52250.0000,5225,2009,2.7000,9,1000,1000,1,23509.8812,0.0000,0.8974,3556.4077,0.0000,0.1220,10.5763,0.0000,0.0192,27076.8653,0.0000,1.0386,27076.8652,25,0
52260.0000,5226,2003,2.7000,3,1000,1000,1,23515.9551,0.0000,0.8974,3555.7272,0.0000,0.1220,10.5743,0.0000,0.0192,27082.2567,0.0000,1.0386,27082.2559,24,0
52270.0000,5227,2000,2.7000,0,1000,1000,1,23519.9599,0.0000,0.8974,3561.4735,0.0000,0.1220,10.5723,0.0000,0.0192,27092.0058,0.0000,1.0386,27092.0059,24,0
52280.0000,5228,2002,2.7000,2,1000,1000,1,23525.2585,0.0000,0.8974,3561.7826,0.0000,0.1220,10.5703,0.0000,0.0192,27097.6114,0.0000,1.0386,27097.6113,24,0
52290.0000,5229,2002,2.7000,2,1000,1000,1,23527.5556,0.0000,0.8974,3561.1014,0.0000,0.1220,10.5683,0.0000,0.0192,27099.2253,0.0000,1.0386,27099.2246,24,0
52300.0000,5230,2002,2.7000,2,1000,1000,1,23533.8825,0.0000,0.8974,3563.1555,0.0000,0.1221,10.5662,0.0000,0.0192,27107.6042,0.0000,1.0386,27107.6035,24,0
52310.0000,5231,2004,2.7000,4,1000,1000,1,23537.9575,0.0000,0.8974,3563.6177,0.0000,0.1221,10.5642,0.0000,0.0192,27112.1394,0.0000,1.0387,27112.1387,24,0
52320.0000,5232,2008,2.7000,8,1000,1000,1,23542.4526,0.0000,0.8974,3562.9365,0.0000,0.1221,10.5622,0.0000,0.0192,27115.9514,0.0000,1.0387,27115.9512,25,0
52330.0000,5233,2009,2.7000,9,1000,1000,1,23547.5558,0.0000,0.8975,3562.2557,0.0000,0.1221,10.5602,0.0000,0.0192,27120.3716,0.0000,1.0387,27120.3711,25,0
52340.0000,5234,2009,2.7000,9,1000,1000,1,23551.6012,0.0000,0.8975,3561.5751,0.0000,0.1220,10.5582,0.0000,0.0192,27123.7345,0.0000,1.0387,27123.7344,25,0
52350.0000,5235,2008,2.7000,8,1000,1000,1,23556.4292,0.0000,0.8975,3560.8947,0.0000,0.1220,10.5561,0.0000,0.0192,27127.8801,0.0000,1.0387,27127.8809,25,0
52360.0000,5236,2008,2.7000,8,1000,1000,1,23560.7315,0.0000,0.8974,3560.2147,0.0000,0.1220,10.5541,0.0000,0.0192,27131.5003,0.0000,1.0386,27131.5000,25,0
52370.0000,5237,2004,2.7000,4,1000,1000,1,23564.9579,0.0000,0.8974,3559.5348,0.0000,0.1220,10.5521,0.0000,0.0192,27135.0448,0.0000,1.0385,27135.0449,24,0
52380.0000,5238,2006,2.7000,6,1000,1000,1,23566.1927,0.0000,0.8973,3558.8553,0.0000,0.1220,10.5501,0.0000,0.0191,27135.5981,0.0000,1.0384,27135.5977,25,0
52390.0000,5239,2007,2.7000,7,1000,1000,1,23574.4378,0.0000,0.8973,3558.1760,0.0000,0.1219,10.5481,0.0000,0.0191,27143.1618,0.0000,1.0384,27143.1621,25,0
52400.0000,5240,2008,2.7000,8,1000,1000,1,23578.8105,0.0000,0.8973,3557.4969,0.0000,0.1219,10.5461,0.0000,0.0191,27146.8535,0.0000,1.0384,27146.8535,25,0
52410.0000,5241,2007,2.7000,7,1000,1000,1,23583.1138,0.0000,0.8973,3556.8182,0.0000,0.1219,10.5441,0.0000,0.0191,27150.4761,0.0000,1.0383,27150.4766,25,0
52420.0000,5242,2008,2.7000,8,1000,1000,1,23587.3904,0.0000,0.8973,3556.1396,0.0000,0.1219,10.5420,0.0000,0.0191,27154.0721,0.0000,1.0383,27154.0723,25,0
52430.0000,5243,2005,2.7000,5,1000,1000,1,23592.0377,0.0000,0.8973,3555.4614,0.0000,0.1218,10.5400,0.0000,0.0191,27158.0391,0.0000,1.0383,27158.0391,24,0
52440.0000,5244,2003,2.7000,3,1000,1000,1,23595.9318,0.0000,0.8973,3554.7834,0.0000,0.1218,10.5380,0.0000,0.0191,27161.2531,0.0000,1.0382,27161.2539,24,0
52450.0000,5245,2000,2.7000,0,1000,1000,1,23601.2026,0.0000,0.8973,3571.3165,0.0000,0.1218,10.5360,0.0000,0.0191,27183.0552,0.0000,1.0382,27183.0547,24,0
52460.0000,5246,2002,2.7000,2,1000,1000,1,23604.9661,0.0000,0.8973,3571.4459,0.0000,0.1218,10.5340,0.0000,0.0191,27186.9461,0.0000,1.0382,27186.9453,24,0
52470.0000,5247,2002,2.7000,2,1000,1000,1,23609.8076,0.0000,0.8972,3571.5878,0.0000,0.1218,10.5320,0.0000,0.0191,27191.9274,0.0000,1.0382,27191.9277,24,0
52480.0000,5248,2005,2.7000,5,1000,1000,1,23613.3511,0.0000,0.8972,3572.4762,0.0000,0.1218,10.5300,0.0000,0.0191,27196.3573,0.0000,1.0382,27196.3574,24,0
52490.0000,5249,2008,2.7000,8,1000,1000,1,23618.1241,0.0000,0.8972,3571.7956,0.0000,0.1218,10.5280,0.0000,0.0191,27200.4476,0.0000,1.0382,27200.4473,25,0
52500.0000,5250,2008,2.7000,8,1000,1000,1,23623.4964,0.0000,0.8972,3571.1152,0.0000,0.1218,10.5260,0.0000,0.0191,27205.1376,0.0000,1.0381,27205.1367,25,0
52510.0000,5251,2007,2.7000,7,1000,1000,1,23627.9291,0.0000,0.8973,3570.4351,0.0000,0.1218,10.5240,0.0000,0.0191,27208.8882,0.0000,1.0381,27208.8887,25,0
52520.0000,5252,2011,2.7000,11,1000,1000,1,23632.4026,0.0000,0.8973,3569.7553,0.0000,0.1217,10.5220,0.0000,0.0191,27212.6799,0.0000,1.0382,27212.6797,25,0
52530.0000,5253,2007,2.7000,7,1000,1000,1,23636.8901,0.0000,0.8973,3569.0757,0.0000,0.1217,10.5200,0.0000,0.0191,27216.4858,0.0000,1.0381,27216.4863,25,0
52540.0000,5254,2009,2.7000,9,1000,1000,1,23640.3621,0.0000,0.8972,3568.3964,0.0000,0.1217,10.5180,0.0000,0.0191,27219.2765,0.0000,1.0380,27219.2773,25,0
52550.0000,5255,2007,2.7000,7,1000,1000,1,23646.0220,0.0000,0.8972,3567.7174,0.0000,0.1217,10.5160,0.0000,0.0191,27224.2554,0.0000,1.0380,27224.2559,25,0
52560.0000,5256,2003,2.7000,3,1000,1000,1,23649.8508,0.0000,0.8972,3567.0386,0.0000,0.1217,10.5140,0.0000,0.0191,27227.4034,0.0000,1.0379,27227.4043,24,0
52570.0000,5257,2003,2.7000,3,1000,1000,1,23653.1691,0.0000,0.8972,3566.3601,0.0000,0.1216,10.5120,0.0000,0.0191,27230.0411,0.0000,1.0379,27230.0410,24,0
52580.0000,5258,2000,2.7000,1,999,1000,1,23659.3373,0.0000,0.8971,3578.0871,0.0000,0.1216,10.5100,0.0000,0.0191,27247.9343,0.0000,1.0379,27247.9336,24,0
52590.0000,5259,1996,2.7000,0,996,1000,1,23663.3921,0.0000,0.8971,3578.8924,0.0000,0.1217,10.5080,0.0000,0.0191,27252.7925,0.0000,1.0379,27252.7930,24,0
52600.0000,5260,2003,2.7000,3,1000,1000,1,23668.1704,0.0000,0.8971,3579.3854,0.0000,0.1219,10.5060,0.0000,0.0191,27258.0617,0.0000,1.0381,27258.0625,24,0
52610.0000,5261,2010,2.7000,10,1000,1000,1,23672.5571,0.0000,0.8972,3578.7050,0.0000,0.1218,10.5040,0.0000,0.0191,27261.7661,0.0000,1.0381,27261.7656,25,0
52620.0000,5262,2007,2.7000,7,1000,1000,1,23676.6949,0.0000,0.8972,3578.0249,0.0000,0.1218,10.5020,0.0000,0.0191,27265.2218,0.0000,1.0380,27265.2227,25,0
52630.0000,5263,2005,2.7000,5,1000,1000,1,23680.9439,0.0000,0.8971,3577.3450,0.0000,0.1218,10.5000,0.0000,0.0191,27268.7889,0.0000,1.0380,27268.7891,24,0
52640.0000,5264,2007,2.7000,7,1000,1000,1,23685.8296,0.0000,0.8972,3576.6655,0.0000,0.1218,10.4980,0.0000,0.0191,27272.9930,0.0000,1.0380,27272.9922,25,0
52650.0000,5265,2007,2.7000,7,1000,1000,1,23690.1933,0.0000,0.8972,3575.9861,0.0000,0.1217,10.4960,0.0000,0.0191,27276.6754,0.0000,1.0380,27276.6758,25,0
52660.0000,5266,2006,2.7000,6,1000,1000,1,23694.4269,0.0000,0.8973,3575.3071,0.0000,0.1217,10.4940,0.0000,0.0190,27280.2279,0.0000,1.0380,27280.2285,25,0
52670.0000,5267,2005,2.7000,5,1000,1000,1,23699.6049,0.0000,0.8972,3574.6282,0.0000,0.1217,10.4920,0.0000,0.0190,27284.7252,0.0000,1.0380,27284.7246,24,0
52680.0000,5268,2003,2.7000,3,1000,1000,1,23703.6847,0.0000,0.8973,3573.9497,0.0000,0.1217,10.4900,0.0000,0.0190,27288.1244,0.0000,1.0380,27288.1250,24,0
52690.0000,5269,1999,2.7000,1,998,1000,1,23706.7784,0.0000,0.8972,3584.0203,0.0000,0.1217,10.4880,0.0000,0.0190,27301.2868,0.0000,1.0380,27301.2871,24,0
52700.0000,5270,2004,2.7000,4,1000,1000,1,23712.7793,0.0000,0.8973,3583.9528,0.0000,0.1218,10.4860,0.0000,0.0190,27307.2181,0.0000,1.0381,27307.2188,24,0
52710.0000,5271,2001,2.7000,1,1000,1000,1,23716.3569,0.0000,0.8972,3583.2728,0.0000,0.1218,10.4840,0.0000,0.0190,27310.1138,0.0000,1.0381,27310.1133,24,0
52720.0000,5272,2002,2.7000,2,1000,1000,1,23722.0681,0.0000,0.8972,3585.3172,0.0000,0.1219,10.4821,0.0000,0.0190,27317.8674,0.0000,1.0381,27317.8672,24,0
52730.0000,5273,1999,2.7000,0,999,1000,1,23726.1225,0.0000,0.8972,3586.2522,0.0000,0.1220,10.4801,0.0000,0.0190,27322.8548,0.0000,1.0382,27322.8555,24,0
52740.0000,5274,2006,2.7000,6,1000,1000,1,23731.0255,0.0000,0.8973,3585.9502,0.0000,0.1220,10.4781,0.0000,0.0190,27327.4537,0.0000,1.0383,27327.4531,25,0
52750.0000,5275,1999,2.7000,1,998,1000,1,23735.3384,0.0000,0.8972,3587.4775,0.0000,0.1220,10.4761,0.0000,0.0190,27333.2920,0.0000,1.0382,27333.2930,24,0
52760.0000,5276,2001,2.7000,1,1000,1000,1,23738.7981,0.0000,0.8972,3587.1182,0.0000,0.1220,10.4741,0.0000,0.0190,27336.3904,0.0000,1.0382,27336.3906,24,0
52770.0000,5277,1997,2.7000,0,997,1000,1,23741.9849,0.0000,0.8971,3588.5830,0.0000,0.1221,10.4721,0.0000,0.0190,27341.0401,0.0000,1.0382,27341.0410,24,0
52780.0000,5278,1991,2.7000,0,991,1000,1,23745.3039,0.0000,0.8971,3588.9677,0.0000,0.1222,10.4701,0.0000,0.0190,27344.7417,0.0000,1.0383,27344.7422,24,0
52790.0000,5279,1996,2.7000,1,995,1000,1,23751.8805,0.0000,0.8970,3589.7013,0.0000,0.1223,10.4682,0.0000,0.0190,27352.0499,0.0000,1.0383,27352.0508,24,0
52800.0000,5280,2000,2.7000,1,999,1000,1,23757.1073,0.0000,0.8969,3590.1680,0.0000,0.1224,10.4662,0.0000,0.0190,27357.7414,0.0000,1.0383,27357.7422,24,0
52810.0000,5281,2003,2.7000,3,1000,1000,1,23760.8546,0.0000,0.8969,3589.5974,0.0000,0.1224,10.4642,0.0000,0.0190,27360.9162,0.0000,1.0383,27360.9160,24,0
52820.0000,5282,2006,2.7000,6,1000,1000,1,23766.0172,0.0000,0.8969,3588.9178,0.0000,0.1224,10.4622,0.0000,0.0190,27365.3973,0.0000,1.0383,27365.3965,25,0
52830.0000,5283,1999,2.7000,0,999,1000,1,23769.2669,0.0000,0.8968,3588.2385,0.0000,0.1224,10.4602,0.0000,0.0190,27367.9656,0.0000,1.0382,27367.9648,24,0
52840.0000,5284,2007,2.7000,7,1000,1000,1,23775.4827,0.0000,0.8969,3591.2355,0.0000,0.1224,10.4583,0.0000,0.0190,27377.1765,0.0000,1.0383,27377.1758,25,0
52850.0000,5285,2017,2.7000,17,1000,1000,1,23779.4031,0.0000,0.8970,3590.5560,0.0000,0.1223,10.4563,0.0000,0.0190,27380.4154,0.0000,1.0383,27380.4160,25,0
52860.0000,5286,2019,2.7000,19,1000,1000,1,23784.6356,0.0000,0.8970,3589.8768,0.0000,0.1223,10.4543,0.0000,0.0190,27384.9666,0.0000,1.0383,27384.9668,25,0
52870.0000,5287,2020,2.7000,20,1000,1000,1,23787.1249,0.0000,0.8971,3589.1978,0.0000,0.1223,10.4523,0.0000,0.0190,27386.7750,0.0000,1.0383,27386.7754,25,0
52880.0000,5288,2023,2.7000,23,1000,1000,1,23793.2295,0.0000,0.8971,3588.5190,0.0000,0.1223,10.4503,0.0000,0.0190,27392.1989,0.0000,1.0384,27392.1992,26,0
52890.0000,5289,2025,2.7000,25,1000,1000,1,23797.5354,0.0000,0.8972,3587.8405,0.0000,0.1222,10.4484,0.0000,0.0190,27395.8243,0.0000,1.0384,27395.8242,26,0
52900.0000,5290,2019,2.7000,19,1000,1000,1,23802.1292,0.0000,0.8972,3587.1623,0.0000,0.1222,10.4464,0.0000,0.0190,27399.7379,0.0000,1.0384,27399.7383,25,0
52910.0000,5291,2019,2.7000,19,1000,1000,1,23806.5847,0.0000,0.8972,3586.4843,0.0000,0.1222,10.4444,0.0000,0.0190,27403.5135,0.0000,1.0384,27403.5137,25,0
52920.0000,5292,2018,2.7000,18,1000,1000,1,23810.4945,0.0000,0.8972,3585.8066,0.0000,0.1222,10.4424,0.0000,0.0190,27406.7436,0.0000,1.0383,27406.7441,25,0
52930.0000,5293,2021,2.7000,21,1000,1000,1,23814.8566,0.0000,0.8973,3585.1292,0.0000,0.1221,10.4405,0.0000,0.0189,27410.4263,0.0000,1.0384,27410.4258,26,0
52940.0000,5294,2022,2.7000,22,1000,1000,1,23818.3549,0.0000,0.8972,3584.4519,0.0000,0.1221,10.4385,0.0000,0.0189,27413.2453,0.0000,1.0383,27413.2461,26,0
52950.0000,5295,2025,2.7000,25,1000,1000,1,23824.1451,0.0000,0.8973,3583.7750,0.0000,0.1221,10.4365,0.0000,0.0189,27418.3567,0.0000,1.0383,27418.3574,26,0
52960.0000,5296,2029,2.7000,29,1000,1000,1,23829.0637,0.0000,0.8973,3583.0983,0.0000,0.1221,10.4346,0.0000,0.0189,27422.5966,0.0000,1.0383,27422.5957,26,0
52970.0000,5297,2032,2.7000,32,1000,1000,1,23833.7427,0.0000,0.8974,3582.4219,0.0000,0.1221,10.4326,0.0000,0.0189,27426.5971,0.0000,1.0384,27426.5977,26,0
52980.0000,5298,2036,2.7000,36,1000,1000,1,23837.3017,0.0000,0.8974,3581.7457,0.0000,0.1220,10.4306,0.0000,0.0189,27429.4780,0.0000,1.0383,27429.4785,26,0
52990.0000,5299,2036,2.7000,36,1000,1000,1,23841.0302,0.0000,0.8974,3581.0698,0.0000,0.1220,10.4287,0.0000,0.0189,27432.5286,0.0000,1.0383,27432.5293,26,0
53000.0000,5300,2030,2.7000,30,1000,1000,1,23843.3873,0.0000,0.8973,3580.3941,0.0000,0.1220,10.4267,0.0000,0.0189,27434.2081,0.0000,1.0382,27434.2090,26,0
53010.0000,5301,2031,2.7000,31,1000,1000,1,23851.5025,0.0000,0.8974,3579.7187,0.0000,0.1220,10.4247,0.0000,0.0189,27441.6458,0.0000,1.0383,27441.6465,26,0
53020.0000,5302,2034,2.7000,34,1000,1000,1,23856.0243,0.0000,0.8975,3579.0435,0.0000,0.1219,10.4228,0.0000,0.0189,27445.4905,0.0000,1.0383,27445.4902,26,0
53030.0000,5303,2033,2.7000,33,1000,1000,1,23859.4460,0.0000,0.8974,3578.3686,0.0000,0.1219,10.4208,0.0000,0.0189,27448.2354,0.0000,1.0382,27448.2363,26,0
53040.0000,5304,2020,2.7000,20,1000,1000,1,23863.5586,0.0000,0.8973,3577.6939,0.0000,0.1219,10.4188,0.0000,0.0189,27451.6714,0.0000,1.0381,27451.6719,25,0
53050.0000,5305,2019,2.7000,19,1000,1000,1,23869.2576,0.0000,0.8974,3577.0195,0.0000,0.1219,10.4169,0.0000,0.0189,27456.6940,0.0000,1.0382,27456.6934,25,0
53060.0000,5306,2014,2.7000,14,1000,1000,1,23873.4849,0.0000,0.8973,3576.3454,0.0000,0.1218,10.4149,0.0000,0.0189,27460.2451,0.0000,1.0381,27460.2461,25,0
53070.0000,5307,2018,2.7000,18,1000,1000,1,23877.1044,0.0000,0.8974,3575.6715,0.0000,0.1218,10.4129,0.0000,0.0189,27463.1888,0.0000,1.0381,27463.1895,25,0
53080.0000,5308,2009,2.7000,9,1000,1000,1,23881.1213,0.0000,0.8973,3574.9979,0.0000,0.1218,10.4110,0.0000,0.0189,27466.5301,0.0000,1.0380,27466.5293,25,0
53090.0000,5309,2013,2.7000,13,1000,1000,1,23887.3604,0.0000,0.8973,3574.3245,0.0000,0.1218,10.4090,0.0000,0.0189,27472.0939,0.0000,1.0380,27472.0938,25,0
53100.0000,5310,2012,2.7000,12,1000,1000,1,23891.0588,0.0000,0.8973,3573.6513,0.0000,0.1218,10.4070,0.0000,0.0189,27475.1172,0.0000,1.0380,27475.1172,25,0
53110.0000,5311,2016,2.7000,16,1000,1000,1,23895.8701,0.0000,0.8973,3572.9785,0.0000,0.1217,10.4051,0.0000,0.0189,27479.2536,0.0000,1.0379,27479.2539,25,0
53120.0000,5312,2021,2.7000,21,1000,1000,1,23897.1532,0.0000,0.8973,3572.3058,0.0000,0.1217,10.4031,0.0000,0.0189,27479.8622,0.0000,1.0379,27479.8613,26,0
53130.0000,5313,2023,2.7000,23,1000,1000,1,23904.7402,0.0000,0.8973,3571.6335,0.0000,0.1217,10.4012,0.0000,0.0189,27486.7748,0.0000,1.0379,27486.7754,26,0
53140.0000,5314,2020,2.7000,20,1000,1000,1,23906.8884,0.0000,0.8973,3570.9613,0.0000,0.1217,10.3992,0.0000,0.0189,27488.2490,0.0000,1.0378,27488.2480,25,0
53150.0000,5315,2021,2.7000,21,1000,1000,1,23913.9042,0.0000,0.8973,3570.2895,0.0000,0.1216,10.3973,0.0000,0.0189,27494.5909,0.0000,1.0378,27494.5918,26,0
53160.0000,5316,2021,2.7000,21,1000,1000,1,23918.6896,0.0000,0.8973,3569.6179,0.0000,0.1216,10.3953,0.0000,0.0189,27498.7028,0.0000,1.0378,27498.7031,26,0
53170.0000,5317,2025,2.7000,25,1000,1000,1,23923.1484,0.0000,0.8974,3568.9465,0.0000,0.1216,10.3933,0.0000,0.0189,27502.4882,0.0000,1.0378,27502.4883,26,0
53180.0000,5318,2017,2.7000,17,1000,1000,1,23927.6763,0.0000,0.8973,3568.2754,0.0000,0.1216,10.3914,0.0000,0.0189,27506.3431,0.0000,1.0377,27506.3438,25,0
53190.0000,5319,2011,2.7000,11,1000,1000,1,23931.9466,0.0000,0.8973,3567.6046,0.0000,0.1215,10.3894,0.0000,0.0189,27509.9405,0.0000,1.0377,27509.9414,25,0
53200.0000,5320,2004,2.7000,4,1000,1000,1,23936.4103,0.0000,0.8972,3566.9339,0.0000,0.1215,10.3875,0.0000,0.0189,27513.7317,0.0000,1.0376,27513.7324,24,0
53210.0000,5321,2000,2.7000,0,1000,1000,1,23940.2032,0.0000,0.8971,3566.2636,0.0000,0.1215,10.3855,0.0000,0.0188,27516.8523,0.0000,1.0375,27516.8516,24,0
53220.0000,5322,1998,2.7000,0,998,1000,1,23943.0774,0.0000,0.8971,3612.0551,0.0000,0.1215,10.3836,0.0000,0.0188,27565.5161,0.0000,1.0374,27565.5156,24,0
53230.0000,5323,2000,2.7000,0,1000,1000,1,23948.0362,0.0000,0.8970,3613.4385,0.0000,0.1216,10.3816,0.0000,0.0188,27571.8563,0.0000,1.0374,27571.8555,24,0
53240.0000,5324,2002,2.7000,2,1000,1000,1,23954.3679,0.0000,0.8971,3613.3047,0.0000,0.1216,10.3797,0.0000,0.0188,27578.0523,0.0000,1.0375,27578.0527,24,0
53250.0000,5325,2001,2.7000,1,1000,1000,1,23957.6494,0.0000,0.8970,3614.2131,0.0000,0.1217,10.3777,0.0000,0.0188,27582.2402,0.0000,1.0375,27582.2402,24,0
53260.0000,5326,1997,2.7000,1,996,1000,1,23963.1221,0.0000,0.8970,3614.4051,0.0000,0.1217,10.3758,0.0000,0.0188,27587.9030,0.0000,1.0375,27587.9023,24,0
53270.0000,5327,2001,2.7000,1,1000,1000,1,23967.2872,0.0000,0.8970,3615.3271,0.0000,0.1218,10.3738,0.0000,0.0188,27592.9881,0.0000,1.0375,27592.9883,24,0
53280.0000,5328,2004,2.7000,4,1000,1000,1,23972.4712,0.0000,0.8971,3615.4550,0.0000,0.1218,10.3719,0.0000,0.0188,27598.2981,0.0000,1.0377,27598.2988,24,0
53290.0000,5329,2001,2.7000,1,1000,1000,1,23976.5184,0.0000,0.8971,3614.7765,0.0000,0.1217,10.3699,0.0000,0.0188,27601.6649,0.0000,1.0376,27601.6641,24,0
53300.0000,5330,2008,2.7000,8,1000,1000,1,23980.6328,0.0000,0.8971,3614.0983,0.0000,0.1217,10.3680,0.0000,0.0188,27605.0991,0.0000,1.0377,27605.0996,25,0
53310.0000,5331,2008,2.7000,8,1000,1000,1,23984.5024,0.0000,0.8971,3613.4204,0.0000,0.1217,10.3661,0.0000,0.0188,27608.2889,0.0000,1.0376,27608.2891,25,0
53320.0000,5332,2006,2.7000,6,1000,1000,1,23988.1566,0.0000,0.8971,3612.7427,0.0000,0.1217,10.3641,0.0000,0.0188,27611.2634,0.0000,1.0376,27611.2637,25,0
53330.0000,5333,2004,2.7000,4,1000,1000,1,23992.6575,0.0000,0.8971,3612.0653,0.0000,0.1217,10.3622,0.0000,0.0188,27615.0849,0.0000,1.0376,27615.0840,24,0
53340.0000,5334,2003,2.7000,3,1000,1000,1,23998.9373,0.0000,0.8971,3619.0864,0.0000,0.1217,10.3602,0.0000,0.0188,27628.3840,0.0000,1.0376,27628.3848,24,0
53350.0000,5335,2005,2.7000,5,1000,1000,1,24003.3947,0.0000,0.8972,3618.4081,0.0000,0.1216,10.3583,0.0000,0.0188,27632.1610,0.0000,1.0376,27632.1602,24,0
53360.0000,5336,2008,2.7000,8,1000,1000,1,24008.0738,0.0000,0.8972,3617.7300,0.0000,0.1216,10.3563,0.0000,0.0188,27636.1602,0.0000,1.0377,27636.1602,25,0
53370.0000,5337,2015,2.7000,15,1000,1000,1,24012.7806,0.0000,0.8973,3617.0521,0.0000,0.1216,10.3544,0.0000,0.0188,27640.1871,0.0000,1.0377,27640.1875,25,0
53380.0000,5338,2019,2.7000,19,1000,1000,1,24016.5727,0.0000,0.8973,3616.3745,0.0000,0.1216,10.3525,0.0000,0.0188,27643.2997,0.0000,1.0377,27643.2988,25,0
53390.0000,5339,2015,2.7000,15,1000,1000,1,24021.4880,0.0000,0.8973,3615.6972,0.0000,0.1216,10.3505,0.0000,0.0188,27647.5357,0.0000,1.0376,27647.5352,25,0
53400.0000,5340,2014,2.7000,14,1000,1000,1,24024.3411,0.0000,0.8973,3615.0201,0.0000,0.1215,10.3486,0.0000,0.0188,27649.7098,0.0000,1.0376,27649.7090,25,0
53410.0000,5341,2020,2.7000,20,1000,1000,1,24029.5903,0.0000,0.8974,3614.3432,0.0000,0.1215,10.3466,0.0000,0.0188,27654.2802,0.0000,1.0377,27654.2793,25,0
53420.0000,5342,2016,2.7000,16,1000,1000,1,24034.8803,0.0000,0.8974,3613.6666,0.0000,0.1215,10.3447,0.0000,0.0188,27658.8916,0.0000,1.0376,27658.8926,25,0
53430.0000,5343,2014,2.7000,14,1000,1000,1,24038.3939,0.0000,0.8973,3612.9903,0.0000,0.1215,10.3428,0.0000,0.0188,27661.7270,0.0000,1.0376,27661.7266,25,0
53440.0000,5344,2012,2.7000,12,1000,1000,1,24043.0391,0.0000,0.8974,3612.3142,0.0000,0.1214,10.3408,0.0000,0.0188,27665.6941,0.0000,1.0376,27665.6934,25,0
53450.0000,5345,2014,2.7000,14,1000,1000,1,24047.5482,0.0000,0.8974,3611.6384,0.0000,0.1214,10.3389,0.0000,0.0188,27669.5254,0.0000,1.0376,27669.5254,25,0
53460.0000,5346,2010,2.7000,10,1000,1000,1,24053.0287,0.0000,0.8974,3610.9628,0.0000,0.1214,10.3370,0.0000,0.0188,27674.3285,0.0000,1.0376,27674.3281,25,0
53470.0000,5347,2005,2.7000,5,1000,1000,1,24057.3640,0.0000,0.8974,3610.2875,0.0000,0.1214,10.3350,0.0000,0.0188,27677.9865,0.0000,1.0375,27677.9863,24,0
53480.0000,5348,2003,2.7000,3,1000,1000,1,24061.3423,0.0000,0.8973,3609.6124,0.0000,0.1214,10.3331,0.0000,0.0188,27681.2878,0.0000,1.0374,27681.2871,24,0
53490.0000,5349,2004,2.7000,4,1000,1000,1,24065.8987,0.0000,0.8974,3608.9376,0.0000,0.1213,10.3312,0.0000,0.0188,27685.1675,0.0000,1.0375,27685.1680,24,0
53500.0000,5350,2005,2.7000,5,1000,1000,1,24070.2948,0.0000,0.8974,3608.2630,0.0000,0.1213,10.3292,0.0000,0.0187,27688.8870,0.0000,1.0375,27688.8867,24,0
53510.0000,5351,2006,2.7000,6,1000,1000,1,24075.3139,0.0000,0.8975,3607.5887,0.0000,0.1213,10.3273,0.0000,0.0187,27693.2299,0.0000,1.0375,27693.2305,25,0
53520.0000,5352,2011,2.7000,11,1000,1000,1,24078.9496,0.0000,0.8976,3606.9146,0.0000,0.1213,10.3254,0.0000,0.0187,27696.1896,0.0000,1.0376,27696.1895,25,0
53530.0000,5353,2005,2.7000,5,1000,1000,1,24083.0954,0.0000,0.8975,3606.2408,0.0000,0.1212,10.3234,0.0000,0.0187,27699.6596,0.0000,1.0375,27699.6602,24,0
53540.0000,5354,2004,2.7000,4,1000,1000,1,24088.2494,0.0000,0.8975,3605.5673,0.0000,0.1212,10.3215,0.0000,0.0187,27704.1382,0.0000,1.0375,27704.1387,24,0
53550.0000,5355,1999,2.7000,1,998,1000,1,24093.1438,0.0000,0.8974,3630.0463,0.0000,0.1212,10.3196,0.0000,0.0187,27733.5097,0.0000,1.0374,27733.5098,24,0
53560.0000,5356,2008,2.7000,8,1000,1000,1,24096.5109,0.0000,0.8975,3630.4607,0.0000,0.1212,10.3177,0.0000,0.0187,27737.2893,0.0000,1.0375,27737.2891,25,0
53570.0000,5357,2002,2.7000,2,1000,1000,1,24100.8878,0.0000,0.8976,3629.7830,0.0000,0.1212,10.3157,0.0000,0.0187,27740.9866,0.0000,1.0375,27740.9863,24,0
53580.0000,5358,2008,2.7000,8,1000,1000,1,24106.4877,0.0000,0.8976,3631.9096,0.0000,0.1212,10.3138,0.0000,0.0187,27748.7111,0.0000,1.0376,27748.7109,25,0
53590.0000,5359,2007,2.7000,7,1000,1000,1,24110.9388,0.0000,0.8976,3631.2319,0.0000,0.1212,10.3119,0.0000,0.0187,27752.4826,0.0000,1.0376,27752.4824,25,0
53600.0000,5360,2007,2.7000,7,1000,1000,1,24115.3750,0.0000,0.8976,3630.5544,0.0000,0.1212,10.3100,0.0000,0.0187,27756.2394,0.0000,1.0375,27756.2402,25,0
53610.0000,5361,2007,2.7000,7,1000,1000,1,24116.8500,0.0000,0.8976,3629.8772,0.0000,0.1212,10.3080,0.0000,0.0187,27757.0352,0.0000,1.0375,27757.0352,25,0
53620.0000,5362,2008,2.7000,8,1000,1000,1,24124.2160,0.0000,0.8977,3629.2002,0.0000,0.1211,10.3061,0.0000,0.0187,27763.7223,0.0000,1.0375,27763.7227,25,0
53630.0000,5363,2005,2.7000,5,1000,1000,1,24127.7301,0.0000,0.8977,3628.5235,0.0000,0.1211,10.3042,0.0000,0.0187,27766.5579,0.0000,1.0375,27766.5586,24,0
53640.0000,5364,1999,2.7000,1,998,1000,1,24133.2289,0.0000,0.8976,3635.3472,0.0000,0.1211,10.3023,0.0000,0.0187,27778.8784,0.0000,1.0374,27778.8789,24,0
53650.0000,5365,2000,2.7000,0,1000,1000,1,24135.5720,0.0000,0.8975,3635.6872,0.0000,0.1212,10.3004,0.0000,0.0187,27781.5596,0.0000,1.0374,27781.5586,24,0
53660.0000,5366,2003,2.7000,3,1000,1000,1,24141.5121,0.0000,0.8975,3635.0096,0.0000,0.1212,10.2984,0.0000,0.0187,27786.8201,0.0000,1.0374,27786.8203,24,0
53670.0000,5367,2005,2.7000,5,1000,1000,1,24147.0041,0.0000,0.8976,3634.3323,0.0000,0.1212,10.2965,0.0000,0.0187,27791.6330,0.0000,1.0374,27791.6328,24,0
53680.0000,5368,2008,2.7000,8,1000,1000,1,24150.3852,0.0000,0.8976,3633.6553,0.0000,0.1211,10.2946,0.0000,0.0187,27794.3351,0.0000,1.0374,27794.3359,25,0
53690.0000,5369,2011,2.7000,11,1000,1000,1,24155.8386,0.0000,0.8977,3632.9785,0.0000,0.1211,10.2927,0.0000,0.0187,27799.1099,0.0000,1.0375,27799.1094,25,0
53700.0000,5370,2013,2.7000,13,1000,1000,1,24160.3923,0.0000,0.8977,3632.3020,0.0000,0.1211,10.2908,0.0000,0.0187,27802.9850,0.0000,1.0375,27802.9844,25,0
53710.0000,5371,2017,2.7000,17,1000,1000,1,24164.5365,0.0000,0.8978,3631.6257,0.0000,0.1211,10.2889,0.0000,0.0187,27806.4511,0.0000,1.0376,27806.4512,25,0
53720.0000,5372,2014,2.7000,14,1000,1000,1,24166.7977,0.0000,0.8977,3630.9497,0.0000,0.1211,10.2869,0.0000,0.0187,27808.0344,0.0000,1.0374,27808.0352,25,0
53730.0000,5373,2011,2.7000,11,1000,1000,1,24173.0571,0.0000,0.8977,3630.2739,0.0000,0.1210,10.2850,0.0000,0.0187,27813.6160,0.0000,1.0374,27813.6152,25,0
53740.0000,5374,2017,2.7000,17,1000,1000,1,24177.6809,0.0000,0.8977,3629.5984,0.0000,0.1210,10.2831,0.0000,0.0187,27817.5624,0.0000,1.0374,27817.5625,25,0
53750.0000,5375,2012,2.7000,12,1000,1000,1,24182.1946,0.0000,0.8977,3628.9231,0.0000,0.1210,10.2812,0.0000,0.0187,27821.3989,0.0000,1.0373,27821.3984,25,0
53760.0000,5376,2007,2.7000,7,1000,1000,1,24185.7291,0.0000,0.8977,3628.2481,0.0000,0.1210,10.2793,0.0000,0.0187,27824.2564,0.0000,1.0374,27824.2559,25,0
53770.0000,5377,2006,2.7000,6,1000,1000,1,24190.8874,0.0000,0.8978,3627.5733,0.0000,0.1209,10.2774,0.0000,0.0187,27828.7381,0.0000,1.0374,27828.7383,25,0
53780.0000,5378,2007,2.7000,7,1000,1000,1,24196.0114,0.0000,0.8978,3626.8988,0.0000,0.1209,10.2755,0.0000,0.0187,27833.1856,0.0000,1.0373,27833.1855,25,0
53790.0000,5379,2009,2.7000,9,1000,1000,1,24200.6380,0.0000,0.8978,3626.2245,0.0000,0.1209,10.2736,0.0000,0.0186,27837.1361,0.0000,1.0374,27837.1367,25,0
53800.0000,5380,2008,2.7000,8,1000,1000,1,24204.8224,0.0000,0.8978,3625.5505,0.0000,0.1209,10.2716,0.0000,0.0186,27840.6446,0.0000,1.0374,27840.6445,25,0
53810.0000,5381,2010,2.7000,10,1000,1000,1,24208.2055,0.0000,0.8979,3624.8767,0.0000,0.1209,10.2697,0.0000,0.0186,27843.3520,0.0000,1.0374,27843.3516,25,0
53820.0000,5382,1999,2.7000,0,999,1000,1,24212.2692,0.0000,0.8978,3645.0277,0.0000,0.1208,10.2678,0.0000,0.0186,27867.5648,0.0000,1.0373,27867.5645,24,0
53830.0000,5383,2005,2.7000,5,1000,1000,1,24218.4888,0.0000,0.8979,3644.6028,0.0000,0.1208,10.2659,0.0000,0.0186,27873.3575,0.0000,1.0373,27873.3574,24,0
53840.0000,5384,2004,2.7000,4,1000,1000,1,24222.8261,0.0000,0.8979,3643.9259,0.0000,0.1208,10.2640,0.0000,0.0186,27877.0160,0.0000,1.0373,27877.0156,24,0
53850.0000,5385,2002,2.7000,2,1000,1000,1,24226.8903,0.0000,0.8978,3643.2492,0.0000,0.1208,10.2621,0.0000,0.0186,27880.4016,0.0000,1.0373,27880.4023,24,0
53860.0000,5386,1998,2.7000,0,998,1000,1,24230.0371,0.0000,0.8978,3647.1818,0.0000,0.1208,10.2602,0.0000,0.0186,27887.4792,0.0000,1.0373,27887.4785,24,0
53870.0000,5387,2001,2.7000,1,1000,1000,1,24235.2209,0.0000,0.8978,3647.3599,0.0000,0.1209,10.2583,0.0000,0.0186,27892.8391,0.0000,1.0373,27892.8398,24,0
53880.0000,5388,2002,2.7000,2,1000,1000,1,24239.7761,0.0000,0.8978,3647.8836,0.0000,0.1209,10.2564,0.0000,0.0186,27897.9161,0.0000,1.0373,27897.9160,24,0
53890.0000,5389,2005,2.7000,5,1000,1000,1,24244.5677,0.0000,0.8978,3647.8703,0.0000,0.1209,10.2545,0.0000,0.0186,27902.6925,0.0000,1.0373,27902.6934,24,0
53900.0000,5390,2001,2.7000,1,1000,1000,1,24248.7675,0.0000,0.8978,3649.0533,0.0000,0.1209,10.2526,0.0000,0.0186,27908.0734,0.0000,1.0373,27908.0742,24,0
53910.0000,5391,2003,2.7000,3,1000,1000,1,24251.9494,0.0000,0.8978,3648.9465,0.0000,0.1209,10.2507,0.0000,0.0186,27911.1466,0.0000,1.0373,27911.1465,24,0
53920.0000,5392,2000,2.7000,0,1000,1000,1,24256.6528,0.0000,0.8977,3648.2698,0.0000,0.1209,10.2488,0.0000,0.0186,27915.1714,0.0000,1.0372,27915.1719,24,0
53930.0000,5393,2002,2.7000,2,1000,1000,1,24262.3151,0.0000,0.8978,3647.5933,0.0000,0.1208,10.2469,0.0000,0.0186,27920.1553,0.0000,1.0372,27920.1543,24,0
53940.0000,5394,2005,2.7000,5,1000,1000,1,24267.7343,0.0000,0.8978,3646.9171,0.0000,0.1208,10.2450,0.0000,0.0186,27924.8964,0.0000,1.0372,27924.8965,24,0
53950.0000,5395,2008,2.7000,8,1000,1000,1,24271.7714,0.0000,0.8978,3646.2411,0.0000,0.1208,10.2431,0.0000,0.0186,27928.2556,0.0000,1.0372,27928.2559,25,0
53960.0000,5396,2000,2.7000,0,1000,1000,1,24272.4877,0.0000,0.8977,3652.3448,0.0000,0.1208,10.2412,0.0000,0.0186,27935.0737,0.0000,1.0371,27935.0742,24,0
53970.0000,5397,2004,2.7000,4,1000,1000,1,24281.2022,0.0000,0.8977,3652.0011,0.0000,0.1208,10.2393,0.0000,0.0186,27943.4426,0.0000,1.0371,27943.4434,24,0
53980.0000,5398,2004,2.7000,4,1000,1000,1,24285.4897,0.0000,0.8977,3651.3245,0.0000,0.1208,10.2374,0.0000,0.0186,27947.0516,0.0000,1.0371,27947.0508,24,0
53990.0000,5399,2001,2.7000,1,1000,1000,1,24288.8176,0.0000,0.8977,3653.5223,0.0000,0.1208,10.2355,0.0000,0.0186,27952.5755,0.0000,1.0371,27952.5762,24,0
54000.0000,5400,2005,2.7000,5,1000,1000,1,24294.1779,0.0000,0.8977,3652.8458,0.0000,0.1208,10.2336,0.0000,0.0186,27957.2573,0.0000,1.0371,27957.2578,24,0
54010.0000,5401,2001,2.7000,1,1000,1000,1,24297.2030,0.0000,0.8976,3655.0635,0.0000,0.1208,10.2317,0.0000,0.0186,27962.4982,0.0000,1.0370,27962.4980,24,0
54020.0000,5402,2006,2.7000,6,1000,1000,1,24302.9037,0.0000,0.8977,3654.3869,0.0000,0.1208,10.2298,0.0000,0.0186,27967.5204,0.0000,1.0370,27967.5195,25,0
54030.0000,5403,2009,2.7000,9,1000,1000,1,24308.2150,0.0000,0.8977,3653.7105,0.0000,0.1207,10.2279,0.0000,0.0186,27972.1534,0.0000,1.0370,27972.1543,25,0
54040.0000,5404,2012,2.7000,12,1000,1000,1,24312.6253,0.0000,0.8977,3653.0344,0.0000,0.1207,10.2260,0.0000,0.0186,27975.8857,0.0000,1.0370,27975.8867,25,0
54050.0000,5405,2015,2.7000,15,1000,1000,1,24316.2419,0.0000,0.8978,3652.3585,0.0000,0.1207,10.2241,0.0000,0.0186,27978.8246,0.0000,1.0370,27978.8242,25,0
54060.0000,5406,2013,2.7000,13,1000,1000,1,24321.2656,0.0000,0.8977,3651.6829,0.0000,0.1207,10.2222,0.0000,0.0186,27983.1708,0.0000,1.0370,27983.1699,25,0
54070.0000,5407,2011,2.7000,11,1000,1000,1,24325.2940,0.0000,0.8977,3651.0076,0.0000,0.1207,10.2203,0.0000,0.0186,27986.5219,0.0000,1.0369,27986.5215,25,0
54080.0000,5408,2016,2.7000,16,1000,1000,1,24330.5829,0.0000,0.8978,3650.3324,0.0000,0.1206,10.2185,0.0000,0.0185,27991.1338,0.0000,1.0369,27991.1328,25,0
54090.0000,5409,2009,2.7000,9,1000,1000,1,24333.2241,0.0000,0.8977,3649.6576,0.0000,0.1206,10.2166,0.0000,0.0185,27993.0982,0.0000,1.0369,27993.0977,25,0
54100.0000,5410,2007,2.7000,7,1000,1000,1,24336.8143,0.0000,0.8977,3648.9830,0.0000,0.1206,10.2147,0.0000,0.0185,27996.0119,0.0000,1.0368,27996.0117,25,0
54110.0000,5411,2002,2.7000,2,1000,1000,1,24343.2077,0.0000,0.8976,3648.3086,0.0000,0.1206,10.2128,0.0000,0.0185,28001.7291,0.0000,1.0367,28001.7285,24,0
54120.0000,5412,2003,2.7000,3,1000,1000,1,24348.0763,0.0000,0.8977,3660.9179,0.0000,0.1206,10.2109,0.0000,0.0185,28019.2050,0.0000,1.0368,28019.2051,24,0
54130.0000,5413,2000,2.7000,0,1000,1000,1,24351.4400,0.0000,0.8976,3660.2416,0.0000,0.1205,10.2090,0.0000,0.0185,28021.8905,0.0000,1.0367,28021.8906,24,0
54140.0000,5414,2004,2.7000,4,1000,1000,1,24357.0829,0.0000,0.8977,3661.1425,0.0000,0.1205,10.2071,0.0000,0.0185,28028.4326,0.0000,1.0368,28028.4316,24,0
54150.0000,5415,2007,2.7000,7,1000,1000,1,24361.6547,0.0000,0.8978,3660.4664,0.0000,0.1205,10.2052,0.0000,0.0185,28032.3264,0.0000,1.0368,28032.3262,25,0
54160.0000,5416,2007,2.7000,7,1000,1000,1,24365.5647,0.0000,0.8978,3659.7905,0.0000,0.1205,10.2034,0.0000,0.0185,28035.5586,0.0000,1.0368,28035.5586,25,0
54170.0000,5417,1998,2.7000,0,998,1000,1,24368.3415,0.0000,0.8977,3659.1149,0.0000,0.1205,10.2015,0.0000,0.0185,28037.6579,0.0000,1.0367,28037.6582,24,0
54180.0000,5418,1999,2.7000,0,999,1000,1,24374.7291,0.0000,0.8978,3663.4768,0.0000,0.1205,10.1996,0.0000,0.0185,28048.4055,0.0000,1.0368,28048.4062,24,0
54190.0000,5419,2004,2.7000,4,1000,1000,1,24376.2553,0.0000,0.8977,3663.6112,0.0000,0.1205,10.1977,0.0000,0.0185,28050.0642,0.0000,1.0368,28050.0645,24,0
54200.0000,5420,2008,2.7000,8,1000,1000,1,24383.8307,0.0000,0.8978,3662.9353,0.0000,0.1205,10.1958,0.0000,0.0185,28056.9618,0.0000,1.0368,28056.9609,25,0
54210.0000,5421,2006,2.7000,6,1000,1000,1,24387.9392,0.0000,0.8978,3662.2596,0.0000,0.1205,10.1940,0.0000,0.0185,28060.3928,0.0000,1.0367,28060.3926,25,0
54220.0000,5422,2001,2.7000,1,1000,1000,1,24393.3651,0.0000,0.8977,3661.5842,0.0000,0.1205,10.1921,0.0000,0.0185,28065.1413,0.0000,1.0366,28065.1406,24,0
54230.0000,5423,2004,2.7000,4,1000,1000,1,24397.6066,0.0000,0.8978,3666.1476,0.0000,0.1205,10.1902,0.0000,0.0185,28073.9445,0.0000,1.0368,28073.9453,24,0
54240.0000,5424,2003,2.7000,3,1000,1000,1,24401.8368,0.0000,0.8978,3665.4717,0.0000,0.1205,10.1883,0.0000,0.0185,28077.4968,0.0000,1.0368,28077.4961,24,0
54250.0000,5425,2008,2.7000,8,1000,1000,1,24406.4825,0.0000,0.8978,3664.7961,0.0000,0.1205,10.1864,0.0000,0.0185,28081.4650,0.0000,1.0368,28081.4648,25,0
54260.0000,5426,2008,2.7000,8,1000,1000,1,24409.7211,0.0000,0.8978,3664.1206,0.0000,0.1205,10.1846,0.0000,0.0185,28084.0263,0.0000,1.0368,28084.0254,25,0
54270.0000,5427,2004,2.7000,4,1000,1000,1,24415.1804,0.0000,0.8978,3668.2735,0.0000,0.1205,10.1827,0.0000,0.0185,28093.6366,0.0000,1.0368,28093.6367,24,0
54280.0000,5428,2001,2.7000,1,1000,1000,1,24418.6854,0.0000,0.8978,3667.5977,0.0000,0.1204,10.1808,0.0000,0.0185,28096.4639,0.0000,1.0367,28096.4648,24,0
54290.0000,5429,2003,2.7000,3,1000,1000,1,24423.1900,0.0000,0.8978,3666.9222,0.0000,0.1204,10.1789,0.0000,0.0185,28100.2911,0.0000,1.0367,28100.2910,24,0
54300.0000,5430,2005,2.7000,5,1000,1000,1,24427.7803,0.0000,0.8979,3666.2469,0.0000,0.1204,10.1771,0.0000,0.0185,28104.2042,0.0000,1.0367,28104.2051,24,0
54310.0000,5431,2011,2.7000,11,1000,1000,1,24433.5029,0.0000,0.8980,3665.5718,0.0000,0.1204,10.1752,0.0000,0.0185,28109.2499,0.0000,1.0368,28109.2500,25,0
54320.0000,5432,2008,2.7000,8,1000,1000,1,24437.5396,0.0000,0.8980,3664.8970,0.0000,0.1204,10.1733,0.0000,0.0185,28112.6099,0.0000,1.0368,28112.6094,25,0
54330.0000,5433,2011,2.7000,11,1000,1000,1,24439.9704,0.0000,0.8979,3664.2224,0.0000,0.1203,10.1714,0.0000,0.0185,28114.3642,0.0000,1.0367,28114.3633,25,0
54340.0000,5434,2009,2.7000,9,1000,1000,1,24446.5879,0.0000,0.8979,3663.5481,0.0000,0.1203,10.1696,0.0000,0.0185,28120.3056,0.0000,1.0366,28120.3047,25,0
54350.0000,5435,2004,2.7000,4,1000,1000,1,24450.4626,0.0000,0.8978,3662.8741,0.0000,0.1203,10.1677,0.0000,0.0185,28123.5043,0.0000,1.0366,28123.5039,24,0
54360.0000,5436,2006,2.7000,6,1000,1000,1,24455.9300,0.0000,0.8978,3662.2002,0.0000,0.1203,10.1658,0.0000,0.0185,28128.2961,0.0000,1.0366,28128.2969,25,0
54370.0000,5437,2002,2.7000,2,1000,1000,1,24460.0131,0.0000,0.8978,3661.5267,0.0000,0.1203,10.1640,0.0000,0.0184,28131.7038,0.0000,1.0365,28131.7031,24,0
54380.0000,5438,2002,2.7000,3,999,1000,1,24464.6708,0.0000,0.8978,3674.3541,0.0000,0.1202,10.1621,0.0000,0.0184,28149.1870,0.0000,1.0365,28149.1875,24,0
54390.0000,5439,2011,2.7000,11,1000,1000,1,24469.1204,0.0000,0.8979,3674.1114,0.0000,0.1202,10.1602,0.0000,0.0184,28153.3921,0.0000,1.0366,28153.3926,25,0
54400.0000,5440,2008,2.7000,8,1000,1000,1,24472.0816,0.0000,0.8979,3673.4360,0.0000,0.1202,10.1584,0.0000,0.0184,28155.6760,0.0000,1.0366,28155.6758,25,0
54410.0000,5441,2004,2.7000,4,1000,1000,1,24478.3401,0.0000,0.8980,3672.7609,0.0000,0.1202,10.1565,0.0000,0.0184,28161.2574,0.0000,1.0366,28161.2578,24,0
54420.0000,5442,2007,2.7000,7,1000,1000,1,24481.2931,0.0000,0.8979,3672.0860,0.0000,0.1202,10.1546,0.0000,0.0184,28163.5337,0.0000,1.0365,28163.5332,25,0
54430.0000,5443,2008,2.7000,8,1000,1000,1,24487.1400,0.0000,0.8979,3671.4114,0.0000,0.1202,10.1528,0.0000,0.0184,28168.7041,0.0000,1.0365,28168.7051,25,0
54440.0000,5444,2011,2.7000,11,1000,1000,1,24490.3840,0.0000,0.8980,3670.7370,0.0000,0.1201,10.1509,0.0000,0.0184,28171.2719,0.0000,1.0365,28171.2715,25,0
54450.0000,5445,2013,2.7000,13,1000,1000,1,24495.9695,0.0000,0.8979,3670.0628,0.0000,0.1201,10.1490,0.0000,0.0184,28176.1814,0.0000,1.0365,28176.1816,25,0
54460.0000,5446,2012,2.7000,12,1000,1000,1,24500.4634,0.0000,0.8980,3669.3889,0.0000,0.1201,10.1472,0.0000,0.0184,28179.9995,0.0000,1.0365,28180.0000,25,0
54470.0000,5447,2012,2.7000,12,1000,1000,1,24504.4935,0.0000,0.8980,3668.7153,0.0000,0.1201,10.1453,0.0000,0.0184,28183.3541,0.0000,1.0364,28183.3535,25,0
54480.0000,5448,2014,2.7000,14,1000,1000,1,24509.5618,0.0000,0.8979,3668.0419,0.0000,0.1200,10.1434,0.0000,0.0184,28187.7471,0.0000,1.0364,28187.7461,25,0
54490.0000,5449,2009,2.7000,9,1000,1000,1,24514.1694,0.0000,0.8979,3667.3687,0.0000,0.1200,10.1416,0.0000,0.0184,28191.6796,0.0000,1.0363,28191.6797,25,0
54500.0000,5450,2008,2.7000,8,1000,1000,1,24515.7921,0.0000,0.8979,3666.6958,0.0000,0.1200,10.1397,0.0000,0.0184,28192.6276,0.0000,1.0363,28192.6270,25,0
54510.0000,5451,2010,2.7000,10,1000,1000,1,24523.2732,0.0000,0.8980,3666.0231,0.0000,0.1200,10.1379,0.0000,0.0184,28199.4342,0.0000,1.0363,28199.4336,25,0
54520.0000,5452,2010,2.7000,10,1000,1000,1,24526.9518,0.0000,0.8980,3665.3507,0.0000,0.1200,10.1360,0.0000,0.0184,28202.4385,0.0000,1.0363,28202.4395,25,0
54530.0000,5453,2015,2.7000,15,1000,1000,1,24532.0870,0.0000,0.8980,3664.6785,0.0000,0.1199,10.1341,0.0000,0.0184,28206.8997,0.0000,1.0364,28206.9004,25,0
54540.0000,5454,2014,2.7000,14,1000,1000,1,24535.2410,0.0000,0.8981,3664.0066,0.0000,0.1199,10.1323,0.0000,0.0184,28209.3799,0.0000,1.0364,28209.3809,25,0
54550.0000,5455,2019,2.7000,19,1000,1000,1,24540.0042,0.0000,0.8982,3663.3349,0.0000,0.1199,10.1304,0.0000,0.0184,28213.4696,0.0000,1.0365,28213.4688,25,0
54560.0000,5456,2018,2.7000,18,1000,1000,1,24545.4351,0.0000,0.8982,3662.6635,0.0000,0.1199,10.1286,0.0000,0.0184,28218.2272,0.0000,1.0365,28218.2266,25,0
54570.0000,5457,2019,2.7000,19,1000,1000,1,24550.1092,0.0000,0.8983,3661.9923,0.0000,0.1198,10.1267,0.0000,0.0184,28222.2282,0.0000,1.0365,28222.2285,25,0
54580.0000,5458,2014,2.7000,14,1000,1000,1,24553.7876,0.0000,0.8982,3661.3214,0.0000,0.1198,10.1248,0.0000,0.0184,28225.2338,0.0000,1.0364,28225.2344,25,0
54590.0000,5459,2012,2.7000,12,1000,1000,1,24558.2072,0.0000,0.8982,3660.6507,0.0000,0.1198,10.1230,0.0000,0.0184,28228.9809,0.0000,1.0364,28228.9805,25,0
54600.0000,5460,2013,2.7000,13,1000,1000,1,24563.5880,0.0000,0.8983,3659.9802,0.0000,0.1198,10.1211,0.0000,0.0184,28233.6894,0.0000,1.0364,28233.6895,25,0
54610.0000,5461,2014,2.7000,14,1000,1000,1,24566.6284,0.0000,0.8983,3659.3100,0.0000,0.1198,10.1193,0.0000,0.0184,28236.0577,0.0000,1.0364,28236.0586,25,0
54620.0000,5462,2009,2.7000,9,1000,1000,1,24569.7846,0.0000,0.8982,3658.6401,0.0000,0.1197,10.1174,0.0000,0.0184,28238.5421,0.0000,1.0363,28238.5430,25,0
54630.0000,5463,2017,2.7000,17,1000,1000,1,24576.0496,0.0000,0.8983,3657.9704,0.0000,0.1197,10.1156,0.0000,0.0184,28244.1356,0.0000,1.0364,28244.1348,25,0
54640.0000,5464,2020,2.7000,20,1000,1000,1,24581.5020,0.0000,0.8984,3657.3009,0.0000,0.1197,10.1137,0.0000,0.0184,28248.9167,0.0000,1.0365,28248.9160,25,0
54650.0000,5465,2018,2.7000,18,1000,1000,1,24580.7541,0.0000,0.8984,3656.6317,0.0000,0.1197,10.1119,0.0000,0.0184,28247.4977,0.0000,1.0364,28247.4980,25,0
54660.0000,5466,2013,2.7000,13,1000,1000,1,24589.3438,0.0000,0.8984,3655.9627,0.0000,0.1196,10.1100,0.0000,0.0183,28255.4165,0.0000,1.0364,28255.4160,25,0
54670.0000,5467,2011,2.7000,11,1000,1000,1,24591.6841,0.0000,0.8984,3655.2940,0.0000,0.1196,10.1082,0.0000,0.0183,28257.0862,0.0000,1.0363,28257.0859,25,0
54680.0000,5468,2007,2.7000,7,1000,1000,1,24597.4975,0.0000,0.8984,3654.6255,0.0000,0.1196,10.1063,0.0000,0.0183,28262.2293,0.0000,1.0363,28262.2285,25,0
54690.0000,5469,1999,2.7000,1,998,1000,1,24603.6864,0.0000,0.8983,3690.8968,0.0000,0.1197,10.1045,0.0000,0.0183,28304.6877,0.0000,1.0363,28304.6875,24,0
54700.0000,5470,2002,2.7000,3,999,1000,1,24607.6379,0.0000,0.8983,3690.8895,0.0000,0.1197,10.1026,0.0000,0.0183,28308.6300,0.0000,1.0364,28308.6309,24,0
54710.0000,5471,2002,2.7000,2,1000,1000,1,24611.0348,0.0000,0.8983,3690.8561,0.0000,0.1197,10.1008,0.0000,0.0183,28311.9917,0.0000,1.0363,28311.9922,24,0
54720.0000,5472,2007,2.7000,7,1000,1000,1,24616.9374,0.0000,0.8983,3691.9717,0.0000,0.1197,10.0989,0.0000,0.0183,28319.0080,0.0000,1.0364,28319.0078,25,0
54730.0000,5473,2001,2.7000,1,1000,1000,1,24619.5967,0.0000,0.8982,3691.2971,0.0000,0.1197,10.0971,0.0000,0.0183,28320.9909,0.0000,1.0363,28320.9902,24,0
54740.0000,5474,1998,2.7000,0,998,1000,1,24624.8267,0.0000,0.8982,3690.6228,0.0000,0.1197,10.0953,0.0000,0.0183,28325.5447,0.0000,1.0362,28325.5449,24,0
54750.0000,5475,2004,2.7000,4,1000,1000,1,24627.9226,0.0000,0.8982,3693.3899,0.0000,0.1197,10.0934,0.0000,0.0183,28331.4060,0.0000,1.0363,28331.4062,24,0
54760.0000,5476,2008,2.7000,8,1000,1000,1,24633.3279,0.0000,0.8983,3692.7155,0.0000,0.1197,10.0916,0.0000,0.0183,28336.1350,0.0000,1.0363,28336.1348,25,0
54770.0000,5477,2010,2.7000,10,1000,1000,1,24638.1690,0.0000,0.8983,3692.0412,0.0000,0.1197,10.0897,0.0000,0.0183,28340.3000,0.0000,1.0363,28340.3008,25,0
54780.0000,5478,2014,2.7000,14,1000,1000,1,24643.9084,0.0000,0.8983,3691.3673,0.0000,0.1196,10.0879,0.0000,0.0183,28345.3636,0.0000,1.0363,28345.3633,25,0
54790.0000,5479,2012,2.7000,12,1000,1000,1,24647.0312,0.0000,0.8982,3690.6935,0.0000,0.1196,10.0860,0.0000,0.0183,28347.8107,0.0000,1.0362,28347.8105,25,0
54800.0000,5480,2007,2.7000,7,1000,1000,1,24646.0875,0.0000,0.8981,3690.0201,0.0000,0.1196,10.0842,0.0000,0.0183,28346.1918,0.0000,1.0360,28346.1914,25,0
54810.0000,5481,2003,2.7000,3,1000,1000,1,24655.3937,0.0000,0.8980,3689.3468,0.0000,0.1196,10.0824,0.0000,0.0183,28354.8229,0.0000,1.0359,28354.8223,24,0
54820.0000,5482,2005,2.7000,5,1000,1000,1,24661.0456,0.0000,0.8981,3688.6738,0.0000,0.1196,10.0805,0.0000,0.0183,28359.8000,0.0000,1.0359,28359.8008,24,0
54830.0000,5483,2007,2.7000,7,1000,1000,1,24665.8453,0.0000,0.8981,3697.9224,0.0000,0.1196,10.0787,0.0000,0.0183,28373.8464,0.0000,1.0360,28373.8457,25,0
54840.0000,5484,2010,2.7000,10,1000,1000,1,24670.5955,0.0000,0.8981,3697.2481,0.0000,0.1196,10.0768,0.0000,0.0183,28377.9204,0.0000,1.0360,28377.9199,25,0
54850.0000,5485,2001,2.7000,1,1000,1000,1,24675.6296,0.0000,0.8980,3696.5740,0.0000,0.1196,10.0750,0.0000,0.0183,28382.2786,0.0000,1.0359,28382.2793,24,0
54860.0000,5486,1999,2.7000,0,999,1000,1,24676.7638,0.0000,0.8979,3699.7490,0.0000,0.1196,10.0732,0.0000,0.0183,28386.5860,0.0000,1.0358,28386.5859,24,0
54870.0000,5487,2009,2.7000,9,1000,1000,1,24684.4880,0.0000,0.8980,3699.5270,0.0000,0.1196,10.0713,0.0000,0.0183,28394.0863,0.0000,1.0359,28394.0859,25,0
54880.0000,5488,2009,2.7000,9,1000,1000,1,24688.1432,0.0000,0.8980,3698.8529,0.0000,0.1196,10.0695,0.0000,0.0183,28397.0656,0.0000,1.0358,28397.0664,25,0
54890.0000,5489,2019,2.7000,19,1000,1000,1,24693.2147,0.0000,0.8981,3698.1790,0.0000,0.1196,10.0677,0.0000,0.0183,28401.4614,0.0000,1.0359,28401.4609,25,0
54900.0000,5490,2019,2.7000,19,1000,1000,1,24695.3537,0.0000,0.8981,3697.5054,0.0000,0.1196,10.0658,0.0000,0.0183,28402.9249,0.0000,1.0359,28402.9258,25,0
54910.0000,5491,2013,2.7000,13,1000,1000,1,24702.5198,0.0000,0.8981,3696.8320,0.0000,0.1195,10.0640,0.0000,0.0183,28409.4158,0.0000,1.0359,28409.4160,25,0
54920.0000,5492,2015,2.7000,15,1000,1000,1,24706.3708,0.0000,0.8980,3696.1589,0.0000,0.1195,10.0622,0.0000,0.0183,28412.5919,0.0000,1.0358,28412.5918,25,0
54930.0000,5493,2011,2.7000,11,1000,1000,1,24711.4628,0.0000,0.8980,3695.4860,0.0000,0.1195,10.0603,0.0000,0.0183,28417.0092,0.0000,1.0358,28417.0098,25,0
54940.0000,5494,2011,2.7000,11,1000,1000,1,24714.7420,0.0000,0.8981,3694.8134,0.0000,0.1195,10.0585,0.0000,0.0183,28419.6139,0.0000,1.0358,28419.6133,25,0
54950.0000,5495,2011,2.7000,11,1000,1000,1,24720.1635,0.0000,0.8981,3694.1410,0.0000,0.1195,10.0567,0.0000,0.0183,28424.3612,0.0000,1.0358,28424.3613,25,0
54960.0000,5496,2014,2.7000,14,1000,1000,1,24723.3181,0.0000,0.8982,3693.4688,0.0000,0.1194,10.0548,0.0000,0.0182,28426.8418,0.0000,1.0359,28426.8418,25,0
54970.0000,5497,2019,2.7000,19,1000,1000,1,24728.2353,0.0000,0.8983,3692.7969,0.0000,0.1194,10.0530,0.0000,0.0182,28431.0853,0.0000,1.0359,28431.0859,25,0
54980.0000,5498,2015,2.7000,15,1000,1000,1,24733.0755,0.0000,0.8983,3692.1253,0.0000,0.1194,10.0512,0.0000,0.0182,28435.2520,0.0000,1.0360,28435.2520,25,0
54990.0000,5499,2017,2.7000,17,1000,1000,1,24738.4821,0.0000,0.8983,3691.4539,0.0000,0.1194,10.0494,0.0000,0.0182,28439.9854,0.0000,1.0359,28439.9863,25,0
55000.0000,5500,2015,2.7000,15,1000,1000,1,24741.7534,0.0000,0.8982,3690.7827,0.0000,0.1193,10.0475,0.0000,0.0182,28442.5836,0.0000,1.0358,28442.5840,25,0
55010.0000,5501,2013,2.7000,13,1000,1000,1,24747.1586,0.0000,0.8983,3690.1118,0.0000,0.1193,10.0457,0.0000,0.0182,28447.3160,0.0000,1.0358,28447.3164,25,0
55020.0000,5502,2009,2.7000,9,1000,1000,1,24751.6672,0.0000,0.8982,3689.4411,0.0000,0.1193,10.0439,0.0000,0.0182,28451.1521,0.0000,1.0357,28451.1523,25,0
55030.0000,5503,2009,2.7000,9,1000,1000,1,24756.1109,0.0000,0.8982,3688.7706,0.0000,0.1193,10.0421,0.0000,0.0182,28454.9236,0.0000,1.0357,28454.9238,25,0
55040.0000,5504,2007,2.7000,7,1000,1000,1,24760.0985,0.0000,0.8981,3688.1004,0.0000,0.1193,10.0402,0.0000,0.0182,28458.2392,0.0000,1.0356,28458.2383,25,0
55050.0000,5505,2005,2.7000,5,1000,1000,1,24765.1010,0.0000,0.8981,3687.4305,0.0000,0.1192,10.0384,0.0000,0.0182,28462.5698,0.0000,1.0356,28462.5703,24,0
55060.0000,5506,2012,2.7000,12,1000,1000,1,24769.8331,0.0000,0.8982,3686.7608,0.0000,0.1192,10.0366,0.0000,0.0182,28466.6304,0.0000,1.0357,28466.6309,25,0
55070.0000,5507,2013,2.7000,13,1000,1000,1,24772.7070,0.0000,0.8982,3686.0913,0.0000,0.1192,10.0348,0.0000,0.0182,28468.8330,0.0000,1.0356,28468.8340,25,0
55080.0000,5508,2009,2.7000,9,1000,1000,1,24778.3573,0.0000,0.8982,3685.4221,0.0000,0.1192,10.0329,0.0000,0.0182,28473.8123,0.0000,1.0356,28473.8125,25,0
55090.0000,5509,2005,2.7000,5,1000,1000,1,24782.9228,0.0000,0.8982,3684.7531,0.0000,0.1192,10.0311,0.0000,0.0182,28477.7070,0.0000,1.0356,28477.7070,24,0
55100.0000,5510,2003,2.7000,3,1000,1000,1,24784.3038,0.0000,0.8981,3684.0844,0.0000,0.1191,10.0293,0.0000,0.0182,28478.4175,0.0000,1.0354,28478.4180,24,0
55110.0000,5511,2004,2.7000,4,1000,1000,1,24792.1699,0.0000,0.8981,3683.4159,0.0000,0.1191,10.0275,0.0000,0.0182,28485.6133,0.0000,1.0354,28485.6133,24,0
55120.0000,5512,2001,2.7000,1,1000,1000,1,24796.5592,0.0000,0.8980,3712.8011,0.0000,0.1191,10.0257,0.0000,0.0182,28519.3859,0.0000,1.0353,28519.3867,24,0
55130.0000,5513,2005,2.7000,5,1000,1000,1,24800.7259,0.0000,0.8980,3712.1276,0.0000,0.1191,10.0238,0.0000,0.0182,28522.8774,0.0000,1.0353,28522.8770,24,0
55140.0000,5514,2003,2.7000,3,1000,1000,1,24805.5019,0.0000,0.8980,3711.4544,0.0000,0.1191,10.0220,0.0000,0.0182,28526.9783,0.0000,1.0353,28526.9785,24,0
55150.0000,5515,2004,2.7000,4,1000,1000,1,24807.4051,0.0000,0.8980,3710.7814,0.0000,0.1191,10.0202,0.0000,0.0182,28528.2067,0.0000,1.0352,28528.2070,24,0
55160.0000,5516,2009,2.7000,9,1000,1000,1,24814.4012,0.0000,0.8980,3710.1087,0.0000,0.1190,10.0184,0.0000,0.0182,28534.5283,0.0000,1.0352,28534.5273,25,0
55170.0000,5517,2014,2.7000,14,1000,1000,1,24817.5708,0.0000,0.8981,3709.4362,0.0000,0.1190,10.0166,0.0000,0.0182,28537.0236,0.0000,1.0353,28537.0234,25,0
55180.0000,5518,2005,2.7000,5,1000,1000,1,24823.6159,0.0000,0.8980,3708.7639,0.0000,0.1190,10.0148,0.0000,0.0182,28542.3946,0.0000,1.0352,28542.3945,24,0
55190.0000,5519,2004,2.7000,4,1000,1000,1,24827.5517,0.0000,0.8981,3708.0919,0.0000,0.1190,10.0129,0.0000,0.0182,28545.6566,0.0000,1.0352,28545.6562,24,0
55200.0000,5520,2007,2.7000,7,1000,1000,1,24831.9988,0.0000,0.8981,3707.4202,0.0000,0.1189,10.0111,0.0000,0.0182,28549.4302,0.0000,1.0352,28549.4297,25,0
55210.0000,5521,2003,2.7000,3,1000,1000,1,24836.6570,0.0000,0.8980,3706.7487,0.0000,0.1189,10.0093,0.0000,0.0182,28553.4150,0.0000,1.0351,28553.4141,24,0
55220.0000,5522,2003,2.7000,3,1000,1000,1,24840.6535,0.0000,0.8980,3717.8369,0.0000,0.1189,10.0075,0.0000,0.0182,28568.4979,0.0000,1.0351,28568.4980,24,0
55230.0000,5523,2002,2.7000,2,1000,1000,1,24845.7173,0.0000,0.8980,3717.1637,0.0000,0.1189,10.0057,0.0000,0.0182,28572.8868,0.0000,1.0350,28572.8867,24,0
55240.0000,5524,2004,2.7000,4,1000,1000,1,24849.5823,0.0000,0.8980,3716.4908,0.0000,0.1189,10.0039,0.0000,0.0182,28576.0770,0.0000,1.0351,28576.0762,24,0
55250.0000,5525,2003,2.7000,3,1000,1000,1,24852.0940,0.0000,0.8980,3715.8182,0.0000,0.1189,10.0021,0.0000,0.0182,28577.9143,0.0000,1.0350,28577.9141,24,0
55260.0000,5526,2001,2.7000,1,1000,1000,1,24858.5667,0.0000,0.8980,3719.9104,0.0000,0.1189,10.0003,0.0000,0.0182,28588.4774,0.0000,1.0351,28588.4766,24,0
55270.0000,5527,1997,2.7000,0,997,1000,1,24863.4162,0.0000,0.8980,3720.9789,0.0000,0.1189,9.9984,0.0000,0.0181,28594.3935,0.0000,1.0350,28594.3926,24,0
55280.0000,5528,2006,2.7000,6,1000,1000,1,24867.9644,0.0000,0.8980,3721.0491,0.0000,0.1190,9.9966,0.0000,0.0181,28599.0102,0.0000,1.0351,28599.0098,25,0
55290.0000,5529,2008,2.7000,8,1000,1000,1,24871.7604,0.0000,0.8980,3720.3761,0.0000,0.1190,9.9948,0.0000,0.0181,28602.1314,0.0000,1.0351,28602.1309,25,0
55300.0000,5530,2003,2.7000,3,1000,1000,1,24873.5816,0.0000,0.8979,3719.7034,0.0000,0.1190,9.9930,0.0000,0.0181,28603.2780,0.0000,1.0350,28603.2773,24,0
55310.0000,5531,2000,2.7000,1,999,1000,1,24881.6243,0.0000,0.8979,3719.0309,0.0000,0.1189,9.9912,0.0000,0.0181,28610.6464,0.0000,1.0350,28610.6465,24,0
55320.0000,5532,2001,2.7000,1,1000,1000,1,24885.7031,0.0000,0.8980,3723.1917,0.0000,0.1190,9.9894,0.0000,0.0181,28618.8841,0.0000,1.0351,28618.8848,24,0
55330.0000,5533,2007,2.7000,7,1000,1000,1,24890.6453,0.0000,0.8980,3722.5188,0.0000,0.1189,9.9876,0.0000,0.0181,28623.1517,0.0000,1.0351,28623.1523,25,0
55340.0000,5534,2008,2.7000,8,1000,1000,1,24893.1711,0.0000,0.8980,3721.8461,0.0000,0.1189,9.9858,0.0000,0.0181,28625.0030,0.0000,1.0350,28625.0039,25,0
55350.0000,5535,2012,2.7000,12,1000,1000,1,24899.6305,0.0000,0.8980,3721.1737,0.0000,0.1189,9.9840,0.0000,0.0181,28630.7881,0.0000,1.0350,28630.7891,25,0
55360.0000,5536,2007,2.7000,7,1000,1000,1,24903.7269,0.0000,0.8979,3720.5015,0.0000,0.1189,9.9822,0.0000,0.0181,28634.2106,0.0000,1.0349,28634.2109,25,0
55370.0000,5537,2008,2.7000,8,1000,1000,1,24908.7652,0.0000,0.8980,3719.8296,0.0000,0.1189,9.9804,0.0000,0.0181,28638.5752,0.0000,1.0349,28638.5742,25,0
55380.0000,5538,2009,2.7000,9,1000,1000,1,24912.2476,0.0000,0.8980,3719.1579,0.0000,0.1188,9.9786,0.0000,0.0181,28641.3841,0.0000,1.0350,28641.3848,25,0
55390.0000,5539,2005,2.7000,5,1000,1000,1,24917.4831,0.0000,0.8980,3718.4864,0.0000,0.1188,9.9768,0.0000,0.0181,28645.9463,0.0000,1.0349,28645.9473,24,0
55400.0000,5540,2005,2.7000,5,1000,1000,1,24921.8920,0.0000,0.8980,3717.8152,0.0000,0.1188,9.9750,0.0000,0.0181,28649.6822,0.0000,1.0349,28649.6816,24,0
55410.0000,5541,2013,2.7000,13,1000,1000,1,24926.2819,0.0000,0.8981,3717.1443,0.0000,0.1188,9.9732,0.0000,0.0181,28653.3993,0.0000,1.0350,28653.3984,25,0
55420.0000,5542,2006,2.7000,6,1000,1000,1,24930.7932,0.0000,0.8981,3716.4735,0.0000,0.1187,9.9714,0.0000,0.0181,28657.2381,0.0000,1.0349,28657.2383,25,0
55430.0000,5543,2005,2.7000,5,1000,1000,1,24935.1355,0.0000,0.8981,3715.8030,0.0000,0.1187,9.9696,0.0000,0.0181,28660.9081,0.0000,1.0349,28660.9082,24,0
55440.0000,5544,2008,2.7000,8,1000,1000,1,24940.1357,0.0000,0.8981,3715.1328,0.0000,0.1187,9.9678,0.0000,0.0181,28665.2363,0.0000,1.0349,28665.2363,25,0
55450.0000,5545,2007,2.7000,7,1000,1000,1,24940.0728,0.0000,0.8980,3714.4628,0.0000,0.1187,9.9660,0.0000,0.0181,28664.5016,0.0000,1.0348,28664.5020,25,0
55460.0000,5546,2007,2.7000,7,1000,1000,1,24949.0977,0.0000,0.8980,3713.7931,0.0000,0.1187,9.9642,0.0000,0.0181,28672.8549,0.0000,1.0348,28672.8555,25,0
55470.0000,5547,2006,2.7000,6,1000,1000,1,24952.8592,0.0000,0.8981,3713.1235,0.0000,0.1186,9.9624,0.0000,0.0181,28675.9452,0.0000,1.0348,28675.9453,25,0
55480.0000,5548,2009,2.7000,9,1000,1000,1,24957.9358,0.0000,0.8981,3712.4543,0.0000,0.1186,9.9606,0.0000,0.0181,28680.3507,0.0000,1.0348,28680.3516,25,0
55490.0000,5549,2015,2.7000,15,1000,1000,1,24962.5372,0.0000,0.8982,3711.7852,0.0000,0.1186,9.9588,0.0000,0.0181,28684.2812,0.0000,1.0349,28684.2812,25,0
55500.0000,5550,2012,2.7000,12,1000,1000,1,24966.5706,0.0000,0.8982,3711.1164,0.0000,0.1186,9.9570,0.0000,0.0181,28687.6440,0.0000,1.0348,28687.6445,25,0
55510.0000,5551,2010,2.7000,10,1000,1000,1,24970.4252,0.0000,0.8983,3710.4479,0.0000,0.1186,9.9552,0.0000,0.0181,28690.8283,0.0000,1.0349,28690.8281,25,0
55520.0000,5552,2005,2.7000,5,1000,1000,1,24975.0934,0.0000,0.8983,3709.7796,0.0000,0.1185,9.9534,0.0000,0.0181,28694.8265,0.0000,1.0349,28694.8262,24,0
55530.0000,5553,2005,2.7000,5,1000,1000,1,24980.3981,0.0000,0.8982,3733.8776,0.0000,0.1186,9.9516,0.0000,0.0181,28724.2274,0.0000,1.0349,28724.2266,24,0
55540.0000,5554,1998,2.7000,0,998,1000,1,24982.8786,0.0000,0.8982,3734.8703,0.0000,0.1186,9.9498,0.0000,0.0181,28727.6988,0.0000,1.0348,28727.6992,24,0
55550.0000,5555,2000,2.7000,0,1000,1000,1,24988.6642,0.0000,0.8982,3735.2629,0.0000,0.1186,9.9481,0.0000,0.0181,28733.8752,0.0000,1.0349,28733.8750,24,0
55560.0000,5556,2000,2.7000,1,999,1000,1,24993.7192,0.0000,0.8982,3735.3188,0.0000,0.1186,9.9463,0.0000,0.0181,28738.9843,0.0000,1.0349,28738.9844,24,0
55570.0000,5557,2003,2.7000,3,1000,1000,1,24997.3994,0.0000,0.8982,3736.1015,0.0000,0.1187,9.9445,0.0000,0.0180,28743.4454,0.0000,1.0349,28743.4453,24,0
55580.0000,5558,1998,2.7000,0,998,1000,1,25002.1260,0.0000,0.8983,3735.4293,0.0000,0.1186,9.9427,0.0000,0.0180,28747.4980,0.0000,1.0349,28747.4980,24,0
55590.0000,5559,2004,2.7000,4,1000,1000,1,25006.6833,0.0000,0.8983,3736.8870,0.0000,0.1187,9.9409,0.0000,0.0180,28753.5112,0.0000,1.0350,28753.5117,24,0
55600.0000,5560,2003,2.7000,3,1000,1000,1,25011.5222,0.0000,0.8983,3736.2149,0.0000,0.1187,9.9391,0.0000,0.0180,28757.6763,0.0000,1.0350,28757.6758,24,0
55610.0000,5561,2004,2.7000,4,1000,1000,1,25016.2815,0.0000,0.8984,3735.5431,0.0000,0.1186,9.9373,0.0000,0.0180,28761.7619,0.0000,1.0351,28761.7617,24,0
55620.0000,5562,2006,2.7000,6,1000,1000,1,25020.6207,0.0000,0.8984,3734.8715,0.0000,0.1186,9.9355,0.0000,0.0180,28765.4277,0.0000,1.0351,28765.4277,25,0
55630.0000,5563,2002,2.7000,2,1000,1000,1,25024.9677,0.0000,0.8984,3739.5934,0.0000,0.1186,9.9337,0.0000,0.0180,28774.4949,0.0000,1.0351,28774.4941,24,0
55640.0000,5564,1999,2.7000,0,999,1000,1,25027.3744,0.0000,0.8984,3738.9213,0.0000,0.1186,9.9320,0.0000,0.0180,28776.2276,0.0000,1.0351,28776.2285,24,0
55650.0000,5565,2003,2.7000,3,1000,1000,1,25033.7886,0.0000,0.8985,3740.4569,0.0000,0.1187,9.9302,0.0000,0.0180,28784.1757,0.0000,1.0352,28784.1758,24,0
55660.0000,5566,2002,2.7000,2,1000,1000,1,25038.3521,0.0000,0.8984,3740.4019,0.0000,0.1187,9.9284,0.0000,0.0180,28788.6824,0.0000,1.0351,28788.6816,24,0
55670.0000,5567,2005,2.7000,5,1000,1000,1,25042.7762,0.0000,0.8985,3739.7300,0.0000,0.1187,9.9266,0.0000,0.0180,28792.4328,0.0000,1.0352,28792.4336,24,0
55680.0000,5568,2005,2.7000,5,1000,1000,1,25046.8979,0.0000,0.8985,3739.0583,0.0000,0.1187,9.9248,0.0000,0.0180,28795.8811,0.0000,1.0352,28795.8809,24,0
55690.0000,5569,1998,2.7000,0,998,1000,1,25049.4389,0.0000,0.8985,3742.6752,0.0000,0.1187,9.9230,0.0000,0.0180,28802.0371,0.0000,1.0352,28802.0371,24,0
55700.0000,5570,2000,2.7000,0,1000,1000,1,25055.9495,0.0000,0.8985,3742.4666,0.0000,0.1187,9.9213,0.0000,0.0180,28808.3374,0.0000,1.0352,28808.3379,24,0
55710.0000,5571,2004,2.7000,4,1000,1000,1,25061.0495,0.0000,0.8986,3741.7948,0.0000,0.1187,9.9195,0.0000,0.0180,28812.7638,0.0000,1.0353,28812.7637,24,0
55720.0000,5572,2004,2.7000,4,1000,1000,1,25065.1732,0.0000,0.8987,3741.1233,0.0000,0.1187,9.9177,0.0000,0.0180,28816.2142,0.0000,1.0354,28816.2148,24,0
55730.0000,5573,2003,2.7000,3,1000,1000,1,25069.4893,0.0000,0.8987,3744.4115,0.0000,0.1187,9.9159,0.0000,0.0180,28823.8167,0.0000,1.0354,28823.8164,24,0
55740.0000,5574,2001,2.7000,1,1000,1000,1,25074.1278,0.0000,0.8986,3745.2621,0.0000,0.1187,9.9141,0.0000,0.0180,28829.3041,0.0000,1.0353,28829.3047,24,0
55750.0000,5575,2005,2.7000,5,1000,1000,1,25078.7655,0.0000,0.8987,3744.5903,0.0000,0.1187,9.9124,0.0000,0.0180,28833.2682,0.0000,1.0354,28833.2676,24,0
55760.0000,5576,2002,2.7000,2,1000,1000,1,25082.9752,0.0000,0.8986,3746.1419,0.0000,0.1187,9.9106,0.0000,0.0180,28839.0277,0.0000,1.0353,28839.0273,24,0
55770.0000,5577,2000,2.7000,0,1000,1000,1,25086.2842,0.0000,0.8986,3746.8076,0.0000,0.1187,9.9088,0.0000,0.0180,28843.0006,0.0000,1.0353,28843.0000,24,0
55780.0000,5578,2000,2.7000,1,999,1000,1,25092.2940,0.0000,0.8985,3747.1892,0.0000,0.1188,9.9070,0.0000,0.0180,28849.3903,0.0000,1.0352,28849.3906,24,0
55790.0000,5579,2004,2.7000,4,1000,1000,1,25096.5475,0.0000,0.8985,3746.7129,0.0000,0.1188,9.9053,0.0000,0.0180,28853.1657,0.0000,1.0353,28853.1660,24,0
55800.0000,5580,2004,2.7000,4,1000,1000,1,25099.2089,0.0000,0.8985,3746.0414,0.0000,0.1187,9.9035,0.0000,0.0180,28855.1538,0.0000,1.0352,28855.1543,24,0
55810.0000,5581,2001,2.7000,1,1000,1000,1,25102.3914,0.0000,0.8984,3745.3702,0.0000,0.1187,9.9017,0.0000,0.0180,28857.6634,0.0000,1.0351,28857.6641,24,0
55820.0000,5582,2009,2.7000,9,1000,1000,1,25110.5713,0.0000,0.8985,3744.6993,0.0000,0.1187,9.8999,0.0000,0.0180,28865.1704,0.0000,1.0352,28865.1699,25,0
55830.0000,5583,2003,2.7000,3,1000,1000,1,25113.7706,0.0000,0.8984,3744.0285,0.0000,0.1187,9.8982,0.0000,0.0180,28867.6972,0.0000,1.0351,28867.6973,24,0
55840.0000,5584,2007,2.7000,7,1000,1000,1,25118.5662,0.0000,0.8984,3743.3580,0.0000,0.1187,9.8964,0.0000,0.0180,28871.8206,0.0000,1.0351,28871.8203,25,0
55850.0000,5585,2007,2.7000,7,1000,1000,1,25122.2478,0.0000,0.8985,3742.6878,0.0000,0.1186,9.8946,0.0000,0.0180,28874.8302,0.0000,1.0351,28874.8301,25,0
55860.0000,5586,2007,2.7000,7,1000,1000,1,25128.2441,0.0000,0.8985,3742.0178,0.0000,0.1186,9.8928,0.0000,0.0180,28880.1547,0.0000,1.0350,28880.1543,25,0
55870.0000,5587,2007,2.7000,7,1000,1000,1,25132.9705,0.0000,0.8985,3741.3480,0.0000,0.1186,9.8911,0.0000,0.0180,28884.2096,0.0000,1.0351,28884.2090,25,0
55880.0000,5588,2008,2.7000,8,1000,1000,1,25137.4787,0.0000,0.8986,3740.6785,0.0000,0.1186,9.8893,0.0000,0.0179,28888.0464,0.0000,1.0351,28888.0469,25,0
55890.0000,5589,2000,2.7000,0,1000,1000,1,25141.3556,0.0000,0.8985,3740.0092,0.0000,0.1186,9.8875,0.0000,0.0179,28891.2523,0.0000,1.0350,28891.2520,24,0
55900.0000,5590,2004,2.7000,4,1000,1000,1,25146.1870,0.0000,0.8985,3753.1036,0.0000,0.1186,9.8858,0.0000,0.0179,28909.1764,0.0000,1.0350,28909.1758,24,0
55910.0000,5591,2000,2.7000,0,1000,1000,1,25150.5859,0.0000,0.8985,3753.5554,0.0000,0.1186,9.8840,0.0000,0.0179,28914.0253,0.0000,1.0351,28914.0254,24,0
55920.0000,5592,2000,2.7000,2,998,1000,1,25155.1928,0.0000,0.8985,3754.3225,0.0000,0.1187,9.8822,0.0000,0.0179,28919.3976,0.0000,1.0351,28919.3984,24,0
55930.0000,5593,2002,2.7000,2,1000,1000,1,25159.8667,0.0000,0.8985,3754.9205,0.0000,0.1187,9.8805,0.0000,0.0179,28924.6677,0.0000,1.0351,28924.6680,24,0
55940.0000,5594,2001,2.7000,1,1000,1000,1,25163.1485,0.0000,0.8985,3754.5835,0.0000,0.1187,9.8787,0.0000,0.0179,28927.6107,0.0000,1.0351,28927.6113,24,0
55950.0000,5595,1999,2.7000,3,996,1000,1,25168.6393,0.0000,0.8985,3756.0549,0.0000,0.1188,9.8769,0.0000,0.0179,28934.5712,0.0000,1.0352,28934.5703,24,0
55960.0000,5596,2000,2.7000,0,1000,1000,1,25171.2979,0.0000,0.8984,3756.1107,0.0000,0.1189,9.8752,0.0000,0.0179,28937.2838,0.0000,1.0353,28937.2832,24,0
55970.0000,5597,1999,2.7000,0,999,1000,1,25175.6153,0.0000,0.8985,3757.1323,0.0000,0.1190,9.8734,0.0000,0.0179,28942.6210,0.0000,1.0354,28942.6211,24,0
55980.0000,5598,2000,2.7000,0,1000,1000,1,25180.7404,0.0000,0.8985,3757.6322,0.0000,0.1190,9.8716,0.0000,0.0179,28948.2443,0.0000,1.0355,28948.2441,24,0
55990.0000,5599,1999,2.7000,0,999,1000,1,25186.2392,0.0000,0.8985,3758.0563,0.0000,0.1191,9.8699,0.0000,0.0179,28954.1653,0.0000,1.0355,28954.1660,24,0
56000.0000,5600,1998,2.7000,2,996,1000,1,25190.8124,0.0000,0.8984,3758.5636,0.0000,0.1192,9.8681,0.0000,0.0179,28959.2441,0.0000,1.0356,28959.2441,24,0
56010.0000,5601,2000,2.7000,0,1000,1000,1,25192.3553,0.0000,0.8984,3759.0466,0.0000,0.1193,9.8663,0.0000,0.0179,28961.2683,0.0000,1.0356,28961.2676,24,0
56020.0000,5602,2002,2.7000,3,999,1000,1,25199.7456,0.0000,0.8984,3758.3756,0.0000,0.1193,9.8646,0.0000,0.0179,28967.9858,0.0000,1.0356,28967.9863,24,0
56030.0000,5603,2002,2.7000,2,1000,1000,1,25200.4301,0.0000,0.8984,3759.4497,0.0000,0.1193,9.8628,0.0000,0.0179,28969.7426,0.0000,1.0357,28969.7422,24,0
56040.0000,5604,2003,2.7000,3,1000,1000,1,25209.0588,0.0000,0.8984,3758.7788,0.0000,0.1193,9.8611,0.0000,0.0179,28977.6987,0.0000,1.0356,28977.6992,24,0
56050.0000,5605,2002,2.7000,2,1000,1000,1,25210.8090,0.0000,0.8984,3758.1082,0.0000,0.1193,9.8593,0.0000,0.0179,28978.7765,0.0000,1.0356,28978.7773,24,0
56060.0000,5606,2002,2.7000,2,1000,1000,1,25217.6152,0.0000,0.8983,3761.4031,0.0000,0.1194,9.8576,0.0000,0.0179,28988.8758,0.0000,1.0356,28988.8750,24,0
56070.0000,5607,2004,2.7000,4,1000,1000,1,25221.7165,0.0000,0.8984,3761.8290,0.0000,0.1194,9.8558,0.0000,0.0179,28993.4013,0.0000,1.0356,28993.4004,24,0
56080.0000,5608,2002,2.7000,2,1000,1000,1,25227.0895,0.0000,0.8983,3762.7376,0.0000,0.1194,9.8540,0.0000,0.0179,28999.6811,0.0000,1.0356,28999.6816,24,0
56090.0000,5609,2002,2.7000,2,1000,1000,1,25230.0951,0.0000,0.8983,3763.1320,0.0000,0.1194,9.8523,0.0000,0.0179,29003.0794,0.0000,1.0356,29003.0801,24,0
56100.0000,5610,2004,2.7000,4,1000,1000,1,25235.3092,0.0000,0.8983,3763.4369,0.0000,0.1194,9.8505,0.0000,0.0179,29008.5966,0.0000,1.0356,29008.5957,24,0
56110.0000,5611,2008,2.7000,8,1000,1000,1,25240.6090,0.0000,0.8984,3762.7661,0.0000,0.1194,9.8488,0.0000,0.0179,29013.2239,0.0000,1.0356,29013.2246,25,0
56120.0000,5612,2012,2.7000,12,1000,1000,1,25244.7344,0.0000,0.8983,3762.0957,0.0000,0.1194,9.8470,0.0000,0.0179,29016.6771,0.0000,1.0356,29016.6777,25,0
56130.0000,5613,2011,2.7000,11,1000,1000,1,25247.5181,0.0000,0.8983,3761.4254,0.0000,0.1193,9.8453,0.0000,0.0179,29018.7888,0.0000,1.0355,29018.7891,25,0
56140.0000,5614,2011,2.7000,11,1000,1000,1,25252.6288,0.0000,0.8983,3760.7554,0.0000,0.1193,9.8435,0.0000,0.0179,29023.2277,0.0000,1.0354,29023.2285,25,0
56150.0000,5615,2011,2.7000,11,1000,1000,1,25258.0498,0.0000,0.8982,3760.0856,0.0000,0.1193,9.8417,0.0000,0.0179,29027.9771,0.0000,1.0354,29027.9766,25,0
56160.0000,5616,2010,2.7000,10,1000,1000,1,25262.7042,0.0000,0.8983,3759.4161,0.0000,0.1193,9.8400,0.0000,0.0179,29031.9603,0.0000,1.0354,29031.9609,25,0
56170.0000,5617,2005,2.7000,5,1000,1000,1,25265.7784,0.0000,0.8983,3758.7468,0.0000,0.1192,9.8382,0.0000,0.0179,29034.3635,0.0000,1.0354,29034.3633,24,0
56180.0000,5618,2000,2.7000,0,1000,1000,1,25269.7749,0.0000,0.8983,3758.0778,0.0000,0.1192,9.8365,0.0000,0.0179,29037.6892,0.0000,1.0354,29037.6895,24,0
56190.0000,5619,2000,2.7000,0,1000,1000,1,25273.7775,0.0000,0.8982,3768.5667,0.0000,0.1193,9.8347,0.0000,0.0179,29052.1789,0.0000,1.0353,29052.1797,24,0
56200.0000,5620,2010,2.7000,10,1000,1000,1,25280.5638,0.0000,0.8983,3768.4314,0.0000,0.1193,9.8330,0.0000,0.0178,29058.8281,0.0000,1.0355,29058.8281,25,0
56210.0000,5621,2013,2.7000,13,1000,1000,1,25284.9919,0.0000,0.8984,3767.7609,0.0000,0.1193,9.8312,0.0000,0.0178,29062.5841,0.0000,1.0355,29062.5840,25,0
56220.0000,5622,2010,2.7000,10,1000,1000,1,25286.0477,0.0000,0.8983,3767.0908,0.0000,0.1192,9.8295,0.0000,0.0178,29062.9680,0.0000,1.0354,29062.9688,25,0
56230.0000,5623,2006,2.7000,6,1000,1000,1,25293.0480,0.0000,0.8983,3766.4208,0.0000,0.1192,9.8277,0.0000,0.0178,29069.2966,0.0000,1.0353,29069.2969,25,0
56240.0000,5624,2010,2.7000,10,1000,1000,1,25297.2836,0.0000,0.8983,3765.7511,0.0000,0.1192,9.8260,0.0000,0.0178,29072.8607,0.0000,1.0353,29072.8613,25,0
56250.0000,5625,2009,2.7000,9,1000,1000,1,25303.0730,0.0000,0.8983,3765.0816,0.0000,0.1192,9.8243,0.0000,0.0178,29077.9789,0.0000,1.0353,29077.9785,25,0
56260.0000,5626,2004,2.7000,4,1000,1000,1,25307.8958,0.0000,0.8983,3764.4124,0.0000,0.1192,9.8225,0.0000,0.0178,29082.1307,0.0000,1.0353,29082.1309,24,0
56270.0000,5627,2002,2.7000,2,1000,1000,1,25310.7590,0.0000,0.8983,3763.7434,0.0000,0.1191,9.8208,0.0000,0.0178,29084.3232,0.0000,1.0353,29084.3223,24,0
56280.0000,5628,2004,2.7000,4,1000,1000,1,25316.2271,0.0000,0.8983,3763.0747,0.0000,0.1191,9.8190,0.0000,0.0178,29089.1208,0.0000,1.0353,29089.1211,24,0
56290.0000,5629,2010,2.7000,10,1000,1000,1,25320.8612,0.0000,0.8983,3762.4062,0.0000,0.1191,9.8173,0.0000,0.0178,29093.0846,0.0000,1.0352,29093.0840,25,0
56300.0000,5630,2007,2.7000,7,1000,1000,1,25325.4871,0.0000,0.8983,3761.7379,0.0000,0.1191,9.8155,0.0000,0.0178,29097.0405,0.0000,1.0352,29097.0410,25,0
56310.0000,5631,2006,2.7000,6,1000,1000,1,25328.8424,0.0000,0.8983,3761.0698,0.0000,0.1191,9.8138,0.0000,0.0178,29099.7260,0.0000,1.0351,29099.7266,25,0
56320.0000,5632,2008,2.7000,8,1000,1000,1,25334.8441,0.0000,0.8983,3760.4020,0.0000,0.1190,9.8120,0.0000,0.0178,29105.0582,0.0000,1.0351,29105.0586,25,0
56330.0000,5633,2015,2.7000,15,1000,1000,1,25339.0610,0.0000,0.8983,3759.7345,0.0000,0.1190,9.8103,0.0000,0.0178,29108.6058,0.0000,1.0352,29108.6055,25,0
56340.0000,5634,2009,2.7000,9,1000,1000,1,25343.7022,0.0000,0.8984,3759.0671,0.0000,0.1190,9.8086,0.0000,0.0178,29112.5779,0.0000,1.0352,29112.5781,25,0
56350.0000,5635,2005,2.7000,5,1000,1000,1,25348.2896,0.0000,0.8984,3758.4000,0.0000,0.1190,9.8068,0.0000,0.0178,29116.4965,0.0000,1.0351,29116.4961,24,0
56360.0000,5636,1999,2.7000,1,998,1000,1,25352.5056,0.0000,0.8983,3777.4231,0.0000,0.1190,9.8051,0.0000,0.0178,29139.7338,0.0000,1.0351,29139.7344,24,0
56370.0000,5637,2003,2.7000,3,1000,1000,1,25357.1208,0.0000,0.8984,3777.3612,0.0000,0.1190,9.8033,0.0000,0.0178,29144.2853,0.0000,1.0352,29144.2852,24,0
56380.0000,5638,2004,2.7000,4,1000,1000,1,25361.6245,0.0000,0.8984,3778.0159,0.0000,0.1190,9.8016,0.0000,0.0178,29149.4420,0.0000,1.0352,29149.4414,24,0
56390.0000,5639,2005,2.7000,5,1000,1000,1,25365.5721,0.0000,0.8984,3778.6936,0.0000,0.1190,9.7999,0.0000,0.0178,29154.0655,0.0000,1.0352,29154.0664,24,0
56400.0000,5640,2006,2.7000,6,1000,1000,1,25370.4970,0.0000,0.8985,3778.0236,0.0000,0.1190,9.7981,0.0000,0.0178,29158.3187,0.0000,1.0352,29158.3184,25,0
56410.0000,5641,2001,2.7000,1,1000,1000,1,25375.1831,0.0000,0.8984,3780.0329,0.0000,0.1190,9.7964,0.0000,0.0178,29165.0124,0.0000,1.0352,29165.0117,24,0
56420.0000,5642,2001,2.7000,1,1000,1000,1,25377.9521,0.0000,0.8985,3779.8034,0.0000,0.1190,9.7947,0.0000,0.0178,29167.5501,0.0000,1.0353,29167.5508,24,0
56430.0000,5643,2005,2.7000,5,1000,1000,1,25383.4381,0.0000,0.8985,3780.5407,0.0000,0.1191,9.7929,0.0000,0.0178,29173.7716,0.0000,1.0353,29173.7715,24,0
56440.0000,5644,2006,2.7000,6,1000,1000,1,25388.6441,0.0000,0.8985,3779.8708,0.0000,0.1190,9.7912,0.0000,0.0178,29178.3061,0.0000,1.0353,29178.3066,25,0
56450.0000,5645,2010,2.7000,10,1000,1000,1,25393.0663,0.0000,0.8986,3779.2012,0.0000,0.1190,9.7894,0.0000,0.0178,29182.0569,0.0000,1.0354,29182.0566,25,0
56460.0000,5646,2014,2.7000,14,1000,1000,1,25396.5537,0.0000,0.8986,3778.5319,0.0000,0.1190,9.7877,0.0000,0.0178,29184.8732,0.0000,1.0354,29184.8730,25,0
56470.0000,5647,2009,2.7000,9,1000,1000,1,25400.8120,0.0000,0.8985,3777.8627,0.0000,0.1190,9.7860,0.0000,0.0178,29188.4607,0.0000,1.0353,29188.4609,25,0
56480.0000,5648,1998,2.7000,0,998,1000,1,25403.4144,0.0000,0.8984,3783.5338,0.0000,0.1190,9.7842,0.0000,0.0178,29196.7325,0.0000,1.0351,29196.7324,24,0
56490.0000,5649,2009,2.7000,9,1000,1000,1,25410.1352,0.0000,0.8985,3783.2445,0.0000,0.1190,9.7825,0.0000,0.0178,29203.1622,0.0000,1.0353,29203.1621,25,0
56500.0000,5650,2017,2.7000,17,1000,1000,1,25413.8415,0.0000,0.8986,3782.5749,0.0000,0.1190,9.7808,0.0000,0.0178,29206.1971,0.0000,1.0353,29206.1973,25,0
56510.0000,5651,2027,2.7000,27,1000,1000,1,25418.7031,0.0000,0.8987,3781.9055,0.0000,0.1189,9.7791,0.0000,0.0177,29210.3877,0.0000,1.0354,29210.3887,26,0
56520.0000,5652,2025,2.7000,25,1000,1000,1,25423.8818,0.0000,0.8987,3781.2364,0.0000,0.1189,9.7773,0.0000,0.0177,29214.8955,0.0000,1.0354,29214.8945,26,0
56530.0000,5653,2015,2.7000,15,1000,1000,1,25428.5231,0.0000,0.8987,3780.5675,0.0000,0.1189,9.7756,0.0000,0.0177,29218.8662,0.0000,1.0353,29218.8672,25,0
56540.0000,5654,2020,2.7000,20,1000,1000,1,25432.3711,0.0000,0.8987,3779.8988,0.0000,0.1189,9.7739,0.0000,0.0177,29222.0438,0.0000,1.0354,29222.0430,25,0
56550.0000,5655,2015,2.7000,15,1000,1000,1,25437.7413,0.0000,0.8987,3779.2304,0.0000,0.1189,9.7721,0.0000,0.0177,29226.7439,0.0000,1.0353,29226.7441,25,0
56560.0000,5656,2016,2.7000,16,1000,1000,1,25441.0898,0.0000,0.8987,3778.5622,0.0000,0.1188,9.7704,0.0000,0.0177,29229.4224,0.0000,1.0353,29229.4219,25,0
56570.0000,5657,2010,2.7000,10,1000,1000,1,25445.2640,0.0000,0.8986,3777.8943,0.0000,0.1188,9.7687,0.0000,0.0177,29232.9269,0.0000,1.0352,29232.9277,25,0
56580.0000,5658,2004,2.7000,4,1000,1000,1,25450.6907,0.0000,0.8986,3777.2266,0.0000,0.1188,9.7670,0.0000,0.0177,29237.6843,0.0000,1.0351,29237.6836,24,0
56590.0000,5659,1999,2.7000,0,999,1000,1,25452.7742,0.0000,0.8985,3789.3900,0.0000,0.1188,9.7652,0.0000,0.0177,29251.9294,0.0000,1.0350,29251.9297,24,0
56600.0000,5660,2000,2.7000,0,1000,1000,1,25455.7656,0.0000,0.8984,3789.1046,0.0000,0.1188,9.7635,0.0000,0.0177,29254.6337,0.0000,1.0350,29254.6328,24,0
56610.0000,5661,2001,2.7000,1,1000,1000,1,25464.3700,0.0000,0.8984,3790.3149,0.0000,0.1189,9.7618,0.0000,0.0177,29264.4467,0.0000,1.0350,29264.4473,24,0
56620.0000,5662,1998,2.7000,1,997,1000,1,25467.9887,0.0000,0.8984,3790.8441,0.0000,0.1189,9.7601,0.0000,0.0177,29268.5929,0.0000,1.0350,29268.5938,24,0
56630.0000,5663,2003,2.7000,3,1000,1000,1,25473.3336,0.0000,0.8984,3790.6245,0.0000,0.1190,9.7583,0.0000,0.0177,29273.7164,0.0000,1.0351,29273.7168,24,0
56640.0000,5664,1999,2.7000,0,999,1000,1,25477.2496,0.0000,0.8984,3789.9552,0.0000,0.1189,9.7566,0.0000,0.0177,29276.9614,0.0000,1.0350,29276.9609,24,0
56650.0000,5665,2004,2.7000,4,1000,1000,1,25482.6598,0.0000,0.8984,3791.4364,0.0000,0.1189,9.7549,0.0000,0.0177,29283.8510,0.0000,1.0351,29283.8516,24,0
56660.0000,5666,2001,2.7000,1,1000,1000,1,25486.8395,0.0000,0.8984,3790.7672,0.0000,0.1189,9.7532,0.0000,0.0177,29287.3599,0.0000,1.0350,29287.3594,24,0
56670.0000,5667,2000,2.7000,1,999,1000,1,25491.8231,0.0000,0.8984,3793.4191,0.0000,0.1190,9.7514,0.0000,0.0177,29294.9937,0.0000,1.0351,29294.9941,24,0
56680.0000,5668,2004,2.7000,4,1000,1000,1,25496.0717,0.0000,0.8984,3792.9297,0.0000,0.1190,9.7497,0.0000,0.0177,29298.7511,0.0000,1.0351,29298.7520,24,0
56690.0000,5669,2010,2.7000,10,1000,1000,1,25500.3012,0.0000,0.8985,3792.2606,0.0000,0.1190,9.7480,0.0000,0.0177,29302.3098,0.0000,1.0351,29302.3105,25,0
56700.0000,5670,2014,2.7000,14,1000,1000,1,25505.1618,0.0000,0.8986,3791.5918,0.0000,0.1189,9.7463,0.0000,0.0177,29306.4998,0.0000,1.0352,29306.5000,25,0
56710.0000,5671,2011,2.7000,11,1000,1000,1,25508.5448,0.0000,0.8985,3790.9232,0.0000,0.1189,9.7446,0.0000,0.0177,29309.2126,0.0000,1.0351,29309.2129,25,0
56720.0000,5672,2010,2.7000,10,1000,1000,1,25513.9061,0.0000,0.8985,3790.2548,0.0000,0.1189,9.7428,0.0000,0.0177,29313.9038,0.0000,1.0351,29313.9043,25,0
56730.0000,5673,2010,2.7000,10,1000,1000,1,25517.4864,0.0000,0.8986,3789.5867,0.0000,0.1189,9.7411,0.0000,0.0177,29316.8142,0.0000,1.0351,29316.8145,25,0
56740.0000,5674,2011,2.7000,11,1000,1000,1,25520.6423,0.0000,0.8985,3788.9188,0.0000,0.1189,9.7394,0.0000,0.0177,29319.3005,0.0000,1.0351,29319.3008,25,0
56750.0000,5675,2002,2.7000,2,1000,1000,1,25527.3450,0.0000,0.8985,3788.2512,0.0000,0.1188,9.7377,0.0000,0.0177,29325.3339,0.0000,1.0350,29325.3340,24,0
56760.0000,5676,2002,2.7000,2,1000,1000,1,25531.8778,0.0000,0.8985,3797.8563,0.0000,0.1188,9.7360,0.0000,0.0177,29339.4701,0.0000,1.0350,29339.4707,24,0
56770.0000,5677,2003,2.7000,3,1000,1000,1,25536.6099,0.0000,0.8985,3797.1873,0.0000,0.1188,9.7343,0.0000,0.0177,29343.5314,0.0000,1.0350,29343.5312,24,0
56780.0000,5678,2002,2.7000,2,1000,1000,1,25540.0275,0.0000,0.8985,3796.5185,0.0000,0.1188,9.7326,0.0000,0.0177,29346.2785,0.0000,1.0349,29346.2793,24,0
56790.0000,5679,2005,2.7000,5,1000,1000,1,25545.7065,0.0000,0.8985,3799.4319,0.0000,0.1188,9.7308,0.0000,0.0177,29354.8692,0.0000,1.0350,29354.8691,24,0
56800.0000,5680,2010,2.7000,10,1000,1000,1,25548.1705,0.0000,0.8986,3798.7630,0.0000,0.1188,9.7291,0.0000,0.0177,29356.6626,0.0000,1.0350,29356.6621,25,0
56810.0000,5681,2011,2.7000,11,1000,1000,1,25554.5576,0.0000,0.8986,3798.0943,0.0000,0.1188,9.7274,0.0000,0.0177,29362.3794,0.0000,1.0350,29362.3789,25,0
56820.0000,5682,2017,2.7000,17,1000,1000,1,25558.9699,0.0000,0.8986,3797.4259,0.0000,0.1187,9.7257,0.0000,0.0177,29366.1215,0.0000,1.0350,29366.1211,25,0
56830.0000,5683,2009,2.7000,9,1000,1000,1,25563.5712,0.0000,0.8986,3796.7577,0.0000,0.1187,9.7240,0.0000,0.0176,29370.0528,0.0000,1.0349,29370.0527,25,0
56840.0000,5684,2011,2.7000,11,1000,1000,1,25566.5455,0.0000,0.8986,3796.0897,0.0000,0.1187,9.7223,0.0000,0.0176,29372.3575,0.0000,1.0349,29372.3574,25,0
56850.0000,5685,2006,2.7000,6,1000,1000,1,25570.1061,0.0000,0.8985,3795.4220,0.0000,0.1187,9.7206,0.0000,0.0176,29375.2486,0.0000,1.0349,29375.2480,25,0
56860.0000,5686,2005,2.7000,5,1000,1000,1,25576.1121,0.0000,0.8985,3794.7545,0.0000,0.1187,9.7189,0.0000,0.0176,29380.5854,0.0000,1.0348,29380.5859,24,0
56870.0000,5687,2005,2.7000,5,1000,1000,1,25580.7126,0.0000,0.8985,3794.0872,0.0000,0.1186,9.7171,0.0000,0.0176,29384.5169,0.0000,1.0348,29384.5176,24,0
56880.0000,5688,2003,2.7000,3,1000,1000,1,25585.6739,0.0000,0.8985,3804.1573,0.0000,0.1186,9.7154,0.0000,0.0176,29399.5467,0.0000,1.0347,29399.5469,24,0
56890.0000,5689,2003,2.7000,3,1000,1000,1,25589.7643,0.0000,0.8985,3803.4886,0.0000,0.1186,9.7137,0.0000,0.0176,29402.9667,0.0000,1.0347,29402.9668,24,0
56900.0000,5690,2007,2.7000,7,1000,1000,1,25593.4255,0.0000,0.8985,3802.8202,0.0000,0.1186,9.7120,0.0000,0.0176,29405.9577,0.0000,1.0347,29405.9570,25,0
56910.0000,5691,2005,2.7000,5,1000,1000,1,25599.4414,0.0000,0.8984,3802.1520,0.0000,0.1186,9.7103,0.0000,0.0176,29411.3036,0.0000,1.0346,29411.3027,24,0
56920.0000,5692,1998,2.7000,0,998,1000,1,25603.1742,0.0000,0.8984,3801.4840,0.0000,0.1186,9.7086,0.0000,0.0176,29414.3668,0.0000,1.0345,29414.3672,24,0
56930.0000,5693,2001,2.7000,1,1000,1000,1,25604.2078,0.0000,0.8983,3805.9879,0.0000,0.1186,9.7069,0.0000,0.0176,29419.9026,0.0000,1.0345,29419.9023,24,0
56940.0000,5694,2003,2.7000,3,1000,1000,1,25610.8616,0.0000,0.8983,3805.3195,0.0000,0.1185,9.7052,0.0000,0.0176,29425.8863,0.0000,1.0345,29425.8867,24,0
56950.0000,5695,2001,2.7000,1,1000,1000,1,25617.3393,0.0000,0.8983,3807.8559,0.0000,0.1185,9.7035,0.0000,0.0176,29434.8987,0.0000,1.0344,29434.8984,24,0
56960.0000,5696,2004,2.7000,4,1000,1000,1,25621.3110,0.0000,0.8983,3808.1182,0.0000,0.1186,9.7018,0.0000,0.0176,29439.1309,0.0000,1.0345,29439.1309,24,0
56970.0000,5697,2010,2.7000,10,1000,1000,1,25624.8552,0.0000,0.8983,3807.4497,0.0000,0.1186,9.7001,0.0000,0.0176,29442.0050,0.0000,1.0345,29442.0059,25,0
56980.0000,5698,2005,2.7000,5,1000,1000,1,25629.4828,0.0000,0.8983,3806.7815,0.0000,0.1186,9.6984,0.0000,0.0176,29445.9627,0.0000,1.0345,29445.9629,24,0
56990.0000,5699,2010,2.7000,10,1000,1000,1,25635.3528,0.0000,0.8984,3806.1135,0.0000,0.1185,9.6967,0.0000,0.0176,29451.1630,0.0000,1.0345,29451.1621,25,0
57000.0000,5700,2006,2.7000,6,1000,1000,1,25639.6353,0.0000,0.8983,3805.4458,0.0000,0.1185,9.6950,0.0000,0.0176,29454.7761,0.0000,1.0344,29454.7754,25,0
57010.0000,5701,2008,2.7000,8,1000,1000,1,25644.4189,0.0000,0.8983,3804.7783,0.0000,0.1185,9.6933,0.0000,0.0176,29458.8905,0.0000,1.0344,29458.8906,25,0
57020.0000,5702,2007,2.7000,7,1000,1000,1,25644.8979,0.0000,0.8982,3804.1110,0.0000,0.1185,9.6916,0.0000,0.0176,29458.7005,0.0000,1.0343,29458.7012,25,0
57030.0000,5703,2001,2.7000,1,1000,1000,1,25652.5082,0.0000,0.8982,3803.4440,0.0000,0.1184,9.6899,0.0000,0.0176,29465.6420,0.0000,1.0342,29465.6426,24,0
57040.0000,5704,2000,2.7000,0,1000,1000,1,25654.9538,0.0000,0.8981,3812.6800,0.0000,0.1185,9.6882,0.0000,0.0176,29477.3220,0.0000,1.0342,29477.3223,24,0
57050.0000,5705,2007,2.7000,7,1000,1000,1,25662.3289,0.0000,0.8982,3812.0117,0.0000,0.1185,9.6865,0.0000,0.0176,29484.0270,0.0000,1.0343,29484.0273,25,0
57060.0000,5706,2015,2.7000,15,1000,1000,1,25666.7520,0.0000,0.8983,3811.3436,0.0000,0.1185,9.6848,0.0000,0.0176,29487.7804,0.0000,1.0344,29487.7812,25,0
57070.0000,5707,2013,2.7000,13,1000,1000,1,25669.0304,0.0000,0.8982,3810.6757,0.0000,0.1185,9.6831,0.0000,0.0176,29489.3892,0.0000,1.0343,29489.3887,25,0
57080.0000,5708,2011,2.7000,11,1000,1000,1,25673.1248,0.0000,0.8982,3810.0081,0.0000,0.1184,9.6814,0.0000,0.0176,29492.8143,0.0000,1.0343,29492.8145,25,0
57090.0000,5709,2016,2.7000,16,1000,1000,1,25680.2439,0.0000,0.8982,3809.3408,0.0000,0.1184,9.6797,0.0000,0.0176,29499.2643,0.0000,1.0342,29499.2637,25,0
57100.0000,5710,2015,2.7000,15,1000,1000,1,25684.6265,0.0000,0.8982,3808.6736,0.0000,0.1184,9.6780,0.0000,0.0176,29502.9781,0.0000,1.0342,29502.9785,25,0
57110.0000,5711,2011,2.7000,11,1000,1000,1,25686.6791,0.0000,0.8982,3808.0067,0.0000,0.1184,9.6763,0.0000,0.0176,29504.3621,0.0000,1.0341,29504.3613,25,0
57120.0000,5712,2011,2.7000,11,1000,1000,1,25693.5383,0.0000,0.8982,3807.3401,0.0000,0.1184,9.6746,0.0000,0.0176,29510.5530,0.0000,1.0342,29510.5527,25,0
57130.0000,5713,2006,2.7000,6,1000,1000,1,25696.1522,0.0000,0.8981,3806.6736,0.0000,0.1183,9.6729,0.0000,0.0176,29512.4988,0.0000,1.0340,29512.4980,25,0
57140.0000,5714,2003,2.7000,3,1000,1000,1,25702.6251,0.0000,0.8981,3817.4803,0.0000,0.1184,9.6712,0.0000,0.0176,29529.7766,0.0000,1.0341,29529.7773,24,0
57150.0000,5715,2001,2.7000,1,1000,1000,1,25706.6903,0.0000,0.8981,3818.3095,0.0000,0.1184,9.6695,0.0000,0.0176,29534.6693,0.0000,1.0341,29534.6699,24,0
57160.0000,5716,2006,2.7000,6,1000,1000,1,25711.5138,0.0000,0.8981,3817.6415,0.0000,0.1184,9.6678,0.0000,0.0175,29538.8231,0.0000,1.0341,29538.8223,25,0
57170.0000,5717,2005,2.7000,5,1000,1000,1,25714.5329,0.0000,0.8981,3816.9737,0.0000,0.1184,9.6662,0.0000,0.0175,29541.1728,0.0000,1.0341,29541.1719,24,0
57180.0000,5718,2016,2.7000,16,1000,1000,1,25720.4520,0.0000,0.8983,3816.3062,0.0000,0.1184,9.6645,0.0000,0.0175,29546.4226,0.0000,1.0342,29546.4219,25,0
57190.0000,5719,2011,2.7000,11,1000,1000,1,25724.8097,0.0000,0.8983,3815.6389,0.0000,0.1183,9.6628,0.0000,0.0175,29550.1113,0.0000,1.0342,29550.1113,25,0
57200.0000,5720,2004,2.7000,4,1000,1000,1,25729.0905,0.0000,0.8983,3814.9718,0.0000,0.1183,9.6611,0.0000,0.0175,29553.7234,0.0000,1.0341,29553.7227,24,0
57210.0000,5721,2008,2.7000,8,1000,1000,1,25733.8411,0.0000,0.8983,3814.3050,0.0000,0.1183,9.6594,0.0000,0.0175,29557.8055,0.0000,1.0342,29557.8047,25,0
57220.0000,5722,2012,2.7000,12,1000,1000,1,25736.9719,0.0000,0.8983,3813.6384,0.0000,0.1183,9.6577,0.0000,0.0175,29560.2680,0.0000,1.0341,29560.2676,25,0
57230.0000,5723,2013,2.7000,13,1000,1000,1,25742.7795,0.0000,0.8984,3812.9720,0.0000,0.1183,9.6560,0.0000,0.0175,29565.4075,0.0000,1.0341,29565.4082,25,0
57240.0000,5724,2017,2.7000,17,1000,1000,1,25747.3947,0.0000,0.8985,3812.3059,0.0000,0.1182,9.6543,0.0000,0.0175,29569.3549,0.0000,1.0342,29569.3555,25,0
57250.0000,5725,2025,2.7000,25,1000,1000,1,25751.9723,0.0000,0.8986,3811.6400,0.0000,0.1182,9.6527,0.0000,0.0175,29573.2650,0.0000,1.0344,29573.2656,26,0
57260.0000,5726,2016,2.7000,16,1000,1000,1,25756.4932,0.0000,0.8986,3810.9743,0.0000,0.1182,9.6510,0.0000,0.0175,29577.1185,0.0000,1.0343,29577.1191,25,0
57270.0000,5727,2022,2.7000,22,1000,1000,1,25760.9189,0.0000,0.8986,3810.3089,0.0000,0.1182,9.6493,0.0000,0.0175,29580.8770,0.0000,1.0343,29580.8770,26,0
57280.0000,5728,2013,2.7000,13,1000,1000,1,25764.6535,0.0000,0.8986,3809.6437,0.0000,0.1182,9.6476,0.0000,0.0175,29583.9448,0.0000,1.0342,29583.9453,25,0
57290.0000,5729,2004,2.7000,4,1000,1000,1,25769.8235,0.0000,0.8985,3808.9787,0.0000,0.1181,9.6459,0.0000,0.0175,29588.4481,0.0000,1.0341,29588.4473,24,0
57300.0000,5730,2003,2.7000,3,1000,1000,1,25773.5801,0.0000,0.8985,3825.5690,0.0000,0.1181,9.6442,0.0000,0.0175,29608.7933,0.0000,1.0341,29608.7930,24,0
57310.0000,5731,2009,2.7000,9,1000,1000,1,25778.6022,0.0000,0.8986,3824.9014,0.0000,0.1181,9.6425,0.0000,0.0175,29613.1462,0.0000,1.0342,29613.1465,25,0
57320.0000,5732,2008,2.7000,8,1000,1000,1,25783.2318,0.0000,0.8986,3824.2342,0.0000,0.1181,9.6409,0.0000,0.0175,29617.1068,0.0000,1.0342,29617.1074,25,0
57330.0000,5733,2012,2.7000,12,1000,1000,1,25786.3826,0.0000,0.8987,3823.5671,0.0000,0.1181,9.6392,0.0000,0.0175,29619.5889,0.0000,1.0342,29619.5898,25,0
57340.0000,5734,2008,2.7000,8,1000,1000,1,25792.3847,0.0000,0.8986,3822.9003,0.0000,0.1181,9.6375,0.0000,0.0175,29624.9224,0.0000,1.0342,29624.9219,25,0
57350.0000,5735,2004,2.7000,4,1000,1000,1,25796.3602,0.0000,0.8986,3822.2337,0.0000,0.1180,9.6358,0.0000,0.0175,29628.2297,0.0000,1.0342,29628.2305,24,0
57360.0000,5736,2001,2.7000,1,1000,1000,1,25800.9157,0.0000,0.8987,3828.4878,0.0000,0.1181,9.6341,0.0000,0.0175,29639.0376,0.0000,1.0342,29639.0371,24,0
57370.0000,5737,2003,2.7000,3,1000,1000,1,25804.9116,0.0000,0.8987,3829.4564,0.0000,0.1181,9.6325,0.0000,0.0175,29644.0005,0.0000,1.0343,29644.0000,24,0
57380.0000,5738,2001,2.7000,1,1000,1000,1,25810.2782,0.0000,0.8986,3829.5233,0.0000,0.1181,9.6308,0.0000,0.0175,29649.4323,0.0000,1.0342,29649.4316,24,0
57390.0000,5739,1997,2.7000,0,997,1000,1,25813.3251,0.0000,0.8986,3830.6976,0.0000,0.1182,9.6291,0.0000,0.0175,29653.6518,0.0000,1.0342,29653.6523,24,0
57400.0000,5740,2003,2.7000,3,1000,1000,1,25818.8776,0.0000,0.8986,3830.6854,0.0000,0.1182,9.6274,0.0000,0.0175,29659.1905,0.0000,1.0343,29659.1914,24,0
57410.0000,5741,1999,2.7000,0,999,1000,1,25822.6045,0.0000,0.8985,3831.7437,0.0000,0.1182,9.6257,0.0000,0.0175,29663.9740,0.0000,1.0342,29663.9746,24,0
57420.0000,5742,2000,2.7000,0,1000,1000,1,25825.5119,0.0000,0.8985,3831.8810,0.0000,0.1183,9.6241,0.0000,0.0175,29667.0170,0.0000,1.0342,29667.0176,24,0
57430.0000,5743,2006,2.7000,6,1000,1000,1,25832.5518,0.0000,0.8986,3831.8290,0.0000,0.1183,9.6224,0.0000,0.0175,29674.0032,0.0000,1.0343,29674.0039,25,0
57440.0000,5744,2004,2.7000,4,1000,1000,1,25836.9431,0.0000,0.8986,3831.1619,0.0000,0.1182,9.6207,0.0000,0.0175,29677.7257,0.0000,1.0343,29677.7266,24,0
57450.0000,5745,1996,2.7000,0,996,1000,1,25840.9102,0.0000,0.8985,3833.7476,0.0000,0.1183,9.6190,0.0000,0.0175,29684.2769,0.0000,1.0343,29684.2773,24,0
57460.0000,5746,1998,2.7000,1,997,1000,1,25844.8086,0.0000,0.8985,3834.1438,0.0000,0.1184,9.6174,0.0000,0.0175,29688.5698,0.0000,1.0344,29688.5703,24,0
57470.0000,5747,2000,2.7000,0,1000,1000,1,25850.2218,0.0000,0.8984,3834.7456,0.0000,0.1185,9.6157,0.0000,0.0175,29694.5831,0.0000,1.0344,29694.5840,24,0
57480.0000,5748,1998,2.7000,0,998,1000,1,25854.8459,0.0000,0.8983,3835.3848,0.0000,0.1186,9.6140,0.0000,0.0174,29699.8448,0.0000,1.0344,29699.8457,24,0
57490.0000,5749,2003,2.7000,3,1000,1000,1,25859.7466,0.0000,0.8984,3835.0447,0.0000,0.1187,9.6124,0.0000,0.0174,29704.4036,0.0000,1.0345,29704.4043,24,0
57500.0000,5750,2005,2.7000,5,1000,1000,1,25864.0150,0.0000,0.8984,3834.3777,0.0000,0.1186,9.6107,0.0000,0.0174,29708.0034,0.0000,1.0345,29708.0039,24,0
57510.0000,5751,2003,2.7000,3,1000,1000,1,25866.4494,0.0000,0.8984,3833.7110,0.0000,0.1186,9.6090,0.0000,0.0174,29709.7694,0.0000,1.0344,29709.7695,24,0
57520.0000,5752,2000,2.7000,0,1000,1000,1,25872.3343,0.0000,0.8983,3837.3587,0.0000,0.1186,9.6073,0.0000,0.0174,29719.3003,0.0000,1.0344,29719.3008,24,0
57530.0000,5753,2003,2.7000,3,1000,1000,1,25875.6635,0.0000,0.8984,3837.2940,0.0000,0.1187,9.6057,0.0000,0.0174,29722.5632,0.0000,1.0345,29722.5625,24,0
57540.0000,5754,2003,2.7000,3,1000,1000,1,25882.1532,0.0000,0.8984,3836.6271,0.0000,0.1186,9.6040,0.0000,0.0174,29728.3843,0.0000,1.0344,29728.3848,24,0
57550.0000,5755,2002,2.7000,2,1000,1000,1,25886.4857,0.0000,0.8984,3838.7514,0.0000,0.1186,9.6023,0.0000,0.0174,29734.8395,0.0000,1.0344,29734.8398,24,0
57560.0000,5756,1999,2.7000,0,999,1000,1,25890.3975,0.0000,0.8984,3839.2792,0.0000,0.1186,9.6007,0.0000,0.0174,29739.2774,0.0000,1.0344,29739.2773,24,0
57570.0000,5757,2001,2.7000,1,1000,1000,1,25894.0136,0.0000,0.8983,3840.0733,0.0000,0.1187,9.5990,0.0000,0.0174,29743.6859,0.0000,1.0345,29743.6855,24,0
57580.0000,5758,2001,2.7000,1,1000,1000,1,25898.4286,0.0000,0.8983,3840.5226,0.0000,0.1188,9.5973,0.0000,0.0174,29748.5485,0.0000,1.0345,29748.5488,24,0
57590.0000,5759,2005,2.7000,5,1000,1000,1,25903.6454,0.0000,0.8984,3839.8557,0.0000,0.1187,9.5957,0.0000,0.0174,29753.0968,0.0000,1.0345,29753.0977,24,0
57600.0000,5760,2000,2.7000,0,1000,1000,1,25902.8660,0.0000,0.8983,3839.1891,0.0000,0.1187,9.5940,0.0000,0.0174,29751.6491,0.0000,1.0344,29751.6484,24,0
57610.0000,5761,2002,2.7000,2,1000,1000,1,25911.3652,0.0000,0.8982,3841.9067,0.0000,0.1187,9.5923,0.0000,0.0174,29762.8642,0.0000,1.0344,29762.8633,24,0
57620.0000,5762,1999,2.7000,0,999,1000,1,25917.7522,0.0000,0.8982,3842.1743,0.0000,0.1188,9.5907,0.0000,0.0174,29769.5172,0.0000,1.0343,29769.5176,24,0
57630.0000,5763,2000,2.7000,0,1000,1000,1,25921.0282,0.0000,0.8981,3843.1073,0.0000,0.1188,9.5890,0.0000,0.0174,29773.7245,0.0000,1.0343,29773.7246,24,0
57640.0000,5764,2002,2.7000,2,1000,1000,1,25925.0794,0.0000,0.8980,3843.0340,0.0000,0.1189,9.5873,0.0000,0.0174,29777.7007,0.0000,1.0343,29777.7012,24,0
57650.0000,5765,2000,2.7000,0,1000,1000,1,25929.1156,0.0000,0.8979,3844.1781,0.0000,0.1189,9.5857,0.0000,0.0174,29782.8794,0.0000,1.0342,29782.8789,24,0
57660.0000,5766,2009,2.7000,9,1000,1000,1,25935.7615,0.0000,0.8980,3843.5114,0.0000,0.1189,9.5840,0.0000,0.0174,29788.8569,0.0000,1.0343,29788.8574,25,0
57670.0000,5767,2007,2.7000,7,1000,1000,1,25940.4786,0.0000,0.8981,3842.8449,0.0000,0.1189,9.5824,0.0000,0.0174,29792.9059,0.0000,1.0343,29792.9062,25,0
57680.0000,5768,2005,2.7000,5,1000,1000,1,25944.5347,0.0000,0.8981,3842.1787,0.0000,0.1189,9.5807,0.0000,0.0174,29796.2941,0.0000,1.0343,29796.2949,24,0
57690.0000,5769,2002,2.7000,2,1000,1000,1,25947.0589,0.0000,0.8980,3841.5127,0.0000,0.1188,9.5790,0.0000,0.0174,29798.1506,0.0000,1.0342,29798.1504,24,0
57700.0000,5770,2003,2.7000,3,1000,1000,1,25953.5689,0.0000,0.8979,3846.5891,0.0000,0.1189,9.5774,0.0000,0.0174,29809.7354,0.0000,1.0342,29809.7363,24,0
57710.0000,5771,2003,2.7000,3,1000,1000,1,25958.3504,0.0000,0.8980,3847.3183,0.0000,0.1189,9.5757,0.0000,0.0174,29815.2444,0.0000,1.0343,29815.2441,24,0
57720.0000,5772,2001,2.7000,1,1000,1000,1,25961.4349,0.0000,0.8981,3846.6518,0.0000,0.1189,9.5741,0.0000,0.0174,29817.6607,0.0000,1.0343,29817.6602,24,0
57730.0000,5773,2002,2.7000,2,1000,1000,1,25966.2713,0.0000,0.8980,3848.0032,0.0000,0.1189,9.5724,0.0000,0.0174,29823.8469,0.0000,1.0343,29823.8477,24,0
57740.0000,5774,2001,2.7000,1,1000,1000,1,25969.8452,0.0000,0.8980,3847.3368,0.0000,0.1189,9.5707,0.0000,0.0174,29826.7527,0.0000,1.0343,29826.7520,24,0
57750.0000,5775,1997,2.7000,0,997,1000,1,25971.2031,0.0000,0.8980,3848.6658,0.0000,0.1189,9.5691,0.0000,0.0174,29829.4379,0.0000,1.0342,29829.4375,24,0
57760.0000,5776,1998,2.7000,0,998,1000,1,25979.3792,0.0000,0.8979,3849.6322,0.0000,0.1190,9.5674,0.0000,0.0174,29838.5789,0.0000,1.0343,29838.5781,24,0
57770.0000,5777,2002,2.7000,2,1000,1000,1,25984.8050,0.0000,0.8979,3850.3170,0.0000,0.1191,9.5658,0.0000,0.0174,29844.6877,0.0000,1.0343,29844.6875,24,0
57780.0000,5778,2008,2.7000,8,1000,1000,1,25989.2798,0.0000,0.8980,3850.3159,0.0000,0.1191,9.5641,0.0000,0.0174,29849.1598,0.0000,1.0344,29849.1602,25,0
57790.0000,5779,2008,2.7000,8,1000,1000,1,25994.1862,0.0000,0.8980,3849.6496,0.0000,0.1191,9.5625,0.0000,0.0174,29853.3983,0.0000,1.0344,29853.3984,25,0
57800.0000,5780,2007,2.7000,7,1000,1000,1,25998.2271,0.0000,0.8980,3848.9836,0.0000,0.1191,9.5608,0.0000,0.0174,29856.7715,0.0000,1.0344,29856.7715,25,0
57810.0000,5781,2003,2.7000,3,1000,1000,1,26001.0734,0.0000,0.8979,3848.3178,0.0000,0.1190,9.5591,0.0000,0.0173,29858.9503,0.0000,1.0343,29858.9512,24,0
57820.0000,5782,2006,2.7000,6,1000,1000,1,26007.2867,0.0000,0.8980,3847.6522,0.0000,0.1190,9.5575,0.0000,0.0173,29864.4964,0.0000,1.0344,29864.4961,25,0
57830.0000,5783,2005,2.7000,5,1000,1000,1,26011.3833,0.0000,0.8980,3846.9869,0.0000,0.1190,9.5558,0.0000,0.0173,29867.9261,0.0000,1.0344,29867.9258,24,0
57840.0000,5784,2005,2.7000,5,1000,1000,1,26015.1559,0.0000,0.8981,3846.3218,0.0000,0.1190,9.5542,0.0000,0.0173,29871.0319,0.0000,1.0344,29871.0312,24,0
57850.0000,5785,2001,2.7000,1,1000,1000,1,26019.9200,0.0000,0.8981,3854.4925,0.0000,0.1190,9.5525,0.0000,0.0173,29883.9650,0.0000,1.0344,29883.9648,24,0
57860.0000,5786,2001,2.7000,1,1000,1000,1,26023.8918,0.0000,0.8980,3853.8263,0.0000,0.1190,9.5509,0.0000,0.0173,29887.2689,0.0000,1.0344,29887.2695,24,0
57870.0000,5787,2004,2.7000,5,999,1000,1,26030.1173,0.0000,0.8980,3855.6477,0.0000,0.1190,9.5492,0.0000,0.0173,29895.3142,0.0000,1.0344,29895.3145,24,0
57880.0000,5788,2006,2.7000,6,1000,1000,1,26034.4295,0.0000,0.8980,3855.2619,0.0000,0.1190,9.5476,0.0000,0.0173,29899.2390,0.0000,1.0344,29899.2383,25,0
57890.0000,5789,2008,2.7000,8,1000,1000,1,26038.8508,0.0000,0.8980,3854.5959,0.0000,0.1190,9.5459,0.0000,0.0173,29902.9927,0.0000,1.0344,29902.9922,25,0
57900.0000,5790,2010,2.7000,10,1000,1000,1,26043.2010,0.0000,0.8981,3853.9302,0.0000,0.1190,9.5443,0.0000,0.0173,29906.6755,0.0000,1.0344,29906.6758,25,0
57910.0000,5791,2010,2.7000,10,1000,1000,1,26047.6383,0.0000,0.8980,3853.2647,0.0000,0.1190,9.5426,0.0000,0.0173,29910.4456,0.0000,1.0343,29910.4453,25,0
57920.0000,5792,2008,2.7000,8,1000,1000,1,26052.2370,0.0000,0.8980,3852.5994,0.0000,0.1189,9.5410,0.0000,0.0173,29914.3774,0.0000,1.0343,29914.3770,25,0
57930.0000,5793,2008,2.7000,8,1000,1000,1,26056.8916,0.0000,0.8980,3851.9344,0.0000,0.1189,9.5393,0.0000,0.0173,29918.3653,0.0000,1.0343,29918.3652,25,0
57940.0000,5794,2005,2.7000,5,1000,1000,1,26060.8566,0.0000,0.8980,3851.2696,0.0000,0.1189,9.5377,0.0000,0.0173,29921.6638,0.0000,1.0343,29921.6641,24,0
57950.0000,5795,2007,2.7000,7,1000,1000,1,26065.7179,0.0000,0.8981,3859.5027,0.0000,0.1189,9.5361,0.0000,0.0173,29934.7567,0.0000,1.0343,29934.7559,25,0
57960.0000,5796,2011,2.7000,11,1000,1000,1,26069.5846,0.0000,0.8981,3858.8369,0.0000,0.1189,9.5344,0.0000,0.0173,29937.9559,0.0000,1.0343,29937.9551,25,0
57970.0000,5797,2007,2.7000,7,1000,1000,1,26073.0732,0.0000,0.8981,3858.1712,0.0000,0.1189,9.5328,0.0000,0.0173,29940.7772,0.0000,1.0343,29940.7773,25,0
57980.0000,5798,2000,2.7000,0,1000,1000,1,26076.3946,0.0000,0.8980,3857.5058,0.0000,0.1188,9.5311,0.0000,0.0173,29943.4315,0.0000,1.0342,29943.4316,24,0
57990.0000,5799,2003,2.7000,3,1000,1000,1,26083.0130,0.0000,0.8981,3861.3288,0.0000,0.1189,9.5295,0.0000,0.0173,29953.8714,0.0000,1.0342,29953.8711,24,0
58000.0000,5800,2006,2.7000,6,1000,1000,1,26088.1502,0.0000,0.8981,3860.6631,0.0000,0.1188,9.5278,0.0000,0.0173,29958.3412,0.0000,1.0342,29958.3418,25,0
58010.0000,5801,2007,2.7000,7,1000,1000,1,26092.6513,0.0000,0.8980,3859.9976,0.0000,0.1188,9.5262,0.0000,0.0173,29962.1751,0.0000,1.0341,29962.1758,25,0
58020.0000,5802,1999,2.7000,0,999,1000,1,26096.9528,0.0000,0.8979,3863.5210,0.0000,0.1188,9.5245,0.0000,0.0173,29969.9983,0.0000,1.0340,29969.9980,24,0
58030.0000,5803,2002,2.7000,2,1000,1000,1,26099.9613,0.0000,0.8979,3863.3033,0.0000,0.1189,9.5229,0.0000,0.0173,29972.7875,0.0000,1.0340,29972.7871,24,0
58040.0000,5804,2002,2.7000,2,1000,1000,1,26105.7742,0.0000,0.8979,3864.5129,0.0000,0.1189,9.5213,0.0000,0.0173,29979.8083,0.0000,1.0341,29979.8086,24,0
58050.0000,5805,2004,2.7000,4,1000,1000,1,26110.5318,0.0000,0.8979,3863.8472,0.0000,0.1188,9.5196,0.0000,0.0173,29983.8985,0.0000,1.0340,29983.8984,24,0
58060.0000,5806,2004,2.7000,4,1000,1000,1,26114.3252,0.0000,0.8979,3863.1817,0.0000,0.1188,9.5180,0.0000,0.0173,29987.0249,0.0000,1.0340,29987.0254,24,0
58070.0000,5807,2005,2.7000,5,1000,1000,1,26119.5851,0.0000,0.8979,3862.5164,0.0000,0.1188,9.5163,0.0000,0.0173,29991.6178,0.0000,1.0339,29991.6172,24,0
58080.0000,5808,1998,2.7000,0,998,1000,1,26123.3727,0.0000,0.8978,3861.8514,0.0000,0.1188,9.5147,0.0000,0.0173,29994.7388,0.0000,1.0339,29994.7383,24,0
58090.0000,5809,2001,2.7000,1,1000,1000,1,26128.5030,0.0000,0.8979,3866.2391,0.0000,0.1188,9.5131,0.0000,0.0173,30004.2552,0.0000,1.0339,30004.2559,24,0
58100.0000,5810,2005,2.7000,5,1000,1000,1,26131.5066,0.0000,0.8979,3865.5737,0.0000,0.1188,9.5114,0.0000,0.0173,30006.5917,0.0000,1.0340,30006.5918,24,0
58110.0000,5811,1995,2.7000,0,995,1000,1,26135.3919,0.0000,0.8978,3867.9446,0.0000,0.1188,9.5098,0.0000,0.0173,30012.8463,0.0000,1.0339,30012.8457,24,0
58120.0000,5812,2005,2.7000,5,1000,1000,1,26142.0178,0.0000,0.8978,3868.4186,0.0000,0.1189,9.5082,0.0000,0.0173,30019.9446,0.0000,1.0339,30019.9453,24,0
58130.0000,5813,2010,2.7000,10,1000,1000,1,26145.7027,0.0000,0.8978,3867.7531,0.0000,0.1189,9.5065,0.0000,0.0173,30022.9623,0.0000,1.0339,30022.9629,25,0
58140.0000,5814,2007,2.7000,7,1000,1000,1,26151.0898,0.0000,0.8978,3867.0878,0.0000,0.1188,9.5049,0.0000,0.0173,30027.6825,0.0000,1.0339,30027.6816,25,0
58150.0000,5815,2007,2.7000,7,1000,1000,1,26155.1940,0.0000,0.8978,3866.4228,0.0000,0.1188,9.5033,0.0000,0.0172,30031.1200,0.0000,1.0339,30031.1191,25,0
58160.0000,5816,2004,2.7000,4,1000,1000,1,26157.6129,0.0000,0.8978,3865.7580,0.0000,0.1188,9.5016,0.0000,0.0172,30032.8726,0.0000,1.0339,30032.8730,24,0
58170.0000,5817,2003,2.7000,3,1000,1000,1,26164.3458,0.0000,0.8978,3871.3389,0.0000,0.1188,9.5000,0.0000,0.0172,30045.1847,0.0000,1.0338,30045.1855,24,0
58180.0000,5818,2002,2.7000,2,1000,1000,1,26167.4835,0.0000,0.8978,3870.6735,0.0000,0.1188,9.4984,0.0000,0.0172,30047.6554,0.0000,1.0338,30047.6562,24,0
58190.0000,5819,2003,2.7000,3,1000,1000,1,26173.4564,0.0000,0.8978,3870.0083,0.0000,0.1187,9.4967,0.0000,0.0172,30052.9615,0.0000,1.0338,30052.9609,24,0
58200.0000,5820,2007,2.7000,7,1000,1000,1,26177.0475,0.0000,0.8978,3869.3434,0.0000,0.1187,9.4951,0.0000,0.0172,30055.8859,0.0000,1.0338,30055.8867,25,0
58210.0000,5821,2009,2.7000,9,1000,1000,1,26181.7817,0.0000,0.8978,3868.6787,0.0000,0.1187,9.4935,0.0000,0.0172,30059.9538,0.0000,1.0337,30059.9531,25,0
58220.0000,5822,2018,2.7000,18,1000,1000,1,26184.8499,0.0000,0.8979,3868.0142,0.0000,0.1187,9.4918,0.0000,0.0172,30062.3559,0.0000,1.0338,30062.3555,25,0
58230.0000,5823,2023,2.7000,23,1000,1000,1,26190.8464,0.0000,0.8979,3867.3499,0.0000,0.1187,9.4902,0.0000,0.0172,30067.6865,0.0000,1.0338,30067.6875,26,0
58240.0000,5824,2022,2.7000,22,1000,1000,1,26195.7266,0.0000,0.8979,3866.6859,0.0000,0.1186,9.4886,0.0000,0.0172,30071.9011,0.0000,1.0338,30071.9004,26,0
58250.0000,5825,2023,2.7000,23,1000,1000,1,26199.3887,0.0000,0.8980,3866.0220,0.0000,0.1186,9.4869,0.0000,0.0172,30074.8977,0.0000,1.0338,30074.8984,26,0
58260.0000,5826,2014,2.7000,14,1000,1000,1,26204.8530,0.0000,0.8980,3865.3585,0.0000,0.1186,9.4853,0.0000,0.0172,30079.6967,0.0000,1.0338,30079.6973,25,0
58270.0000,5827,2019,2.7000,19,1000,1000,1,26208.2075,0.0000,0.8980,3864.6951,0.0000,0.1186,9.4837,0.0000,0.0172,30082.3863,0.0000,1.0338,30082.3867,25,0
58280.0000,5828,2018,2.7000,18,1000,1000,1,26213.1314,0.0000,0.8980,3864.0320,0.0000,0.1186,9.4821,0.0000,0.0172,30086.6454,0.0000,1.0338,30086.6445,25,0
58290.0000,5829,2011,2.7000,11,1000,1000,1,26217.6932,0.0000,0.8980,3863.3691,0.0000,0.1185,9.4804,0.0000,0.0172,30090.5427,0.0000,1.0337,30090.5430,25,0
58300.0000,5830,2015,2.7000,15,1000,1000,1,26221.3955,0.0000,0.8980,3862.7064,0.0000,0.1185,9.4788,0.0000,0.0172,30093.5808,0.0000,1.0338,30093.5801,25,0
58310.0000,5831,2011,2.7000,11,1000,1000,1,26226.2110,0.0000,0.8980,3862.0440,0.0000,0.1185,9.4772,0.0000,0.0172,30097.7321,0.0000,1.0337,30097.7324,25,0
58320.0000,5832,2009,2.7000,9,1000,1000,1,26231.5710,0.0000,0.8980,3861.3818,0.0000,0.1185,9.4756,0.0000,0.0172,30102.4283,0.0000,1.0337,30102.4277,25,0
58330.0000,5833,2003,2.7000,3,1000,1000,1,26235.2583,0.0000,0.8980,3860.7198,0.0000,0.1185,9.4739,0.0000,0.0172,30105.4520,0.0000,1.0336,30105.4512,24,0
58340.0000,5834,2002,2.7000,2,1000,1000,1,26239.7430,0.0000,0.8979,3879.1841,0.0000,0.1185,9.4723,0.0000,0.0172,30128.3994,0.0000,1.0336,30128.3984,24,0
58350.0000,5835,1997,2.7000,0,997,1000,1,26244.8908,0.0000,0.8979,3880.7362,0.0000,0.1185,9.4707,0.0000,0.0172,30135.0977,0.0000,1.0337,30135.0977,24,0
58360.0000,5836,2002,2.7000,2,1000,1000,1,26249.3227,0.0000,0.8980,3880.9223,0.0000,0.1186,9.4691,0.0000,0.0172,30139.7141,0.0000,1.0338,30139.7148,24,0
58370.0000,5837,2009,2.7000,9,1000,1000,1,26253.9608,0.0000,0.8980,3880.2574,0.0000,0.1186,9.4674,0.0000,0.0172,30143.6856,0.0000,1.0338,30143.6855,25,0
58380.0000,5838,2007,2.7000,7,1000,1000,1,26258.5849,0.0000,0.8980,3879.5928,0.0000,0.1186,9.4658,0.0000,0.0172,30147.6435,0.0000,1.0338,30147.6426,25,0
58390.0000,5839,2008,2.7000,8,1000,1000,1,26263.1481,0.0000,0.8980,3878.9283,0.0000,0.1185,9.4642,0.0000,0.0172,30151.5407,0.0000,1.0338,30151.5410,25,0
58400.0000,5840,2010,2.7000,10,1000,1000,1,26267.2501,0.0000,0.8981,3878.2641,0.0000,0.1185,9.4626,0.0000,0.0172,30154.9768,0.0000,1.0338,30154.9766,25,0
58410.0000,5841,2005,2.7000,5,1000,1000,1,26270.9059,0.0000,0.8980,3877.6002,0.0000,0.1185,9.4610,0.0000,0.0172,30157.9671,0.0000,1.0337,30157.9668,24,0
58420.0000,5842,2008,2.7000,8,1000,1000,1,26275.3183,0.0000,0.8980,3876.9364,0.0000,0.1185,9.4593,0.0000,0.0172,30161.7141,0.0000,1.0337,30161.7148,25,0
58430.0000,5843,2010,2.7000,10,1000,1000,1,26280.5593,0.0000,0.8980,3876.2729,0.0000,0.1185,9.4577,0.0000,0.0172,30166.2899,0.0000,1.0336,30166.2891,25,0
58440.0000,5844,2012,2.7000,12,1000,1000,1,26285.5309,0.0000,0.8981,3875.6096,0.0000,0.1184,9.4561,0.0000,0.0172,30170.5966,0.0000,1.0337,30170.5957,25,0
58450.0000,5845,2010,2.7000,10,1000,1000,1,26289.5296,0.0000,0.8982,3874.9466,0.0000,0.1184,9.4545,0.0000,0.0172,30173.9306,0.0000,1.0337,30173.9297,25,0
58460.0000,5846,2004,2.7000,4,1000,1000,1,26294.4748,0.0000,0.8981,3874.2837,0.0000,0.1184,9.4529,0.0000,0.0172,30178.2113,0.0000,1.0336,30178.2109,24,0
58470.0000,5847,2009,2.7000,9,1000,1000,1,26298.9946,0.0000,0.8982,3873.6211,0.0000,0.1184,9.4512,0.0000,0.0172,30182.0669,0.0000,1.0338,30182.0664,25,0
58480.0000,5848,2008,2.7000,8,1000,1000,1,26303.2440,0.0000,0.8982,3872.9587,0.0000,0.1184,9.4496,0.0000,0.0172,30185.6523,0.0000,1.0338,30185.6523,25,0
58490.0000,5849,2022,2.7000,22,1000,1000,1,26307.8471,0.0000,0.8984,3872.2966,0.0000,0.1183,9.4480,0.0000,0.0171,30189.5916,0.0000,1.0339,30189.5918,26,0
58500.0000,5850,2023,2.7000,23,1000,1000,1,26312.3477,0.0000,0.8984,3871.6346,0.0000,0.1183,9.4464,0.0000,0.0171,30193.4287,0.0000,1.0339,30193.4297,26,0
58510.0000,5851,2029,2.7000,29,1000,1000,1,26315.9554,0.0000,0.8984,3870.9729,0.0000,0.1183,9.4448,0.0000,0.0171,30196.3731,0.0000,1.0339,30196.3730,26,0
58520.0000,5852,2019,2.7000,19,1000,1000,1,26320.5738,0.0000,0.8984,3870.3114,0.0000,0.1183,9.4432,0.0000,0.0171,30200.3284,0.0000,1.0338,30200.3281,25,0
58530.0000,5853,2013,2.7000,13,1000,1000,1,26323.5621,0.0000,0.8983,3869.6502,0.0000,0.1183,9.4416,0.0000,0.0171,30202.6538,0.0000,1.0337,30202.6543,25,0
58540.0000,5854,2012,2.7000,12,1000,1000,1,26329.9621,0.0000,0.8984,3868.9892,0.0000,0.1182,9.4399,0.0000,0.0171,30208.3912,0.0000,1.0338,30208.3906,25,0
58550.0000,5855,2013,2.7000,13,1000,1000,1,26334.6649,0.0000,0.8984,3868.3284,0.0000,0.1182,9.4383,0.0000,0.0171,30212.4316,0.0000,1.0337,30212.4316,25,0
58560.0000,5856,2013,2.7000,13,1000,1000,1,26337.7051,0.0000,0.8984,3867.6678,0.0000,0.1182,9.4367,0.0000,0.0171,30214.8096,0.0000,1.0337,30214.8105,25,0
58570.0000,5857,2004,2.7000,4,1000,1000,1,26340.5495,0.0000,0.8983,3867.0074,0.0000,0.1182,9.4351,0.0000,0.0171,30216.9921,0.0000,1.0336,30216.9922,24,0
58580.0000,5858,2007,2.7000,7,1000,1000,1,26347.4541,0.0000,0.8983,3866.3473,0.0000,0.1182,9.4335,0.0000,0.0171,30223.2349,0.0000,1.0335,30223.2344,25,0
58590.0000,5859,2009,2.7000,9,1000,1000,1,26352.5112,0.0000,0.8983,3865.6874,0.0000,0.1181,9.4319,0.0000,0.0171,30227.6305,0.0000,1.0336,30227.6309,25,0
58600.0000,5860,1997,2.7000,0,997,1000,1,26354.6023,0.0000,0.8983,3865.0277,0.0000,0.1181,9.4303,0.0000,0.0171,30229.0604,0.0000,1.0335,30229.0605,24,0
58610.0000,5861,2006,2.7000,6,1000,1000,1,26361.5766,0.0000,0.8983,3893.7947,0.0000,0.1182,9.4287,0.0000,0.0171,30264.7999,0.0000,1.0336,30264.8008,25,0
58620.0000,5862,1998,2.7000,0,998,1000,1,26364.6221,0.0000,0.8982,3894.6188,0.0000,0.1182,9.4271,0.0000,0.0171,30268.6680,0.0000,1.0335,30268.6680,24,0
58630.0000,5863,2002,2.7000,2,1000,1000,1,26368.7355,0.0000,0.8981,3894.2164,0.0000,0.1182,9.4255,0.0000,0.0171,30272.3773,0.0000,1.0334,30272.3770,24,0
58640.0000,5864,2004,2.7000,4,1000,1000,1,26372.9006,0.0000,0.8981,3893.5523,0.0000,0.1182,9.4238,0.0000,0.0171,30275.8767,0.0000,1.0334,30275.8770,24,0
58650.0000,5865,2000,2.7000,0,1000,1000,1,26377.6437,0.0000,0.8981,3892.8884,0.0000,0.1182,9.4222,0.0000,0.0171,30279.9544,0.0000,1.0334,30279.9551,24,0
58660.0000,5866,1995,2.7000,0,995,1000,1,26381.8336,0.0000,0.8981,3896.7037,0.0000,0.1182,9.4206,0.0000,0.0171,30287.9580,0.0000,1.0333,30287.9570,24,0
58670.0000,5867,1996,2.7000,0,996,1000,1,26387.2645,0.0000,0.8980,3897.3730,0.0000,0.1183,9.4190,0.0000,0.0171,30294.0565,0.0000,1.0335,30294.0566,24,0
58680.0000,5868,2001,2.7000,7,994,1000,1,26392.9210,0.0000,0.8981,3897.9110,0.0000,0.1184,9.4174,0.0000,0.0171,30300.2494,0.0000,1.0336,30300.2500,25,0
58690.0000,5869,2008,2.7000,8,1000,1000,1,26396.8797,0.0000,0.8981,3897.7875,0.0000,0.1185,9.4158,0.0000,0.0171,30304.0830,0.0000,1.0336,30304.0820,25,0
58700.0000,5870,1999,2.7000,0,999,1000,1,26401.8440,0.0000,0.8981,3897.1235,0.0000,0.1185,9.4142,0.0000,0.0171,30308.3816,0.0000,1.0337,30308.3809,24,0
58710.0000,5871,2003,2.7000,3,1000,1000,1,26406.0678,0.0000,0.8982,3898.6125,0.0000,0.1185,9.4126,0.0000,0.0171,30314.0930,0.0000,1.0338,30314.0938,24,0
58720.0000,5872,2005,2.7000,5,1000,1000,1,26409.9229,0.0000,0.8982,3897.9486,0.0000,0.1185,9.4110,0.0000,0.0171,30317.2825,0.0000,1.0338,30317.2832,24,0
58730.0000,5873,2011,2.7000,11,1000,1000,1,26414.5710,0.0000,0.8982,3897.2849,0.0000,0.1184,9.4094,0.0000,0.0171,30321.2653,0.0000,1.0338,30321.2656,25,0
58740.0000,5874,2011,2.7000,11,1000,1000,1,26417.1266,0.0000,0.8982,3896.6214,0.0000,0.1184,9.4078,0.0000,0.0171,30323.1558,0.0000,1.0337,30323.1562,25,0
58750.0000,5875,2013,2.7000,13,1000,1000,1,26424.2290,0.0000,0.8982,3895.9582,0.0000,0.1184,9.4062,0.0000,0.0171,30329.5934,0.0000,1.0337,30329.5938,25,0
58760.0000,5876,2003,2.7000,3,1000,1000,1,26427.0631,0.0000,0.8981,3895.2951,0.0000,0.1184,9.4046,0.0000,0.0171,30331.7628,0.0000,1.0335,30331.7637,24,0
58770.0000,5877,2000,2.7000,1,999,1000,1,26433.2584,0.0000,0.8980,3902.5581,0.0000,0.1184,9.4030,0.0000,0.0171,30345.2196,0.0000,1.0335,30345.2188,24,0
58780.0000,5878,2002,2.7000,2,1000,1000,1,26437.8399,0.0000,0.8981,3902.5405,0.0000,0.1184,9.4014,0.0000,0.0171,30349.7817,0.0000,1.0335,30349.7812,24,0
58790.0000,5879,1998,2.7000,0,998,1000,1,26439.2269,0.0000,0.8981,3903.6209,0.0000,0.1185,9.3998,0.0000,0.0171,30352.2477,0.0000,1.0336,30352.2480,24,0
58800.0000,5880,2001,2.7000,1,1000,1000,1,26444.4138,0.0000,0.8981,3903.3543,0.0000,0.1185,9.3982,0.0000,0.0171,30357.1663,0.0000,1.0336,30357.1660,24,0
58810.0000,5881,2006,2.7000,6,1000,1000,1,26450.5735,0.0000,0.8981,3903.9687,0.0000,0.1185,9.3966,0.0000,0.0171,30363.9388,0.0000,1.0337,30363.9395,25,0
58820.0000,5882,2014,2.7000,14,1000,1000,1,26455.9121,0.0000,0.8982,3903.3050,0.0000,0.1185,9.3950,0.0000,0.0171,30368.6121,0.0000,1.0338,30368.6113,25,0
58830.0000,5883,2013,2.7000,13,1000,1000,1,26460.2359,0.0000,0.8982,3902.6415,0.0000,0.1184,9.3934,0.0000,0.0170,30372.2708,0.0000,1.0337,30372.2715,25,0
58840.0000,5884,2009,2.7000,9,1000,1000,1,26464.2528,0.0000,0.8982,3901.9782,0.0000,0.1184,9.3918,0.0000,0.0170,30375.6228,0.0000,1.0337,30375.6230,25,0
58850.0000,5885,2003,2.7000,3,1000,1000,1,26469.1616,0.0000,0.8981,3901.3152,0.0000,0.1184,9.3902,0.0000,0.0170,30379.8670,0.0000,1.0336,30379.8672,24,0
58860.0000,5886,1999,2.7000,0,999,1000,1,26472.2088,0.0000,0.8980,3900.6524,0.0000,0.1184,9.3886,0.0000,0.0170,30382.2498,0.0000,1.0334,30382.2500,24,0
58870.0000,5887,2004,2.7000,4,1000,1000,1,26478.0786,0.0000,0.8980,3906.6398,0.0000,0.1184,9.3870,0.0000,0.0170,30394.1055,0.0000,1.0334,30394.1055,24,0
58880.0000,5888,2010,2.7000,10,1000,1000,1,26482.0310,0.0000,0.8981,3905.9763,0.0000,0.1184,9.3854,0.0000,0.0170,30397.3927,0.0000,1.0335,30397.3926,25,0
58890.0000,5889,2002,2.7000,2,1000,1000,1,26486.6940,0.0000,0.8979,3905.3131,0.0000,0.1183,9.3838,0.0000,0.0170,30401.3909,0.0000,1.0333,30401.3906,24,0
58900.0000,5890,2007,2.7000,7,1000,1000,1,26491.2997,0.0000,0.8980,3904.6500,0.0000,0.1183,9.3822,0.0000,0.0170,30405.3319,0.0000,1.0334,30405.3320,25,0
58910.0000,5891,2013,2.7000,13,1000,1000,1,26496.1691,0.0000,0.8981,3903.9872,0.0000,0.1183,9.3807,0.0000,0.0170,30409.5369,0.0000,1.0334,30409.5371,25,0
58920.0000,5892,2019,2.7000,19,1000,1000,1,26497.3215,0.0000,0.8981,3903.3246,0.0000,0.1183,9.3791,0.0000,0.0170,30410.0251,0.0000,1.0334,30410.0254,25,0
58930.0000,5893,2016,2.7000,16,1000,1000,1,26504.9818,0.0000,0.8981,3902.6622,0.0000,0.1183,9.3775,0.0000,0.0170,30417.0216,0.0000,1.0334,30417.0215,25,0
58940.0000,5894,2014,2.7000,14,1000,1000,1,26509.0260,0.0000,0.8981,3902.0001,0.0000,0.1182,9.3759,0.0000,0.0170,30420.4020,0.0000,1.0334,30420.4023,25,0
58950.0000,5895,2015,2.7000,15,1000,1000,1,26514.0864,0.0000,0.8982,3901.3382,0.0000,0.1182,9.3743,0.0000,0.0170,30424.7989,0.0000,1.0335,30424.7988,25,0
58960.0000,5896,2012,2.7000,12,1000,1000,1,26518.7329,0.0000,0.8982,3900.6765,0.0000,0.1182,9.3727,0.0000,0.0170,30428.7820,0.0000,1.0334,30428.7812,25,0
58970.0000,5897,2014,2.7000,14,1000,1000,1,26522.7659,0.0000,0.8983,3900.0150,0.0000,0.1182,9.3711,0.0000,0.0170,30432.1520,0.0000,1.0335,30432.1523,25,0
58980.0000,5898,2010,2.7000,10,1000,1000,1,26526.2777,0.0000,0.8983,3899.3538,0.0000,0.1182,9.3695,0.0000,0.0170,30435.0009,0.0000,1.0334,30435.0000,25,0
58990.0000,5899,2010,2.7000,10,1000,1000,1,26531.8844,0.0000,0.8983,3898.6928,0.0000,0.1181,9.3679,0.0000,0.0170,30439.9451,0.0000,1.0334,30439.9453,25,0
59000.0000,5900,2010,2.7000,10,1000,1000,1,26535.1308,0.0000,0.8983,3898.0320,0.0000,0.1181,9.3663,0.0000,0.0170,30442.5291,0.0000,1.0335,30442.5293,25,0
59010.0000,5901,2013,2.7000,13,1000,1000,1,26540.0652,0.0000,0.8984,3897.3714,0.0000,0.1181,9.3648,0.0000,0.0170,30446.8013,0.0000,1.0335,30446.8008,25,0
59020.0000,5902,2006,2.7000,6,1000,1000,1,26544.0924,0.0000,0.8984,3896.7110,0.0000,0.1181,9.3632,0.0000,0.0170,30450.1667,0.0000,1.0334,30450.1660,25,0
59030.0000,5903,2000,2.7000,0,1000,1000,1,26549.0548,0.0000,0.8983,3916.0869,0.0000,0.1181,9.3616,0.0000,0.0170,30474.5034,0.0000,1.0334,30474.5039,24,0
59040.0000,5904,1999,2.7000,0,999,1000,1,26554.2850,0.0000,0.8983,3916.6163,0.0000,0.1181,9.3600,0.0000,0.0170,30480.2613,0.0000,1.0334,30480.2617,24,0
59050.0000,5905,2007,2.7000,7,1000,1000,1,26558.9458,0.0000,0.8984,3916.5457,0.0000,0.1181,9.3584,0.0000,0.0170,30484.8500,0.0000,1.0335,30484.8496,25,0
59060.0000,5906,2007,2.7000,7,1000,1000,1,26563.5699,0.0000,0.8984,3915.8825,0.0000,0.1181,9.3568,0.0000,0.0170,30488.8093,0.0000,1.0335,30488.8086,25,0
59070.0000,5907,2007,2.7000,7,1000,1000,1,26566.5620,0.0000,0.8984,3915.2196,0.0000,0.1181,9.3552,0.0000,0.0170,30491.1368,0.0000,1.0335,30491.1367,25,0
59080.0000,5908,2000,2.7000,1,999,1000,1,26571.4632,0.0000,0.8984,3918.4264,0.0000,0.1181,9.3537,0.0000,0.0170,30499.2433,0.0000,1.0335,30499.2441,24,0
59090.0000,5909,2001,2.7000,1,1000,1000,1,26573.4210,0.0000,0.8984,3918.0898,0.0000,0.1181,9.3521,0.0000,0.0170,30500.8629,0.0000,1.0335,30500.8633,24,0
59100.0000,5910,1999,2.7000,1,998,1000,1,26581.2425,0.0000,0.8984,3919.6278,0.0000,0.1181,9.3505,0.0000,0.0170,30510.2208,0.0000,1.0335,30510.2207,24,0
59110.0000,5911,2001,2.7000,6,995,1000,1,26585.8117,0.0000,0.8984,3920.0693,0.0000,0.1182,9.3489,0.0000,0.0170,30515.2299,0.0000,1.0336,30515.2305,25,0
59120.0000,5912,2002,2.7000,2,1000,1000,1,26588.8456,0.0000,0.8984,3919.8230,0.0000,0.1183,9.3473,0.0000,0.0170,30518.0159,0.0000,1.0336,30518.0156,24,0
59130.0000,5913,2001,2.7000,1,1000,1000,1,26593.1945,0.0000,0.8984,3919.1601,0.0000,0.1183,9.3458,0.0000,0.0170,30521.7003,0.0000,1.0336,30521.7012,24,0
59140.0000,5914,2006,2.7000,6,1000,1000,1,26599.1384,0.0000,0.8984,3921.5117,0.0000,0.1183,9.3442,0.0000,0.0170,30529.9943,0.0000,1.0337,30529.9941,25,0
59150.0000,5915,2005,2.7000,5,1000,1000,1,26603.4518,0.0000,0.8985,3921.8393,0.0000,0.1183,9.3426,0.0000,0.0170,30534.6336,0.0000,1.0337,30534.6328,24,0
59160.0000,5916,2010,2.7000,10,1000,1000,1,26607.7870,0.0000,0.8985,3921.1764,0.0000,0.1183,9.3410,0.0000,0.0170,30538.3044,0.0000,1.0338,30538.3047,25,0
59170.0000,5917,2007,2.7000,7,1000,1000,1,26612.3551,0.0000,0.8985,3920.5137,0.0000,0.1183,9.3394,0.0000,0.0170,30542.2081,0.0000,1.0337,30542.2090,25,0
59180.0000,5918,2009,2.7000,9,1000,1000,1,26616.4950,0.0000,0.8985,3919.8512,0.0000,0.1182,9.3379,0.0000,0.0169,30545.6840,0.0000,1.0337,30545.6836,25,0
59190.0000,5919,2005,2.7000,5,1000,1000,1,26619.5988,0.0000,0.8985,3919.1889,0.0000,0.1182,9.3363,0.0000,0.0169,30548.1240,0.0000,1.0337,30548.1230,24,0
59200.0000,5920,2009,2.7000,9,1000,1000,1,26625.3136,0.0000,0.8985,3918.5269,0.0000,0.1182,9.3347,0.0000,0.0169,30553.1752,0.0000,1.0336,30553.1758,25,0
59210.0000,5921,2004,2.7000,4,1000,1000,1,26630.6503,0.0000,0.8984,3917.8651,0.0000,0.1182,9.3331,0.0000,0.0169,30557.8485,0.0000,1.0336,30557.8477,24,0
59220.0000,5922,1999,2.7000,0,999,1000,1,26633.4373,0.0000,0.8984,3925.7615,0.0000,0.1182,9.3315,0.0000,0.0169,30568.5303,0.0000,1.0335,30568.5312,24,0
59230.0000,5923,2000,2.7000,1,999,1000,1,26639.8498,0.0000,0.8983,3926.3884,0.0000,0.1182,9.3300,0.0000,0.0169,30575.5682,0.0000,1.0335,30575.5684,24,0
59240.0000,5924,2001,2.7000,1,1000,1000,1,26643.9802,0.0000,0.8982,3927.0044,0.0000,0.1183,9.3284,0.0000,0.0169,30580.3130,0.0000,1.0335,30580.3125,24,0
59250.0000,5925,2003,2.7000,3,1000,1000,1,26648.5118,0.0000,0.8983,3927.1315,0.0000,0.1183,9.3268,0.0000,0.0169,30584.9701,0.0000,1.0335,30584.9707,24,0
59260.0000,5926,2009,2.7000,9,1000,1000,1,26653.1462,0.0000,0.8984,3927.3299,0.0000,0.1183,9.3252,0.0000,0.0169,30589.8013,0.0000,1.0336,30589.8008,25,0
59270.0000,5927,2012,2.7000,12,1000,1000,1,26657.0340,0.0000,0.8985,3926.6672,0.0000,0.1183,9.3237,0.0000,0.0169,30593.0249,0.0000,1.0337,30593.0254,25,0
59280.0000,5928,2010,2.7000,10,1000,1000,1,26662.1834,0.0000,0.8985,3926.0049,0.0000,0.1183,9.3221,0.0000,0.0169,30597.5104,0.0000,1.0337,30597.5098,25,0
59290.0000,5929,2010,2.7000,10,1000,1000,1,26666.7472,0.0000,0.8985,3925.3427,0.0000,0.1182,9.3205,0.0000,0.0169,30601.4104,0.0000,1.0337,30601.4102,25,0
59300.0000,5930,2020,2.7000,20,1000,1000,1,26669.8065,0.0000,0.8987,3924.6807,0.0000,0.1182,9.3190,0.0000,0.0169,30603.8062,0.0000,1.0338,30603.8066,25,0
59310.0000,5931,2019,2.7000,19,1000,1000,1,26675.5258,0.0000,0.8987,3924.0190,0.0000,0.1182,9.3174,0.0000,0.0169,30608.8622,0.0000,1.0338,30608.8613,25,0
59320.0000,5932,2019,2.7000,19,1000,1000,1,26679.6101,0.0000,0.8988,3923.3575,0.0000,0.1182,9.3158,0.0000,0.0169,30612.2834,0.0000,1.0339,30612.2832,25,0
59330.0000,5933,2017,2.7000,17,1000,1000,1,26683.5781,0.0000,0.8988,3922.6962,0.0000,0.1182,9.3142,0.0000,0.0169,30615.5886,0.0000,1.0339,30615.5879,25,0
59340.0000,5934,2013,2.7000,13,1000,1000,1,26689.1232,0.0000,0.8989,3922.0352,0.0000,0.1181,9.3127,0.0000,0.0169,30620.4710,0.0000,1.0339,30620.4707,25,0
59350.0000,5935,2008,2.7000,8,1000,1000,1,26689.2374,0.0000,0.8988,3921.3743,0.0000,0.1181,9.3111,0.0000,0.0169,30619.9229,0.0000,1.0339,30619.9238,25,0
59360.0000,5936,2006,2.7000,6,1000,1000,1,26696.5650,0.0000,0.8988,3920.7137,0.0000,0.1181,9.3095,0.0000,0.0169,30626.5883,0.0000,1.0338,30626.5879,25,0
59370.0000,5937,2007,2.7000,7,1000,1000,1,26701.3649,0.0000,0.8988,3920.0534,0.0000,0.1181,9.3080,0.0000,0.0169,30630.7262,0.0000,1.0338,30630.7266,25,0
59380.0000,5938,2005,2.7000,5,1000,1000,1,26707.1844,0.0000,0.8988,3919.3932,0.0000,0.1181,9.3064,0.0000,0.0169,30635.8840,0.0000,1.0337,30635.8848,24,0
59390.0000,5939,2009,2.7000,9,1000,1000,1,26710.5304,0.0000,0.8988,3918.7332,0.0000,0.1181,9.3048,0.0000,0.0169,30638.5685,0.0000,1.0337,30638.5684,25,0
59400.0000,5940,2004,2.7000,4,1000,1000,1,26715.7017,0.0000,0.8988,3918.0735,0.0000,0.1180,9.3033,0.0000,0.0169,30643.0785,0.0000,1.0337,30643.0781,24,0
59410.0000,5941,2001,2.7000,2,999,1000,1,26720.3241,0.0000,0.8987,3935.8213,0.0000,0.1181,9.3017,0.0000,0.0169,30665.4472,0.0000,1.0337,30665.4473,24,0
59420.0000,5942,2000,2.7000,1,999,1000,1,26724.4207,0.0000,0.8987,3936.2490,0.0000,0.1181,9.3001,0.0000,0.0169,30669.9698,0.0000,1.0337,30669.9707,24,0
59430.0000,5943,2000,2.7000,1,999,1000,1,26729.2974,0.0000,0.8987,3936.0064,0.0000,0.1181,9.2986,0.0000,0.0169,30674.6023,0.0000,1.0337,30674.6016,24,0
59440.0000,5944,2000,2.7000,2,998,1000,1,26734.0895,0.0000,0.8986,3937.3302,0.0000,0.1182,9.2970,0.0000,0.0169,30680.7167,0.0000,1.0337,30680.7168,24,0
59450.0000,5945,2002,2.7000,2,1000,1000,1,26736.5738,0.0000,0.8986,3937.4653,0.0000,0.1183,9.2954,0.0000,0.0169,30683.3346,0.0000,1.0337,30683.3340,24,0
59460.0000,5946,2000,2.7000,0,1000,1000,1,26739.9418,0.0000,0.8986,3937.5312,0.0000,0.1183,9.2939,0.0000,0.0169,30686.7669,0.0000,1.0337,30686.7676,24,0
59470.0000,5947,2007,2.7000,7,1000,1000,1,26747.3819,0.0000,0.8986,3938.0154,0.0000,0.1183,9.2923,0.0000,0.0169,30694.6895,0.0000,1.0338,30694.6895,25,0
59480.0000,5948,2008,2.7000,8,1000,1000,1,26751.2126,0.0000,0.8987,3937.3533,0.0000,0.1182,9.2908,0.0000,0.0169,30697.8566,0.0000,1.0338,30697.8574,25,0
59490.0000,5949,2005,2.7000,5,1000,1000,1,26754.3986,0.0000,0.8986,3936.6914,0.0000,0.1182,9.2892,0.0000,0.0169,30700.3792,0.0000,1.0337,30700.3789,24,0
59500.0000,5950,2006,2.7000,6,1000,1000,1,26760.7665,0.0000,0.8986,3936.0298,0.0000,0.1182,9.2876,0.0000,0.0169,30706.0839,0.0000,1.0337,30706.0840,25,0
59510.0000,5951,2003,2.7000,3,1000,1000,1,26763.6967,0.0000,0.8986,3935.3684,0.0000,0.1182,9.2861,0.0000,0.0169,30708.3512,0.0000,1.0336,30708.3516,24,0
59520.0000,5952,2004,2.7000,4,1000,1000,1,26768.0217,0.0000,0.8986,3940.9531,0.0000,0.1182,9.2845,0.0000,0.0169,30718.2593,0.0000,1.0336,30718.2598,24,0
59530.0000,5953,2007,2.7000,7,1000,1000,1,26774.2420,0.0000,0.8986,3940.2911,0.0000,0.1182,9.2830,0.0000,0.0168,30723.8160,0.0000,1.0336,30723.8164,25,0
59540.0000,5954,2007,2.7000,7,1000,1000,1,26778.1213,0.0000,0.8986,3939.6293,0.0000,0.1182,9.2814,0.0000,0.0168,30727.0320,0.0000,1.0336,30727.0312,25,0
59550.0000,5955,2002,2.7000,2,1000,1000,1,26780.4507,0.0000,0.8986,3938.9677,0.0000,0.1181,9.2798,0.0000,0.0168,30728.6983,0.0000,1.0336,30728.6992,24,0
59560.0000,5956,1999,2.7000,0,999,1000,1,26786.9446,0.0000,0.8985,3938.3064,0.0000,0.1181,9.2783,0.0000,0.0168,30734.5292,0.0000,1.0335,30734.5293,24,0
59570.0000,5957,2001,2.7000,1,1000,1000,1,26790.9398,0.0000,0.8985,3943.8241,0.0000,0.1182,9.2767,0.0000,0.0168,30744.0406,0.0000,1.0335,30744.0410,24,0
59580.0000,5958,2000,2.7000,0,1000,1000,1,26795.3497,0.0000,0.8985,3944.3245,0.0000,0.1182,9.2752,0.0000,0.0168,30748.9494,0.0000,1.0335,30748.9492,24,0
59590.0000,5959,2000,2.7000,1,999,1000,1,26800.6711,0.0000,0.8985,3944.9156,0.0000,0.1182,9.2736,0.0000,0.0168,30754.8603,0.0000,1.0335,30754.8594,24,0
59600.0000,5960,2004,2.7000,4,1000,1000,1,26805.1311,0.0000,0.8985,3944.6068,0.0000,0.1182,9.2721,0.0000,0.0168,30759.0099,0.0000,1.0335,30759.0098,24,0
59610.0000,5961,2000,2.7000,0,1000,1000,1,26808.4119,0.0000,0.8984,3946.2170,0.0000,0.1183,9.2705,0.0000,0.0168,30763.8995,0.0000,1.0335,30763.9004,24,0
59620.0000,5962,2001,2.7000,1,1000,1000,1,26813.1220,0.0000,0.8984,3945.8595,0.0000,0.1182,9.2689,0.0000,0.0168,30768.2504,0.0000,1.0335,30768.2500,24,0
59630.0000,5963,2005,2.7000,5,1000,1000,1,26817.8099,0.0000,0.8984,3946.6878,0.0000,0.1182,9.2674,0.0000,0.0168,30773.7652,0.0000,1.0335,30773.7656,24,0
59640.0000,5964,2010,2.7000,10,1000,1000,1,26823.1565,0.0000,0.8985,3946.0261,0.0000,0.1182,9.2658,0.0000,0.0168,30778.4484,0.0000,1.0335,30778.4492,25,0
59650.0000,5965,2015,2.7000,15,1000,1000,1,26827.2354,0.0000,0.8985,3945.3645,0.0000,0.1182,9.2643,0.0000,0.0168,30781.8642,0.0000,1.0335,30781.8633,25,0
59660.0000,5966,2014,2.7000,14,1000,1000,1,26831.8304,0.0000,0.8985,3944.7032,0.0000,0.1182,9.2627,0.0000,0.0168,30785.7963,0.0000,1.0335,30785.7969,25,0
59670.0000,5967,2009,2.7000,9,1000,1000,1,26836.9984,0.0000,0.8984,3944.0422,0.0000,0.1182,9.2612,0.0000,0.0168,30790.3018,0.0000,1.0334,30790.3027,25,0
59680.0000,5968,2007,2.7000,7,1000,1000,1,26838.9657,0.0000,0.8983,3943.3813,0.0000,0.1181,9.2596,0.0000,0.0168,30791.6066,0.0000,1.0333,30791.6074,25,0
59690.0000,5969,2007,2.7000,7,1000,1000,1,26846.0525,0.0000,0.8983,3942.7206,0.0000,0.1181,9.2581,0.0000,0.0168,30798.0312,0.0000,1.0333,30798.0312,25,0
59700.0000,5970,2007,2.7000,7,1000,1000,1,26850.3328,0.0000,0.8984,3942.0602,0.0000,0.1181,9.2565,0.0000,0.0168,30801.6495,0.0000,1.0333,30801.6504,25,0
59710.0000,5971,2003,2.7000,3,1000,1000,1,26853.2449,0.0000,0.8984,3941.4000,0.0000,0.1181,9.2550,0.0000,0.0168,30803.8999,0.0000,1.0333,30803.9004,24,0
59720.0000,5972,1999,2.7000,0,999,1000,1,26858.5592,0.0000,0.8984,3951.0884,0.0000,0.1181,9.2534,0.0000,0.0168,30818.9010,0.0000,1.0332,30818.9004,24,0
59730.0000,5973,2002,2.7000,3,999,1000,1,26864.0684,0.0000,0.8983,3952.4143,0.0000,0.1182,9.2519,0.0000,0.0168,30825.7346,0.0000,1.0333,30825.7344,24,0
59740.0000,5974,2001,2.7000,1,1000,1000,1,26867.5682,0.0000,0.8983,3952.8443,0.0000,0.1183,9.2503,0.0000,0.0168,30829.6628,0.0000,1.0334,30829.6621,24,0
59750.0000,5975,2001,2.7000,1,1000,1000,1,26871.3209,0.0000,0.8982,3952.1827,0.0000,0.1183,9.2488,0.0000,0.0168,30832.7524,0.0000,1.0333,30832.7520,24,0
59760.0000,5976,2003,2.7000,3,1000,1000,1,26876.7204,0.0000,0.8983,3953.6756,0.0000,0.1183,9.2472,0.0000,0.0168,30839.6433,0.0000,1.0334,30839.6426,24,0
59770.0000,5977,2001,2.7000,1,1000,1000,1,26881.4546,0.0000,0.8982,3954.4153,0.0000,0.1184,9.2457,0.0000,0.0168,30845.1155,0.0000,1.0334,30845.1152,24,0
59780.0000,5978,2004,2.7000,4,1000,1000,1,26884.1790,0.0000,0.8982,3954.9076,0.0000,0.1185,9.2441,0.0000,0.0168,30848.3307,0.0000,1.0335,30848.3301,24,0
59790.0000,5979,2003,2.7000,3,1000,1000,1,26889.9087,0.0000,0.8982,3955.1543,0.0000,0.1185,9.2426,0.0000,0.0168,30854.3055,0.0000,1.0335,30854.3047,24,0
59800.0000,5980,2002,2.7000,2,1000,1000,1,26895.2524,0.0000,0.8982,3955.4775,0.0000,0.1186,9.2410,0.0000,0.0168,30859.9710,0.0000,1.0335,30859.9707,24,0
59810.0000,5981,2002,2.7000,2,1000,1000,1,26899.7643,0.0000,0.8982,3956.5038,0.0000,0.1186,9.2395,0.0000,0.0168,30865.5077,0.0000,1.0335,30865.5078,24,0
59820.0000,5982,1999,2.7000,1,998,1000,1,26904.0938,0.0000,0.8981,3957.0956,0.0000,0.1187,9.2380,0.0000,0.0168,30870.4273,0.0000,1.0335,30870.4277,24,0
59830.0000,5983,2005,2.7000,5,1000,1000,1,26908.7987,0.0000,0.8981,3956.9765,0.0000,0.1187,9.2364,0.0000,0.0168,30875.0116,0.0000,1.0336,30875.0117,24,0
59840.0000,5984,2006,2.7000,6,1000,1000,1,26912.4663,0.0000,0.8981,3956.3152,0.0000,0.1187,9.2349,0.0000,0.0168,30878.0164,0.0000,1.0336,30878.0156,25,0
59850.0000,5985,2006,2.7000,6,1000,1000,1,26915.3010,0.0000,0.8981,3955.6542,0.0000,0.1187,9.2333,0.0000,0.0168,30880.1885,0.0000,1.0335,30880.1875,25,0
59860.0000,5986,2005,2.7000,5,1000,1000,1,26922.5406,0.0000,0.8981,3954.9934,0.0000,0.1186,9.2318,0.0000,0.0168,30886.7658,0.0000,1.0335,30886.7656,24,0
59870.0000,5987,1998,2.7000,0,998,1000,1,26926.1047,0.0000,0.8980,3954.3328,0.0000,0.1186,9.2302,0.0000,0.0168,30889.6677,0.0000,1.0334,30889.6680,24,0
59880.0000,5988,2004,2.7000,4,1000,1000,1,26931.4977,0.0000,0.8981,3960.1466,0.0000,0.1187,9.2287,0.0000,0.0168,30900.8730,0.0000,1.0336,30900.8730,24,0
59890.0000,5989,2003,2.7000,3,1000,1000,1,26935.4589,0.0000,0.8981,3959.4854,0.0000,0.1187,9.2272,0.0000,0.0167,30904.1714,0.0000,1.0336,30904.1719,24,0
59900.0000,5990,2001,2.7000,2,999,1000,1,26940.4509,0.0000,0.8981,3960.7473,0.0000,0.1187,9.2256,0.0000,0.0167,30910.4238,0.0000,1.0336,30910.4238,24,0
59910.0000,5991,2005,2.7000,5,1000,1000,1,26944.8189,0.0000,0.8982,3960.7242,0.0000,0.1187,9.2241,0.0000,0.0167,30914.7672,0.0000,1.0336,30914.7676,24,0
59920.0000,5992,2007,2.7000,7,1000,1000,1,26948.3512,0.0000,0.8982,3960.0632,0.0000,0.1187,9.2225,0.0000,0.0167,30917.6370,0.0000,1.0337,30917.6367,25,0
59930.0000,5993,2008,2.7000,8,1000,1000,1,26952.8418,0.0000,0.8983,3959.4025,0.0000,0.1187,9.2210,0.0000,0.0167,30921.4653,0.0000,1.0337,30921.4648,25,0
59940.0000,5994,2010,2.7000,10,1000,1000,1,26958.3524,0.0000,0.8983,3958.7419,0.0000,0.1187,9.2195,0.0000,0.0167,30926.3137,0.0000,1.0337,30926.3145,25,0
59950.0000,5995,2012,2.7000,12,1000,1000,1,26962.1670,0.0000,0.8984,3958.0815,0.0000,0.1186,9.2179,0.0000,0.0167,30929.4664,0.0000,1.0338,30929.4668,25,0
59960.0000,5996,2006,2.7000,6,1000,1000,1,26966.8834,0.0000,0.8984,3957.4214,0.0000,0.1186,9.2164,0.0000,0.0167,30933.5212,0.0000,1.0338,30933.5215,25,0
59970.0000,5997,2007,2.7000,7,1000,1000,1,26971.4413,0.0000,0.8984,3956.7615,0.0000,0.1186,9.2148,0.0000,0.0167,30937.4176,0.0000,1.0338,30937.4180,25,0
59980.0000,5998,2004,2.7000,4,1000,1000,1,26976.2292,0.0000,0.8984,3964.9544,0.0000,0.1186,9.2133,0.0000,0.0167,30950.3969,0.0000,1.0337,30950.3965,24,0
59990.0000,5999,2006,2.7000,6,1000,1000,1,26980.3462,0.0000,0.8984,3964.2935,0.0000,0.1186,9.2118,0.0000,0.0167,30953.8514,0.0000,1.0337,30953.8516,25,0
60000.0000,6000,2010,2.7000,10,1000,1000,1,26984.6674,0.0000,0.8984,3963.6328,0.0000,0.1186,9.2102,0.0000,0.0167,30957.5104,0.0000,1.0336,30957.5098,25,0
60010.0000,6001,2002,2.7000,2,1000,1000,1,26989.0937,0.0000,0.8983,3962.9723,0.0000,0.1185,9.2087,0.0000,0.0167,30961.2747,0.0000,1.0336,30961.2754,24,0
60020.0000,6002,2005,2.7000,5,1000,1000,1,26994.0298,0.0000,0.8984,3967.0324,0.0000,0.1185,9.2072,0.0000,0.0167,30970.2694,0.0000,1.0336,30970.2695,24,0
60030.0000,6003,2005,2.7000,5,1000,1000,1,26997.6321,0.0000,0.8983,3966.3716,0.0000,0.1185,9.2056,0.0000,0.0167,30973.2093,0.0000,1.0335,30973.2090,24,0
60040.0000,6004,2008,2.7000,8,1000,1000,1,27002.8972,0.0000,0.8984,3965.7110,0.0000,0.1185,9.2041,0.0000,0.0167,30977.8122,0.0000,1.0335,30977.8125,25,0
60050.0000,6005,2011,2.7000,11,1000,1000,1,27007.3361,0.0000,0.8984,3965.0506,0.0000,0.1185,9.2026,0.0000,0.0167,30981.5892,0.0000,1.0336,30981.5898,25,0
60060.0000,6006,2010,2.7000,10,1000,1000,1,27012.0692,0.0000,0.8985,3964.3904,0.0000,0.1184,9.2010,0.0000,0.0167,30985.6606,0.0000,1.0336,30985.6602,25,0
60070.0000,6007,2008,2.7000,8,1000,1000,1,27016.3116,0.0000,0.8985,3963.7304,0.0000,0.1184,9.1995,0.0000,0.0167,30989.2415,0.0000,1.0336,30989.2422,25,0
60080.0000,6008,2004,2.7000,4,1000,1000,1,27020.9986,0.0000,0.8985,3963.0707,0.0000,0.1184,9.1980,0.0000,0.0167,30993.2672,0.0000,1.0336,30993.2676,24,0
60090.0000,6009,2008,2.7000,8,1000,1000,1,27024.9167,0.0000,0.8985,3962.4112,0.0000,0.1184,9.1964,0.0000,0.0167,30996.5243,0.0000,1.0336,30996.5234,25,0
60100.0000,6010,2004,2.7000,4,1000,1000,1,27030.0432,0.0000,0.8985,3961.7518,0.0000,0.1184,9.1949,0.0000,0.0167,31000.9900,0.0000,1.0336,31000.9902,24,0
60110.0000,6011,2008,2.7000,8,1000,1000,1,27033.6178,0.0000,0.8986,3961.0928,0.0000,0.1183,9.1934,0.0000,0.0167,31003.9039,0.0000,1.0336,31003.9043,25,0
60120.0000,6012,2012,2.7000,12,1000,1000,1,27037.9871,0.0000,0.8986,3960.4339,0.0000,0.1183,9.1919,0.0000,0.0167,31007.6129,0.0000,1.0336,31007.6133,25,0
60130.0000,6013,2017,2.7000,17,1000,1000,1,27043.2754,0.0000,0.8986,3959.7753,0.0000,0.1183,9.1903,0.0000,0.0167,31012.2410,0.0000,1.0336,31012.2402,25,0
60140.0000,6014,2020,2.7000,20,1000,1000,1,27047.6923,0.0000,0.8987,3959.1168,0.0000,0.1183,9.1888,0.0000,0.0167,31015.9979,0.0000,1.0336,31015.9980,25,0
60150.0000,6015,2024,2.7000,24,1000,1000,1,27050.7446,0.0000,0.8987,3958.4586,0.0000,0.1183,9.1873,0.0000,0.0167,31018.3905,0.0000,1.0336,31018.3906,26,0
60160.0000,6016,2021,2.7000,21,1000,1000,1,27056.2375,0.0000,0.8986,3957.8006,0.0000,0.1183,9.1857,0.0000,0.0167,31023.2238,0.0000,1.0335,31023.2246,26,0
60170.0000,6017,2022,2.7000,22,1000,1000,1,27060.5927,0.0000,0.8986,3957.1429,0.0000,0.1182,9.1842,0.0000,0.0167,31026.9198,0.0000,1.0335,31026.9199,26,0
60180.0000,6018,2028,2.7000,28,1000,1000,1,27065.8734,0.0000,0.8987,3956.4853,0.0000,0.1182,9.1827,0.0000,0.0167,31031.5414,0.0000,1.0335,31031.5410,26,0
60190.0000,6019,2034,2.7000,34,1000,1000,1,27070.5119,0.0000,0.8988,3955.8280,0.0000,0.1182,9.1812,0.0000,0.0167,31035.5211,0.0000,1.0337,31035.5215,26,0
60200.0000,6020,2026,2.7000,26,1000,1000,1,27072.3953,0.0000,0.8987,3955.1709,0.0000,0.1182,9.1796,0.0000,0.0167,31036.7458,0.0000,1.0336,31036.7461,26,0
60210.0000,6021,2029,2.7000,29,1000,1000,1,27078.0896,0.0000,0.8988,3954.5140,0.0000,0.1182,9.1781,0.0000,0.0167,31041.7817,0.0000,1.0336,31041.7812,26,0
60220.0000,6022,2019,2.7000,19,1000,1000,1,27083.9342,0.0000,0.8987,3953.8573,0.0000,0.1181,9.1766,0.0000,0.0167,31046.9681,0.0000,1.0335,31046.9688,25,0
60230.0000,6023,2019,2.7000,19,1000,1000,1,27088.1165,0.0000,0.8988,3953.2008,0.0000,0.1181,9.1751,0.0000,0.0167,31050.4924,0.0000,1.0335,31050.4922,25,0
60240.0000,6024,2014,2.7000,14,1000,1000,1,27092.7385,0.0000,0.8987,3952.5446,0.0000,0.1181,9.1735,0.0000,0.0167,31054.4566,0.0000,1.0334,31054.4570,25,0
60250.0000,6025,2010,2.7000,10,1000,1000,1,27096.9715,0.0000,0.8987,3951.8886,0.0000,0.1181,9.1720,0.0000,0.0166,31058.0321,0.0000,1.0334,31058.0312,25,0
60260.0000,6026,2013,2.7000,13,1000,1000,1,27100.4485,0.0000,0.8987,3951.2328,0.0000,0.1181,9.1705,0.0000,0.0166,31060.8517,0.0000,1.0334,31060.8516,25,0
60270.0000,6027,2013,2.7000,13,1000,1000,1,27106.1666,0.0000,0.8988,3950.5772,0.0000,0.1180,9.1690,0.0000,0.0166,31065.9127,0.0000,1.0334,31065.9121,25,0
60280.0000,6028,2026,2.7000,26,1000,1000,1,27111.0224,0.0000,0.8989,3949.9218,0.0000,0.1180,9.1675,0.0000,0.0166,31070.1117,0.0000,1.0336,31070.1113,26,0
60290.0000,6029,2027,2.7000,27,1000,1000,1,27115.0524,0.0000,0.8989,3949.2666,0.0000,0.1180,9.1659,0.0000,0.0166,31073.4850,0.0000,1.0335,31073.4844,26,0
60300.0000,6030,2029,2.7000,29,1000,1000,1,27119.7577,0.0000,0.8990,3948.6117,0.0000,0.1180,9.1644,0.0000,0.0166,31077.5338,0.0000,1.0336,31077.5332,26,0
60310.0000,6031,2023,2.7000,23,1000,1000,1,27122.3537,0.0000,0.8990,3947.9570,0.0000,0.1180,9.1629,0.0000,0.0166,31079.4736,0.0000,1.0336,31079.4727,26,0
60320.0000,6032,2026,2.7000,26,1000,1000,1,27125.0317,0.0000,0.8990,3947.3025,0.0000,0.1179,9.1614,0.0000,0.0166,31081.4956,0.0000,1.0336,31081.4961,26,0
60330.0000,6033,2025,2.7000,25,1000,1000,1,27133.2533,0.0000,0.8991,3946.6482,0.0000,0.1179,9.1599,0.0000,0.0166,31089.0614,0.0000,1.0336,31089.0605,26,0
60340.0000,6034,2027,2.7000,27,1000,1000,1,27135.7489,0.0000,0.8990,3945.9941,0.0000,0.1179,9.1583,0.0000,0.0166,31090.9014,0.0000,1.0336,31090.9023,26,0
60350.0000,6035,2028,2.7000,28,1000,1000,1,27141.1558,0.0000,0.8990,3945.3403,0.0000,0.1179,9.1568,0.0000,0.0166,31095.6529,0.0000,1.0335,31095.6523,26,0
60360.0000,6036,2023,2.7000,23,1000,1000,1,27144.9053,0.0000,0.8989,3944.6866,0.0000,0.1179,9.1553,0.0000,0.0166,31098.7472,0.0000,1.0333,31098.7480,26,0
60370.0000,6037,2027,2.7000,27,1000,1000,1,27151.0012,0.0000,0.8989,3944.0332,0.0000,0.1178,9.1538,0.0000,0.0166,31104.1882,0.0000,1.0334,31104.1875,26,0
60380.0000,6038,2031,2.7000,31,1000,1000,1,27154.7604,0.0000,0.8990,3943.3800,0.0000,0.1178,9.1523,0.0000,0.0166,31107.2927,0.0000,1.0334,31107.2930,26,0
60390.0000,6039,2023,2.7000,23,1000,1000,1,27159.7591,0.0000,0.8989,3942.7270,0.0000,0.1178,9.1508,0.0000,0.0166,31111.6369,0.0000,1.0333,31111.6367,26,0
60400.0000,6040,2022,2.7000,22,1000,1000,1,27164.3298,0.0000,0.8990,3942.0743,0.0000,0.1178,9.1492,0.0000,0.0166,31115.5533,0.0000,1.0333,31115.5527,26,0
60410.0000,6041,2023,2.7000,23,1000,1000,1,27169.0609,0.0000,0.8990,3941.4217,0.0000,0.1178,9.1477,0.0000,0.0166,31119.6304,0.0000,1.0333,31119.6309,26,0
60420.0000,6042,2014,2.7000,14,1000,1000,1,27172.9922,0.0000,0.8989,3940.7694,0.0000,0.1177,9.1462,0.0000,0.0166,31122.9078,0.0000,1.0333,31122.9082,25,0
60430.0000,6043,2012,2.7000,12,1000,1000,1,27177.2980,0.0000,0.8989,3940.1173,0.0000,0.1177,9.1447,0.0000,0.0166,31126.5600,0.0000,1.0332,31126.5605,25,0
60440.0000,6044,2012,2.7000,12,1000,1000,1,27181.2512,0.0000,0.8989,3939.4654,0.0000,0.1177,9.1432,0.0000,0.0166,31129.8597,0.0000,1.0332,31129.8594,25,0
60450.0000,6045,2006,2.7000,6,1000,1000,1,27186.8737,0.0000,0.8987,3938.8137,0.0000,0.1177,9.1417,0.0000,0.0166,31134.8290,0.0000,1.0330,31134.8281,25,0
60460.0000,6046,2001,2.7000,1,1000,1000,1,27189.6140,0.0000,0.8986,3990.3377,0.0000,0.1177,9.1402,0.0000,0.0166,31189.0919,0.0000,1.0329,31189.0918,24,0
60470.0000,6047,2005,2.7000,5,1000,1000,1,27193.9259,0.0000,0.8987,3990.3663,0.0000,0.1178,9.1387,0.0000,0.0166,31193.4309,0.0000,1.0330,31193.4316,24,0
60480.0000,6048,1998,2.7000,0,998,1000,1,27197.6625,0.0000,0.8986,3991.5410,0.0000,0.1178,9.1371,0.0000,0.0166,31198.3406,0.0000,1.0329,31198.3398,24,0
60490.0000,6049,2003,2.7000,3,1000,1000,1,27205.1365,0.0000,0.8986,3991.8832,0.0000,0.1178,9.1356,0.0000,0.0166,31206.1554,0.0000,1.0330,31206.1562,24,0
60500.0000,6050,2008,2.7000,8,1000,1000,1,27209.8159,0.0000,0.8986,3991.2234,0.0000,0.1178,9.1341,0.0000,0.0166,31210.1735,0.0000,1.0330,31210.1738,25,0
60510.0000,6051,2008,2.7000,8,1000,1000,1,27213.7998,0.0000,0.8986,3990.5638,0.0000,0.1178,9.1326,0.0000,0.0166,31213.4963,0.0000,1.0330,31213.4961,25,0
60520.0000,6052,2001,2.7000,1,1000,1000,1,27218.1374,0.0000,0.8985,3993.5273,0.0000,0.1178,9.1311,0.0000,0.0166,31220.7958,0.0000,1.0329,31220.7949,24,0
60530.0000,6053,2006,2.7000,6,1000,1000,1,27222.8650,0.0000,0.8986,3993.7622,0.0000,0.1178,9.1296,0.0000,0.0166,31225.7567,0.0000,1.0330,31225.7559,25,0
60540.0000,6054,2003,2.7000,3,1000,1000,1,27225.6997,0.0000,0.8985,3993.1025,0.0000,0.1178,9.1281,0.0000,0.0166,31227.9303,0.0000,1.0329,31227.9297,24,0
60550.0000,6055,1998,2.7000,0,998,1000,1,27230.7381,0.0000,0.8984,3992.4430,0.0000,0.1178,9.1266,0.0000,0.0166,31232.3077,0.0000,1.0328,31232.3086,24,0
60560.0000,6056,2003,2.7000,3,1000,1000,1,27236.4780,0.0000,0.8985,3995.1487,0.0000,0.1179,9.1251,0.0000,0.0166,31240.7518,0.0000,1.0329,31240.7520,24,0
60570.0000,6057,2002,2.7000,2,1000,1000,1,27239.3183,0.0000,0.8984,3995.8192,0.0000,0.1179,9.1236,0.0000,0.0166,31244.2611,0.0000,1.0329,31244.2617,24,0
60580.0000,6058,2003,2.7000,3,1000,1000,1,27244.3204,0.0000,0.8985,3995.9995,0.0000,0.1179,9.1221,0.0000,0.0166,31249.4420,0.0000,1.0329,31249.4414,24,0
60590.0000,6059,2002,2.7000,2,1000,1000,1,27249.8244,0.0000,0.8985,3995.3400,0.0000,0.1179,9.1206,0.0000,0.0166,31254.2850,0.0000,1.0329,31254.2852,24,0
60600.0000,6060,2004,2.7000,4,1000,1000,1,27254.0889,0.0000,0.8985,3994.6807,0.0000,0.1179,9.1190,0.0000,0.0166,31257.8887,0.0000,1.0330,31257.8887,24,0
60610.0000,6061,2002,2.7000,2,1000,1000,1,27259.0390,0.0000,0.8986,3994.0216,0.0000,0.1178,9.1175,0.0000,0.0165,31262.1782,0.0000,1.0330,31262.1777,24,0
60620.0000,6062,2007,2.7000,7,1000,1000,1,27263.6125,0.0000,0.8986,3993.3628,0.0000,0.1178,9.1160,0.0000,0.0165,31266.0913,0.0000,1.0330,31266.0918,25,0
60630.0000,6063,2005,2.7000,5,1000,1000,1,27268.0073,0.0000,0.8986,3992.7041,0.0000,0.1178,9.1145,0.0000,0.0165,31269.8259,0.0000,1.0330,31269.8262,24,0
60640.0000,6064,2011,2.7000,11,1000,1000,1,27272.0205,0.0000,0.8987,3992.0457,0.0000,0.1178,9.1130,0.0000,0.0165,31273.1792,0.0000,1.0330,31273.1797,25,0
60650.0000,6065,2009,2.7000,9,1000,1000,1,27277.0548,0.0000,0.8987,3991.3875,0.0000,0.1178,9.1115,0.0000,0.0165,31277.5538,0.0000,1.0330,31277.5547,25,0
60660.0000,6066,2005,2.7000,5,1000,1000,1,27279.6693,0.0000,0.8987,3990.7295,0.0000,0.1177,9.1100,0.0000,0.0165,31279.5088,0.0000,1.0330,31279.5098,24,0
60670.0000,6067,2007,2.7000,7,1000,1000,1,27285.6321,0.0000,0.8987,3990.0717,0.0000,0.1177,9.1085,0.0000,0.0165,31284.8124,0.0000,1.0330,31284.8125,25,0
60680.0000,6068,2010,2.7000,10,1000,1000,1,27290.0505,0.0000,0.8987,3989.4142,0.0000,0.1177,9.1070,0.0000,0.0165,31288.5717,0.0000,1.0330,31288.5723,25,0
60690.0000,6069,2005,2.7000,5,1000,1000,1,27294.2570,0.0000,0.8987,3988.7568,0.0000,0.1177,9.1055,0.0000,0.0165,31292.1193,0.0000,1.0329,31292.1191,24,0
60700.0000,6070,1999,2.7000,0,999,1000,1,27296.4850,0.0000,0.8987,4002.9187,0.0000,0.1177,9.1040,0.0000,0.0165,31308.5077,0.0000,1.0329,31308.5078,24,0
60710.0000,6071,1997,2.7000,0,997,1000,1,27301.9114,0.0000,0.8986,4002.9627,0.0000,0.1178,9.1025,0.0000,0.0165,31313.9766,0.0000,1.0329,31313.9766,24,0
60720.0000,6072,2006,2.7000,6,1000,1000,1,27308.0550,0.0000,0.8987,4003.6065,0.0000,0.1178,9.1010,0.0000,0.0165,31320.7625,0.0000,1.0330,31320.7617,25,0
60730.0000,6073,1994,2.7000,0,994,1000,1,27312.0892,0.0000,0.8986,4004.5411,0.0000,0.1179,9.0995,0.0000,0.0165,31325.7299,0.0000,1.0330,31325.7305,24,0
60740.0000,6074,2001,2.7000,1,1000,1000,1,27317.1576,0.0000,0.8986,4004.8852,0.0000,0.1180,9.0980,0.0000,0.0165,31331.1409,0.0000,1.0331,31331.1406,24,0
60750.0000,6075,2002,2.7000,2,1000,1000,1,27321.4492,0.0000,0.8987,4005.4284,0.0000,0.1181,9.0965,0.0000,0.0165,31335.9742,0.0000,1.0332,31335.9746,24,0
60760.0000,6076,2004,2.7000,4,1000,1000,1,27323.6886,0.0000,0.8987,4004.7692,0.0000,0.1180,9.0950,0.0000,0.0165,31337.5528,0.0000,1.0332,31337.5527,24,0
60770.0000,6077,2000,2.7000,0,1000,1000,1,27330.1210,0.0000,0.8987,4004.1102,0.0000,0.1180,9.0935,0.0000,0.0165,31343.3247,0.0000,1.0332,31343.3242,24,0
60780.0000,6078,2003,2.7000,3,1000,1000,1,27335.2987,0.0000,0.8986,4007.0881,0.0000,0.1181,9.0920,0.0000,0.0165,31351.4788,0.0000,1.0332,31351.4785,24,0
60790.0000,6079,2002,2.7000,2,1000,1000,1,27339.1629,0.0000,0.8986,4007.3076,0.0000,0.1181,9.0905,0.0000,0.0165,31355.5611,0.0000,1.0332,31355.5605,24,0
60800.0000,6080,2002,2.7000,2,1000,1000,1,27342.1702,0.0000,0.8986,4006.6486,0.0000,0.1181,9.0891,0.0000,0.0165,31357.9078,0.0000,1.0332,31357.9082,24,0
60810.0000,6081,2001,2.7000,1,1000,1000,1,27348.4872,0.0000,0.8986,4005.9897,0.0000,0.1181,9.0876,0.0000,0.0165,31363.5645,0.0000,1.0332,31363.5645,24,0
60820.0000,6082,1999,2.7000,0,999,1000,1,27350.7334,0.0000,0.8985,4009.2263,0.0000,0.1181,9.0861,0.0000,0.0165,31369.0458,0.0000,1.0331,31369.0449,24,0
60830.0000,6083,2001,2.7000,1,1000,1000,1,27357.9016,0.0000,0.8985,4009.4354,0.0000,0.1181,9.0846,0.0000,0.0165,31376.4216,0.0000,1.0331,31376.4219,24,0
60840.0000,6084,2000,2.7000,1,999,1000,1,27362.4149,0.0000,0.8984,4010.1928,0.0000,0.1182,9.0831,0.0000,0.0165,31381.6908,0.0000,1.0331,31381.6914,24,0
60850.0000,6085,2001,2.7000,1,1000,1000,1,27366.1968,0.0000,0.8985,4009.7108,0.0000,0.1182,9.0816,0.0000,0.0165,31384.9891,0.0000,1.0331,31384.9883,24,0
60860.0000,6086,2000,2.7000,0,1000,1000,1,27370.0392,0.0000,0.8984,4010.9186,0.0000,0.1182,9.0801,0.0000,0.0165,31390.0379,0.0000,1.0331,31390.0371,24,0
60870.0000,6087,2000,2.7000,0,1000,1000,1,27374.7027,0.0000,0.8984,4011.5716,0.0000,0.1183,9.0786,0.0000,0.0165,31395.3529,0.0000,1.0332,31395.3535,24,0
60880.0000,6088,2000,2.7000,0,1000,1000,1,27376.9235,0.0000,0.8983,4012.0741,0.0000,0.1183,9.0771,0.0000,0.0165,31398.0747,0.0000,1.0332,31398.0742,24,0
60890.0000,6089,2002,2.7000,2,1000,1000,1,27384.6105,0.0000,0.8983,4012.8204,0.0000,0.1184,9.0756,0.0000,0.0165,31406.5065,0.0000,1.0332,31406.5059,24,0
60900.0000,6090,2006,2.7000,6,1000,1000,1,27389.0613,0.0000,0.8983,4012.1615,0.0000,0.1184,9.0741,0.0000,0.0165,31410.2970,0.0000,1.0332,31410.2969,25,0
60910.0000,6091,2006,2.7000,6,1000,1000,1,27393.1051,0.0000,0.8984,4011.5028,0.0000,0.1184,9.0726,0.0000,0.0165,31413.6806,0.0000,1.0332,31413.6797,25,0
60920.0000,6092,2004,2.7000,4,1000,1000,1,27397.6064,0.0000,0.8983,4010.8443,0.0000,0.1183,9.0711,0.0000,0.0165,31417.5219,0.0000,1.0331,31417.5215,24,0
60930.0000,6093,2001,2.7000,1,1000,1000,1,27402.4802,0.0000,0.8982,4014.9226,0.0000,0.1184,9.0697,0.0000,0.0165,31426.4724,0.0000,1.0331,31426.4727,24,0
60940.0000,6094,1999,2.7000,2,997,1000,1,27406.8366,0.0000,0.8982,4014.9417,0.0000,0.1184,9.0682,0.0000,0.0165,31430.8464,0.0000,1.0331,31430.8457,24,0
60950.0000,6095,1995,2.7000,0,995,1000,1,27410.9946,0.0000,0.8982,4015.9971,0.0000,0.1184,9.0667,0.0000,0.0165,31436.0584,0.0000,1.0331,31436.0586,24,0
60960.0000,6096,2005,2.7000,5,1000,1000,1,27415.8439,0.0000,0.8982,4016.1449,0.0000,0.1186,9.0652,0.0000,0.0165,31441.0539,0.0000,1.0332,31441.0547,24,0
60970.0000,6097,1999,2.7000,0,999,1000,1,27418.4812,0.0000,0.8982,4015.4861,0.0000,0.1185,9.0637,0.0000,0.0165,31443.0310,0.0000,1.0332,31443.0312,24,0
60980.0000,6098,2001,2.7000,1,1000,1000,1,27422.7218,0.0000,0.8981,4017.3709,0.0000,0.1186,9.0622,0.0000,0.0164,31449.1550,0.0000,1.0332,31449.1543,24,0
60990.0000,6099,2004,2.7000,4,1000,1000,1,27428.8352,0.0000,0.8981,4017.8143,0.0000,0.1186,9.0607,0.0000,0.0164,31455.7102,0.0000,1.0332,31455.7109,24,0
61000.0000,6100,2003,2.7000,3,1000,1000,1,27433.9722,0.0000,0.8981,4017.1557,0.0000,0.1186,9.0593,0.0000,0.0164,31460.1871,0.0000,1.0331,31460.1875,24,0
61010.0000,6101,2001,2.7000,1,1000,1000,1,27437.8880,0.0000,0.8981,4016.4972,0.0000,0.1186,9.0578,0.0000,0.0164,31463.4430,0.0000,1.0331,31463.4434,24,0
61020.0000,6102,1999,2.7000,0,999,1000,1,27440.0629,0.0000,0.8981,4019.6216,0.0000,0.1186,9.0563,0.0000,0.0164,31468.7408,0.0000,1.0331,31468.7402,24,0
61030.0000,6103,2000,2.7000,0,1000,1000,1,27445.0642,0.0000,0.8981,4019.3966,0.0000,0.1186,9.0548,0.0000,0.0164,31473.5156,0.0000,1.0331,31473.5156,24,0
61040.0000,6104,2004,2.7000,4,1000,1000,1,27449.6165,0.0000,0.8982,4019.7140,0.0000,0.1186,9.0533,0.0000,0.0164,31478.3838,0.0000,1.0332,31478.3828,24,0
61050.0000,6105,2010,2.7000,10,1000,1000,1,27456.5502,0.0000,0.8982,4019.0555,0.0000,0.1186,9.0518,0.0000,0.0164,31484.6576,0.0000,1.0332,31484.6582,25,0
61060.0000,6106,2015,2.7000,15,1000,1000,1,27460.0948,0.0000,0.8983,4018.3973,0.0000,0.1185,9.0503,0.0000,0.0164,31487.5425,0.0000,1.0333,31487.5430,25,0
61070.0000,6107,2020,2.7000,20,1000,1000,1,27465.3840,0.0000,0.8984,4017.7393,0.0000,0.1185,9.0489,0.0000,0.0164,31492.1721,0.0000,1.0333,31492.1719,25,0
61080.0000,6108,2017,2.7000,17,1000,1000,1,27468.7139,0.0000,0.8984,4017.0815,0.0000,0.1185,9.0474,0.0000,0.0164,31494.8428,0.0000,1.0333,31494.8438,25,0
61090.0000,6109,2016,2.7000,16,1000,1000,1,27474.0956,0.0000,0.8984,4016.4240,0.0000,0.1185,9.0459,0.0000,0.0164,31499.5654,0.0000,1.0333,31499.5664,25,0
61100.0000,6110,2010,2.7000,10,1000,1000,1,27476.2800,0.0000,0.8983,4015.7666,0.0000,0.1185,9.0444,0.0000,0.0164,31501.0910,0.0000,1.0332,31501.0918,25,0
61110.0000,6111,2012,2.7000,12,1000,1000,1,27483.1608,0.0000,0.8983,4015.1095,0.0000,0.1184,9.0429,0.0000,0.0164,31507.3132,0.0000,1.0332,31507.3125,25,0
61120.0000,6112,2008,2.7000,8,1000,1000,1,27486.7457,0.0000,0.8983,4014.4525,0.0000,0.1184,9.0415,0.0000,0.0164,31510.2397,0.0000,1.0331,31510.2402,25,0
61130.0000,6113,2000,2.7000,0,1000,1000,1,27488.0118,0.0000,0.8982,4013.7958,0.0000,0.1184,9.0400,0.0000,0.0164,31510.8476,0.0000,1.0330,31510.8477,24,0
61140.0000,6114,2008,2.7000,8,1000,1000,1,27496.8832,0.0000,0.8983,4025.0113,0.0000,0.1184,9.0385,0.0000,0.0164,31530.9330,0.0000,1.0331,31530.9336,25,0
61150.0000,6115,2000,2.7000,0,1000,1000,1,27500.3750,0.0000,0.8982,4026.4858,0.0000,0.1184,9.0370,0.0000,0.0164,31535.8978,0.0000,1.0331,31535.8984,24,0
61160.0000,6116,2001,2.7000,1,1000,1000,1,27503.6173,0.0000,0.8982,4026.5509,0.0000,0.1185,9.0356,0.0000,0.0164,31539.2038,0.0000,1.0330,31539.2031,24,0
61170.0000,6117,1995,2.7000,0,995,1000,1,27509.5373,0.0000,0.8981,4027.5027,0.0000,0.1185,9.0341,0.0000,0.0164,31546.0740,0.0000,1.0330,31546.0742,24,0
61180.0000,6118,1999,2.7000,1,998,1000,1,27514.3166,0.0000,0.8980,4028.1016,0.0000,0.1186,9.0326,0.0000,0.0164,31551.4507,0.0000,1.0331,31551.4512,24,0
61190.0000,6119,2009,2.7000,9,1000,1000,1,27519.1770,0.0000,0.8982,4027.6322,0.0000,0.1187,9.0311,0.0000,0.0164,31555.8403,0.0000,1.0332,31555.8398,25,0
61200.0000,6120,2008,2.7000,8,1000,1000,1,27523.4878,0.0000,0.8981,4026.9741,0.0000,0.1186,9.0296,0.0000,0.0164,31559.4915,0.0000,1.0332,31559.4922,25,0
61210.0000,6121,2000,2.7000,0,1000,1000,1,27526.6609,0.0000,0.8981,4026.3162,0.0000,0.1186,9.0282,0.0000,0.0164,31562.0052,0.0000,1.0331,31562.0059,24,0
61220.0000,6122,2000,2.7000,0,1000,1000,1,27531.3847,0.0000,0.8980,4030.0759,0.0000,0.1187,9.0267,0.0000,0.0164,31570.4873,0.0000,1.0331,31570.4883,24,0
61230.0000,6123,1998,2.7000,0,998,1000,1,27533.6533,0.0000,0.8980,4030.8039,0.0000,0.1187,9.0252,0.0000,0.0164,31573.4824,0.0000,1.0331,31573.4824,24,0
61240.0000,6124,2002,2.7000,2,1000,1000,1,27541.2876,0.0000,0.8980,4030.5710,0.0000,0.1188,9.0237,0.0000,0.0164,31580.8823,0.0000,1.0332,31580.8828,24,0
61250.0000,6125,1996,2.7000,0,996,1000,1,27542.9961,0.0000,0.8979,4031.8284,0.0000,0.1188,9.0223,0.0000,0.0164,31583.8468,0.0000,1.0331,31583.8477,24,0
61260.0000,6126,2002,2.7000,3,999,1000,1,27550.2061,0.0000,0.8979,4032.2456,0.0000,0.1189,9.0208,0.0000,0.0164,31591.4725,0.0000,1.0332,31591.4727,24,0
61270.0000,6127,2000,2.7000,0,1000,1000,1,27554.9061,0.0000,0.8979,4032.8351,0.0000,0.1190,9.0193,0.0000,0.0164,31596.7606,0.0000,1.0332,31596.7598,24,0
61280.0000,6128,2000,2.7000,0,1000,1000,1,27556.0885,0.0000,0.8978,4033.4307,0.0000,0.1190,9.0179,0.0000,0.0164,31598.5371,0.0000,1.0332,31598.5371,24,0
61290.0000,6129,2001,2.7000,1,1000,1000,1,27559.6858,0.0000,0.8978,4032.7726,0.0000,0.1190,9.0164,0.0000,0.0164,31601.4748,0.0000,1.0331,31601.4746,24,0
61300.0000,6130,2001,2.7000,1,1000,1000,1,27567.3659,0.0000,0.8978,4032.1147,0.0000,0.1189,9.0149,0.0000,0.0164,31608.4956,0.0000,1.0331,31608.4961,24,0
61310.0000,6131,2001,2.7000,1,1000,1000,1,27572.6656,0.0000,0.8977,4034.7693,0.0000,0.1190,9.0134,0.0000,0.0164,31616.4483,0.0000,1.0331,31616.4492,24,0
61320.0000,6132,2003,2.7000,3,1000,1000,1,27575.8783,0.0000,0.8978,4034.1113,0.0000,0.1189,9.0120,0.0000,0.0164,31619.0015,0.0000,1.0331,31619.0020,24,0
61330.0000,6133,2002,2.7000,2,1000,1000,1,27581.2890,0.0000,0.8977,4035.6422,0.0000,0.1189,9.0105,0.0000,0.0164,31625.9417,0.0000,1.0330,31625.9414,24,0
61340.0000,6134,2007,2.7000,7,1000,1000,1,27585.0875,0.0000,0.8977,4036.1616,0.0000,0.1189,9.0090,0.0000,0.0164,31630.2581,0.0000,1.0330,31630.2578,25,0
61350.0000,6135,1999,2.7000,0,999,1000,1,27587.9813,0.0000,0.8976,4035.5037,0.0000,0.1189,9.0076,0.0000,0.0163,31632.4926,0.0000,1.0329,31632.4922,24,0
61360.0000,6136,2000,2.7000,0,1000,1000,1,27592.8068,0.0000,0.8977,4037.2330,0.0000,0.1189,9.0061,0.0000,0.0163,31639.0459,0.0000,1.0330,31639.0469,24,0
61370.0000,6137,2002,2.7000,2,1000,1000,1,27599.2363,0.0000,0.8977,4037.2220,0.0000,0.1189,9.0046,0.0000,0.0163,31645.4630,0.0000,1.0330,31645.4629,24,0
61380.0000,6138,2005,2.7000,5,1000,1000,1,27603.4441,0.0000,0.8978,4038.2705,0.0000,0.1189,9.0032,0.0000,0.0163,31650.7178,0.0000,1.0331,31650.7188,24,0
61390.0000,6139,2004,2.7000,4,1000,1000,1,27608.2567,0.0000,0.8978,4037.6127,0.0000,0.1189,9.0017,0.0000,0.0163,31654.8711,0.0000,1.0331,31654.8711,24,0
61400.0000,6140,1996,2.7000,0,996,1000,1,27607.3571,0.0000,0.8977,4039.7152,0.0000,0.1189,9.0002,0.0000,0.0163,31656.0725,0.0000,1.0330,31656.0723,24,0
61410.0000,6141,2000,2.7000,0,1000,1000,1,27617.4968,0.0000,0.8977,4040.2369,0.0000,0.1191,8.9988,0.0000,0.0163,31666.7325,0.0000,1.0331,31666.7324,24,0
61420.0000,6142,2000,2.7000,1,999,1000,1,27622.1312,0.0000,0.8977,4040.7888,0.0000,0.1191,8.9973,0.0000,0.0163,31671.9173,0.0000,1.0331,31671.9180,24,0
61430.0000,6143,2005,2.7000,5,1000,1000,1,27626.4056,0.0000,0.8977,4041.0445,0.0000,0.1191,8.9958,0.0000,0.0163,31676.4459,0.0000,1.0331,31676.4453,24,0
61440.0000,6144,1999,2.7000,1,998,1000,1,27631.2664,0.0000,0.8977,4041.7371,0.0000,0.1191,8.9944,0.0000,0.0163,31681.9979,0.0000,1.0331,31681.9980,24,0
61450.0000,6145,2004,2.7000,4,1000,1000,1,27633.4539,0.0000,0.8977,4041.7674,0.0000,0.1191,8.9929,0.0000,0.0163,31684.2141,0.0000,1.0331,31684.2148,24,0
61460.0000,6146,2006,2.7000,6,1000,1000,1,27640.1281,0.0000,0.8977,4041.1097,0.0000,0.1191,8.9914,0.0000,0.0163,31690.2293,0.0000,1.0331,31690.2285,25,0
61470.0000,6147,2002,2.7000,2,1000,1000,1,27644.0261,0.0000,0.8976,4040.4523,0.0000,0.1191,8.9900,0.0000,0.0163,31693.4684,0.0000,1.0330,31693.4688,24,0
61480.0000,6148,1999,2.7000,0,999,1000,1,27645.8809,0.0000,0.8975,4044.0661,0.0000,0.1191,8.9885,0.0000,0.0163,31698.9356,0.0000,1.0330,31698.9355,24,0
61490.0000,6149,2001,2.7000,1,1000,1000,1,27653.3159,0.0000,0.8975,4044.4742,0.0000,0.1192,8.9871,0.0000,0.0163,31706.7771,0.0000,1.0330,31706.7773,24,0
61500.0000,6150,2001,2.7000,1,1000,1000,1,27658.3197,0.0000,0.8975,4044.7778,0.0000,0.1193,8.9856,0.0000,0.0163,31712.0830,0.0000,1.0331,31712.0840,24,0
61510.0000,6151,2005,2.7000,5,1000,1000,1,27662.6878,0.0000,0.8976,4045.3148,0.0000,0.1193,8.9841,0.0000,0.0163,31716.9867,0.0000,1.0332,31716.9863,24,0
61520.0000,6152,2001,2.7000,1,1000,1000,1,27667.2106,0.0000,0.8976,4044.6572,0.0000,0.1193,8.9827,0.0000,0.0163,31720.8505,0.0000,1.0332,31720.8496,24,0
61530.0000,6153,2000,2.7000,1,999,1000,1,27671.0345,0.0000,0.8975,4046.3844,0.0000,0.1193,8.9812,0.0000,0.0163,31726.4001,0.0000,1.0332,31726.4004,24,0
61540.0000,6154,1998,2.7000,0,998,1000,1,27674.8265,0.0000,0.8974,4047.2224,0.0000,0.1194,8.9798,0.0000,0.0163,31731.0286,0.0000,1.0331,31731.0293,24,0
61550.0000,6155,2001,2.7000,1,1000,1000,1,27680.2703,0.0000,0.8974,4046.9488,0.0000,0.1194,8.9783,0.0000,0.0163,31736.1973,0.0000,1.0332,31736.1973,24,0
61560.0000,6156,2003,2.7000,3,1000,1000,1,27684.1025,0.0000,0.8974,4047.9415,0.0000,0.1195,8.9768,0.0000,0.0163,31741.0208,0.0000,1.0332,31741.0215,24,0
61570.0000,6157,2005,2.7000,5,1000,1000,1,27689.4685,0.0000,0.8974,4047.2841,0.0000,0.1195,8.9754,0.0000,0.0163,31745.7279,0.0000,1.0331,31745.7285,24,0
61580.0000,6158,2002,2.7000,2,1000,1000,1,27693.9979,0.0000,0.8974,4046.6268,0.0000,0.1194,8.9739,0.0000,0.0163,31749.5987,0.0000,1.0331,31749.5996,24,0
61590.0000,6159,2001,2.7000,1,1000,1000,1,27697.7161,0.0000,0.8974,4045.9698,0.0000,0.1194,8.9725,0.0000,0.0163,31752.6584,0.0000,1.0331,31752.6582,24,0
61600.0000,6160,2001,2.7000,1,1000,1000,1,27701.8167,0.0000,0.8974,4049.9872,0.0000,0.1194,8.9710,0.0000,0.0163,31760.7749,0.0000,1.0331,31760.7754,24,0
61610.0000,6161,1998,2.7000,0,998,1000,1,27706.8351,0.0000,0.8974,4050.9636,0.0000,0.1194,8.9696,0.0000,0.0163,31766.7683,0.0000,1.0331,31766.7676,24,0
61620.0000,6162,2002,2.7000,3,999,1000,1,27711.5230,0.0000,0.8974,4051.5731,0.0000,0.1195,8.9681,0.0000,0.0163,31772.0642,0.0000,1.0332,31772.0645,24,0
61630.0000,6163,2002,2.7000,2,1000,1000,1,27716.2688,0.0000,0.8974,4051.5027,0.0000,0.1195,8.9666,0.0000,0.0163,31776.7382,0.0000,1.0331,31776.7383,24,0
61640.0000,6164,1999,2.7000,0,999,1000,1,27719.6583,0.0000,0.8974,4052.2106,0.0000,0.1195,8.9652,0.0000,0.0163,31780.8341,0.0000,1.0331,31780.8340,24,0
61650.0000,6165,2001,2.7000,1,1000,1000,1,27723.1313,0.0000,0.8973,4052.5593,0.0000,0.1196,8.9637,0.0000,0.0163,31784.6543,0.0000,1.0332,31784.6543,24,0
61660.0000,6166,1998,2.7000,0,998,1000,1,27728.0797,0.0000,0.8973,4051.9021,0.0000,0.1196,8.9623,0.0000,0.0163,31788.9441,0.0000,1.0331,31788.9434,24,0
61670.0000,6167,1994,2.7000,1,993,1000,1,27734.2195,0.0000,0.8973,4054.1750,0.0000,0.1196,8.9608,0.0000,0.0163,31797.3553,0.0000,1.0331,31797.3555,24,0
61680.0000,6168,1999,2.7000,1,998,1000,1,27738.4745,0.0000,0.8972,4054.3587,0.0000,0.1196,8.9594,0.0000,0.0163,31801.7925,0.0000,1.0332,31801.7930,24,0
61690.0000,6169,1998,2.7000,0,998,1000,1,27743.0671,0.0000,0.8972,4055.3728,0.0000,0.1197,8.9579,0.0000,0.0163,31807.3978,0.0000,1.0332,31807.3984,24,0
61700.0000,6170,2008,2.7000,8,1000,1000,1,27747.5112,0.0000,0.8973,4054.8136,0.0000,0.1197,8.9565,0.0000,0.0163,31811.2812,0.0000,1.0333,31811.2812,25,0
61710.0000,6171,2010,2.7000,10,1000,1000,1,27750.5726,0.0000,0.8973,4054.1565,0.0000,0.1197,8.9550,0.0000,0.0163,31813.6841,0.0000,1.0333,31813.6836,25,0
61720.0000,6172,2016,2.7000,16,1000,1000,1,27755.9087,0.0000,0.8973,4053.4996,0.0000,0.1197,8.9536,0.0000,0.0163,31818.3619,0.0000,1.0333,31818.3613,25,0
61730.0000,6173,2015,2.7000,15,1000,1000,1,27759.8492,0.0000,0.8974,4052.8430,0.0000,0.1197,8.9521,0.0000,0.0162,31821.6443,0.0000,1.0333,31821.6445,25,0
61740.0000,6174,2024,2.7000,24,1000,1000,1,27765.2105,0.0000,0.8975,4052.1865,0.0000,0.1196,8.9507,0.0000,0.0162,31826.3477,0.0000,1.0333,31826.3477,26,0
61750.0000,6175,2022,2.7000,22,1000,1000,1,27769.8744,0.0000,0.8974,4051.5303,0.0000,0.1196,8.9492,0.0000,0.0162,31830.3540,0.0000,1.0333,31830.3535,26,0
61760.0000,6176,2016,2.7000,16,1000,1000,1,27773.5648,0.0000,0.8974,4050.8743,0.0000,0.1196,8.9478,0.0000,0.0162,31833.3869,0.0000,1.0332,31833.3867,25,0
61770.0000,6177,2016,2.7000,16,1000,1000,1,27778.3308,0.0000,0.8974,4050.2185,0.0000,0.1196,8.9463,0.0000,0.0162,31837.4956,0.0000,1.0332,31837.4961,25,0
61780.0000,6178,2019,2.7000,19,1000,1000,1,27783.5875,0.0000,0.8974,4049.5629,0.0000,0.1196,8.9449,0.0000,0.0162,31842.0953,0.0000,1.0332,31842.0957,25,0
61790.0000,6179,2018,2.7000,18,1000,1000,1,27787.3782,0.0000,0.8974,4048.9075,0.0000,0.1195,8.9434,0.0000,0.0162,31845.2292,0.0000,1.0332,31845.2285,25,0
61800.0000,6180,2020,2.7000,20,1000,1000,1,27790.8768,0.0000,0.8974,4048.2524,0.0000,0.1195,8.9420,0.0000,0.0162,31848.0712,0.0000,1.0332,31848.0703,25,0
61810.0000,6181,2016,2.7000,16,1000,1000,1,27797.0073,0.0000,0.8974,4047.5974,0.0000,0.1195,8.9405,0.0000,0.0162,31853.5453,0.0000,1.0331,31853.5449,25,0
61820.0000,6182,2018,2.7000,18,1000,1000,1,27800.8393,0.0000,0.8974,4046.9427,0.0000,0.1195,8.9391,0.0000,0.0162,31856.7211,0.0000,1.0331,31856.7207,25,0
61830.0000,6183,2021,2.7000,21,1000,1000,1,27805.6648,0.0000,0.8975,4046.2882,0.0000,0.1195,8.9376,0.0000,0.0162,31860.8906,0.0000,1.0331,31860.8906,26,0
61840.0000,6184,2015,2.7000,15,1000,1000,1,27810.5270,0.0000,0.8974,4045.6339,0.0000,0.1194,8.9362,0.0000,0.0162,31865.0971,0.0000,1.0331,31865.0977,25,0
61850.0000,6185,2012,2.7000,12,1000,1000,1,27813.9099,0.0000,0.8975,4044.9797,0.0000,0.1194,8.9347,0.0000,0.0162,31867.8244,0.0000,1.0331,31867.8242,25,0
61860.0000,6186,2010,2.7000,10,1000,1000,1,27818.9833,0.0000,0.8974,4044.3259,0.0000,0.1194,8.9333,0.0000,0.0162,31872.2425,0.0000,1.0330,31872.2422,25,0
61870.0000,6187,2005,2.7000,5,1000,1000,1,27823.1427,0.0000,0.8974,4043.6722,0.0000,0.1194,8.9319,0.0000,0.0162,31875.7467,0.0000,1.0330,31875.7461,24,0
61880.0000,6188,2003,2.7000,3,1000,1000,1,27828.4309,0.0000,0.8974,4043.0187,0.0000,0.1194,8.9304,0.0000,0.0162,31880.3800,0.0000,1.0329,31880.3809,24,0
61890.0000,6189,2004,2.7000,4,1000,1000,1,27832.5480,0.0000,0.8974,4065.4747,0.0000,0.1194,8.9290,0.0000,0.0162,31906.9517,0.0000,1.0329,31906.9512,24,0
61900.0000,6190,2007,2.7000,7,1000,1000,1,27836.4819,0.0000,0.8974,4064.8179,0.0000,0.1193,8.9275,0.0000,0.0162,31910.2273,0.0000,1.0329,31910.2266,25,0
61910.0000,6191,2010,2.7000,10,1000,1000,1,27841.2764,0.0000,0.8974,4064.1614,0.0000,0.1193,8.9261,0.0000,0.0162,31914.3638,0.0000,1.0329,31914.3633,25,0
61920.0000,6192,2016,2.7000,16,1000,1000,1,27846.2471,0.0000,0.8975,4063.5050,0.0000,0.1193,8.9246,0.0000,0.0162,31918.6768,0.0000,1.0330,31918.6777,25,0
61930.0000,6193,2013,2.7000,13,1000,1000,1,27849.3006,0.0000,0.8975,4062.8489,0.0000,0.1193,8.9232,0.0000,0.0162,31921.0726,0.0000,1.0329,31921.0723,25,0
61940.0000,6194,2013,2.7000,13,1000,1000,1,27854.5682,0.0000,0.8975,4062.1929,0.0000,0.1193,8.9218,0.0000,0.0162,31925.6829,0.0000,1.0329,31925.6836,25,0
61950.0000,6195,2002,2.7000,2,1000,1000,1,27858.9405,0.0000,0.8974,4061.5372,0.0000,0.1192,8.9203,0.0000,0.0162,31929.3980,0.0000,1.0328,31929.3984,24,0
61960.0000,6196,2009,2.7000,9,1000,1000,1,27864.1555,0.0000,0.8975,4060.8817,0.0000,0.1192,8.9189,0.0000,0.0162,31933.9560,0.0000,1.0329,31933.9551,25,0
61970.0000,6197,2007,2.7000,7,1000,1000,1,27868.4697,0.0000,0.8975,4060.2264,0.0000,0.1192,8.9174,0.0000,0.0162,31937.6135,0.0000,1.0329,31937.6133,25,0
61980.0000,6198,2000,2.7000,0,1000,1000,1,27872.0913,0.0000,0.8974,4070.8300,0.0000,0.1192,8.9160,0.0000,0.0162,31951.8373,0.0000,1.0328,31951.8379,24,0
61990.0000,6199,2000,2.7000,0,1000,1000,1,27876.2566,0.0000,0.8974,4070.9842,0.0000,0.1192,8.9146,0.0000,0.0162,31956.1554,0.0000,1.0329,31956.1562,24,0
62000.0000,6200,2000,2.7000,0,1000,1000,1,27879.7702,0.0000,0.8974,4071.9773,0.0000,0.1193,8.9131,0.0000,0.0162,31960.6606,0.0000,1.0329,31960.6602,24,0
62010.0000,6201,2006,2.7000,6,1000,1000,1,27885.8882,0.0000,0.8975,4071.3206,0.0000,0.1192,8.9117,0.0000,0.0162,31966.1205,0.0000,1.0329,31966.1211,25,0
62020.0000,6202,2002,2.7000,2,1000,1000,1,27891.0840,0.0000,0.8975,4070.6642,0.0000,0.1192,8.9103,0.0000,0.0162,31970.6585,0.0000,1.0329,31970.6582,24,0
62030.0000,6203,2010,2.7000,10,1000,1000,1,27895.3272,0.0000,0.8975,4070.0079,0.0000,0.1192,8.9088,0.0000,0.0162,31974.2439,0.0000,1.0329,31974.2441,25,0
62040.0000,6204,2009,2.7000,9,1000,1000,1,27898.1745,0.0000,0.8975,4069.3519,0.0000,0.1192,8.9074,0.0000,0.0162,31976.4338,0.0000,1.0328,31976.4336,25,0
62050.0000,6205,2007,2.7000,7,1000,1000,1,27903.9730,0.0000,0.8975,4068.6961,0.0000,0.1192,8.9060,0.0000,0.0162,31981.5750,0.0000,1.0328,31981.5742,25,0
62060.0000,6206,2002,2.7000,2,1000,1000,1,27908.4086,0.0000,0.8975,4074.4858,0.0000,0.1192,8.9045,0.0000,0.0162,31991.7989,0.0000,1.0328,31991.7988,24,0
62070.0000,6207,2003,2.7000,3,1000,1000,1,27912.7664,0.0000,0.8974,4073.8294,0.0000,0.1191,8.9031,0.0000,0.0162,31995.4989,0.0000,1.0327,31995.4980,24,0
62080.0000,6208,2000,2.7000,0,1000,1000,1,27916.0719,0.0000,0.8974,4073.1732,0.0000,0.1191,8.9016,0.0000,0.0162,31998.1468,0.0000,1.0327,31998.1465,24,0
62090.0000,6209,2002,2.7000,2,1000,1000,1,27921.3476,0.0000,0.8974,4076.7710,0.0000,0.1192,8.9002,0.0000,0.0162,32007.0187,0.0000,1.0327,32007.0195,24,0
62100.0000,6210,2003,2.7000,3,1000,1000,1,27926.2640,0.0000,0.8974,4077.0330,0.0000,0.1192,8.8988,0.0000,0.0162,32012.1957,0.0000,1.0327,32012.1953,24,0
62110.0000,6211,2000,2.7000,0,1000,1000,1,27929.8176,0.0000,0.8973,4077.8895,0.0000,0.1193,8.8973,0.0000,0.0161,32016.6044,0.0000,1.0327,32016.6035,24,0
62120.0000,6212,2000,2.7000,0,1000,1000,1,27934.3568,0.0000,0.8973,4077.5492,0.0000,0.1193,8.8959,0.0000,0.0161,32020.8020,0.0000,1.0327,32020.8027,24,0
62130.0000,6213,2008,2.7000,8,1000,1000,1,27937.9258,0.0000,0.8974,4076.8929,0.0000,0.1192,8.8945,0.0000,0.0161,32023.7132,0.0000,1.0328,32023.7129,25,0
62140.0000,6214,2004,2.7000,4,1000,1000,1,27944.3063,0.0000,0.8974,4076.2368,0.0000,0.1192,8.8931,0.0000,0.0161,32029.4362,0.0000,1.0327,32029.4355,24,0
62150.0000,6215,2006,2.7000,6,1000,1000,1,27946.9494,0.0000,0.8974,4075.5810,0.0000,0.1192,8.8916,0.0000,0.0161,32031.4220,0.0000,1.0327,32031.4219,25,0
62160.0000,6216,2004,2.7000,4,1000,1000,1,27953.3862,0.0000,0.8974,4074.9253,0.0000,0.1192,8.8902,0.0000,0.0161,32037.2017,0.0000,1.0327,32037.2012,24,0
62170.0000,6217,2004,2.7000,4,1000,1000,1,27957.8458,0.0000,0.8974,4080.6836,0.0000,0.1192,8.8888,0.0000,0.0161,32047.4181,0.0000,1.0327,32047.4180,24,0
62180.0000,6218,2005,2.7000,5,1000,1000,1,27962.0265,0.0000,0.8975,4080.0273,0.0000,0.1192,8.8873,0.0000,0.0161,32050.9411,0.0000,1.0328,32050.9414,24,0
62190.0000,6219,2008,2.7000,8,1000,1000,1,27965.9879,0.0000,0.8975,4079.3712,0.0000,0.1191,8.8859,0.0000,0.0161,32054.2450,0.0000,1.0328,32054.2441,25,0
62200.0000,6220,2008,2.7000,8,1000,1000,1,27971.3750,0.0000,0.8976,4078.7154,0.0000,0.1191,8.8845,0.0000,0.0161,32058.9748,0.0000,1.0328,32058.9746,25,0
62210.0000,6221,2002,2.7000,2,1000,1000,1,27975.7711,0.0000,0.8976,4078.0597,0.0000,0.1191,8.8830,0.0000,0.0161,32062.7139,0.0000,1.0328,32062.7148,24,0
62220.0000,6222,2000,2.7000,2,998,1000,1,27980.6574,0.0000,0.8976,4077.4043,0.0000,0.1191,8.8816,0.0000,0.0161,32066.9433,0.0000,1.0328,32066.9434,24,0
62230.0000,6223,2003,2.7000,3,1000,1000,1,27985.0162,0.0000,0.8976,4083.2736,0.0000,0.1191,8.8802,0.0000,0.0161,32077.1700,0.0000,1.0328,32077.1699,24,0
62240.0000,6224,1997,2.7000,0,997,1000,1,27987.5522,0.0000,0.8975,4084.7706,0.0000,0.1192,8.8788,0.0000,0.0161,32081.2015,0.0000,1.0328,32081.2012,24,0
62250.0000,6225,2007,2.7000,7,1000,1000,1,27993.7998,0.0000,0.8975,4084.8286,0.0000,0.1193,8.8773,0.0000,0.0161,32087.5057,0.0000,1.0329,32087.5059,25,0
62260.0000,6226,2003,2.7000,3,1000,1000,1,27997.5322,0.0000,0.8975,4084.1725,0.0000,0.1193,8.8759,0.0000,0.0161,32090.5806,0.0000,1.0328,32090.5801,24,0
62270.0000,6227,2000,2.7000,0,1000,1000,1,27996.3735,0.0000,0.8974,4086.2640,0.0000,0.1194,8.8745,0.0000,0.0161,32091.5120,0.0000,1.0328,32091.5117,24,0
62280.0000,6228,2001,2.7000,2,999,1000,1,28006.6992,0.0000,0.8974,4086.0420,0.0000,0.1194,8.8731,0.0000,0.0161,32101.6142,0.0000,1.0329,32101.6133,24,0
62290.0000,6229,2006,2.7000,6,1000,1000,1,28011.9717,0.0000,0.8974,4086.5439,0.0000,0.1194,8.8716,0.0000,0.0161,32107.3873,0.0000,1.0329,32107.3867,25,0
62300.0000,6230,2007,2.7000,7,1000,1000,1,28016.4078,0.0000,0.8975,4085.8880,0.0000,0.1193,8.8702,0.0000,0.0161,32111.1660,0.0000,1.0329,32111.1660,25,0
62310.0000,6231,2006,2.7000,6,1000,1000,1,28019.9202,0.0000,0.8975,4085.2322,0.0000,0.1193,8.8688,0.0000,0.0161,32114.0213,0.0000,1.0329,32114.0215,25,0
62320.0000,6232,2003,2.7000,3,1000,1000,1,28021.4970,0.0000,0.8974,4084.5767,0.0000,0.1193,8.8674,0.0000,0.0161,32114.9411,0.0000,1.0328,32114.9414,24,0
62330.0000,6233,2001,2.7000,1,1000,1000,1,28026.3284,0.0000,0.8973,4083.9214,0.0000,0.1193,8.8659,0.0000,0.0161,32119.1157,0.0000,1.0327,32119.1152,24,0
62340.0000,6234,2003,2.7000,3,1000,1000,1,28034.3331,0.0000,0.8974,4083.2663,0.0000,0.1193,8.8645,0.0000,0.0161,32126.4640,0.0000,1.0327,32126.4648,24,0
62350.0000,6235,2003,2.7000,3,1000,1000,1,28036.4074,0.0000,0.8974,4082.6114,0.0000,0.1192,8.8631,0.0000,0.0161,32127.8819,0.0000,1.0327,32127.8828,24,0
62360.0000,6236,2004,2.7000,4,1000,1000,1,28041.7031,0.0000,0.8974,4081.9567,0.0000,0.1192,8.8617,0.0000,0.0161,32132.5215,0.0000,1.0327,32132.5215,24,0
62370.0000,6237,2008,2.7000,8,1000,1000,1,28046.7886,0.0000,0.8975,4091.3783,0.0000,0.1192,8.8603,0.0000,0.0161,32147.0271,0.0000,1.0328,32147.0273,25,0
62380.0000,6238,2007,2.7000,7,1000,1000,1,28050.9333,0.0000,0.8974,4090.7224,0.0000,0.1192,8.8588,0.0000,0.0161,32150.5145,0.0000,1.0327,32150.5137,25,0
62390.0000,6239,2009,2.7000,9,1000,1000,1,28056.3997,0.0000,0.8974,4090.0667,0.0000,0.1192,8.8574,0.0000,0.0161,32155.3238,0.0000,1.0326,32155.3242,25,0
62400.0000,6240,2006,2.7000,6,1000,1000,1,28059.4726,0.0000,0.8974,4089.4112,0.0000,0.1192,8.8560,0.0000,0.0161,32157.7399,0.0000,1.0326,32157.7402,25,0
62410.0000,6241,2001,2.7000,1,1000,1000,1,28065.6866,0.0000,0.8974,4088.7560,0.0000,0.1191,8.8546,0.0000,0.0161,32163.2971,0.0000,1.0326,32163.2969,24,0
62420.0000,6242,2003,2.7000,3,1000,1000,1,28069.3222,0.0000,0.8974,4094.1519,0.0000,0.1192,8.8532,0.0000,0.0161,32172.3273,0.0000,1.0326,32172.3281,24,0
62430.0000,6243,2001,2.7000,1,1000,1000,1,28074.4967,0.0000,0.8974,4093.4961,0.0000,0.1192,8.8517,0.0000,0.0161,32176.8445,0.0000,1.0326,32176.8438,24,0
62440.0000,6244,2001,2.7000,1,1000,1000,1,28078.4552,0.0000,0.8973,4095.5867,0.0000,0.1193,8.8503,0.0000,0.0161,32182.8922,0.0000,1.0326,32182.8926,24,0
62450.0000,6245,1993,2.7000,0,993,1000,1,28082.1445,0.0000,0.8972,4095.9502,0.0000,0.1193,8.8489,0.0000,0.0161,32186.9436,0.0000,1.0326,32186.9434,24,0
62460.0000,6246,2005,2.7000,5,1000,1000,1,28084.5920,0.0000,0.8973,4095.9783,0.0000,0.1194,8.8475,0.0000,0.0161,32189.4178,0.0000,1.0327,32189.4180,24,0
62470.0000,6247,2011,2.7000,11,1000,1000,1,28092.0460,0.0000,0.8973,4095.3226,0.0000,0.1194,8.8461,0.0000,0.0161,32196.2147,0.0000,1.0327,32196.2148,25,0
62480.0000,6248,2015,2.7000,15,1000,1000,1,28096.7328,0.0000,0.8974,4094.6672,0.0000,0.1193,8.8447,0.0000,0.0161,32200.2446,0.0000,1.0327,32200.2441,25,0
62490.0000,6249,2018,2.7000,18,1000,1000,1,28100.8511,0.0000,0.8973,4094.0119,0.0000,0.1193,8.8432,0.0000,0.0161,32203.7062,0.0000,1.0327,32203.7070,25,0
62500.0000,6250,2010,2.7000,10,1000,1000,1,28103.8706,0.0000,0.8972,4093.3569,0.0000,0.1193,8.8418,0.0000,0.0160,32206.0693,0.0000,1.0326,32206.0684,25,0
62510.0000,6251,2013,2.7000,13,1000,1000,1,28109.9205,0.0000,0.8973,4092.7021,0.0000,0.1193,8.8404,0.0000,0.0160,32211.4630,0.0000,1.0326,32211.4629,25,0
62520.0000,6252,2015,2.7000,15,1000,1000,1,28112.7650,0.0000,0.8974,4092.0474,0.0000,0.1193,8.8390,0.0000,0.0160,32213.6514,0.0000,1.0327,32213.6523,25,0
62530.0000,6253,2010,2.7000,10,1000,1000,1,28118.6856,0.0000,0.8974,4091.3930,0.0000,0.1192,8.8376,0.0000,0.0160,32218.9162,0.0000,1.0327,32218.9160,25,0
62540.0000,6254,2014,2.7000,14,1000,1000,1,28123.0072,0.0000,0.8975,4090.7388,0.0000,0.1192,8.8362,0.0000,0.0160,32222.5822,0.0000,1.0327,32222.5820,25,0
62550.0000,6255,2010,2.7000,10,1000,1000,1,28127.5417,0.0000,0.8975,4090.0848,0.0000,0.1192,8.8348,0.0000,0.0160,32226.4612,0.0000,1.0327,32226.4609,25,0
62560.0000,6256,2010,2.7000,10,1000,1000,1,28132.1087,0.0000,0.8975,4089.4310,0.0000,0.1192,8.8333,0.0000,0.0160,32230.3731,0.0000,1.0327,32230.3730,25,0
62570.0000,6257,2011,2.7000,11,1000,1000,1,28137.0957,0.0000,0.8975,4088.7775,0.0000,0.1192,8.8319,0.0000,0.0160,32234.7051,0.0000,1.0327,32234.7051,25,0
62580.0000,6258,2002,2.7000,2,1000,1000,1,28140.4727,0.0000,0.8974,4088.1241,0.0000,0.1191,8.8305,0.0000,0.0160,32237.4273,0.0000,1.0326,32237.4277,24,0
62590.0000,6259,2006,2.7000,6,1000,1000,1,28143.6892,0.0000,0.8974,4087.4709,0.0000,0.1191,8.8291,0.0000,0.0160,32239.9892,0.0000,1.0325,32239.9883,25,0
62600.0000,6260,2008,2.7000,8,1000,1000,1,28150.5706,0.0000,0.8974,4086.8180,0.0000,0.1191,8.8277,0.0000,0.0160,32246.2162,0.0000,1.0325,32246.2168,25,0
62610.0000,6261,2008,2.7000,8,1000,1000,1,28155.2102,0.0000,0.8974,4086.1652,0.0000,0.1191,8.8263,0.0000,0.0160,32250.2017,0.0000,1.0325,32250.2012,25,0
62620.0000,6262,2007,2.7000,7,1000,1000,1,28157.7861,0.0000,0.8974,4085.5127,0.0000,0.1191,8.8249,0.0000,0.0160,32252.1237,0.0000,1.0325,32252.1230,25,0
62630.0000,6263,2007,2.7000,7,1000,1000,1,28164.1826,0.0000,0.8975,4084.8604,0.0000,0.1190,8.8235,0.0000,0.0160,32257.8664,0.0000,1.0325,32257.8672,25,0
62640.0000,6264,2003,2.7000,3,1000,1000,1,28165.1034,0.0000,0.8974,4084.2083,0.0000,0.1190,8.8221,0.0000,0.0160,32258.1337,0.0000,1.0325,32258.1328,24,0
62650.0000,6265,1996,2.7000,0,996,1000,1,28172.1007,0.0000,0.8973,4106.3946,0.0000,0.1191,8.8207,0.0000,0.0160,32287.3160,0.0000,1.0324,32287.3164,24,0
62660.0000,6266,2006,2.7000,6,1000,1000,1,28177.3772,0.0000,0.8975,4106.5320,0.0000,0.1191,8.8193,0.0000,0.0160,32292.7284,0.0000,1.0326,32292.7285,25,0
62670.0000,6267,2006,2.7000,6,1000,1000,1,28181.9762,0.0000,0.8974,4105.8767,0.0000,0.1191,8.8178,0.0000,0.0160,32296.6707,0.0000,1.0325,32296.6699,25,0
62680.0000,6268,2004,2.7000,4,1000,1000,1,28186.3370,0.0000,0.8974,4105.2216,0.0000,0.1191,8.8164,0.0000,0.0160,32300.3751,0.0000,1.0325,32300.3750,24,0
62690.0000,6269,2001,2.7000,1,1000,1000,1,28190.3250,0.0000,0.8974,4108.7674,0.0000,0.1191,8.8150,0.0000,0.0160,32307.9075,0.0000,1.0325,32307.9082,24,0
62700.0000,6270,2000,2.7000,2,998,1000,1,28195.4355,0.0000,0.8974,4109.5452,0.0000,0.1191,8.8136,0.0000,0.0160,32313.7943,0.0000,1.0325,32313.7949,24,0
62710.0000,6271,2000,2.7000,0,1000,1000,1,28198.1355,0.0000,0.8974,4109.8614,0.0000,0.1192,8.8122,0.0000,0.0160,32316.8091,0.0000,1.0326,32316.8086,24,0
62720.0000,6272,1999,2.7000,0,999,1000,1,28203.4217,0.0000,0.8974,4110.2947,0.0000,0.1192,8.8108,0.0000,0.0160,32322.5272,0.0000,1.0326,32322.5273,24,0
62730.0000,6273,2005,2.7000,5,1000,1000,1,28208.8804,0.0000,0.8975,4109.9690,0.0000,0.1192,8.8094,0.0000,0.0160,32327.6588,0.0000,1.0327,32327.6582,24,0
62740.0000,6274,1999,2.7000,0,999,1000,1,28212.0051,0.0000,0.8975,4111.3157,0.0000,0.1192,8.8080,0.0000,0.0160,32332.1288,0.0000,1.0327,32332.1289,24,0
62750.0000,6275,2004,2.7000,4,1000,1000,1,28215.8445,0.0000,0.8975,4111.9731,0.0000,0.1194,8.8066,0.0000,0.0160,32336.6242,0.0000,1.0328,32336.6250,24,0
62760.0000,6276,2011,2.7000,11,1000,1000,1,28222.3580,0.0000,0.8975,4111.3179,0.0000,0.1193,8.8052,0.0000,0.0160,32342.4810,0.0000,1.0329,32342.4805,25,0
62770.0000,6277,2010,2.7000,10,1000,1000,1,28226.7547,0.0000,0.8976,4110.6629,0.0000,0.1193,8.8038,0.0000,0.0160,32346.2214,0.0000,1.0329,32346.2207,25,0
62780.0000,6278,2013,2.7000,13,1000,1000,1,28230.6790,0.0000,0.8976,4110.0081,0.0000,0.1193,8.8024,0.0000,0.0160,32349.4895,0.0000,1.0329,32349.4902,25,0
62790.0000,6279,2014,2.7000,14,1000,1000,1,28235.5580,0.0000,0.8976,4109.3536,0.0000,0.1193,8.8010,0.0000,0.0160,32353.7125,0.0000,1.0329,32353.7129,25,0
62800.0000,6280,2020,2.7000,20,1000,1000,1,28239.8157,0.0000,0.8977,4108.6992,0.0000,0.1193,8.7996,0.0000,0.0160,32357.3145,0.0000,1.0329,32357.3145,25,0
62810.0000,6281,2024,2.7000,24,1000,1000,1,28244.4346,0.0000,0.8977,4108.0451,0.0000,0.1192,8.7982,0.0000,0.0160,32361.2779,0.0000,1.0330,32361.2773,26,0
62820.0000,6282,2023,2.7000,23,1000,1000,1,28247.7488,0.0000,0.8977,4107.3911,0.0000,0.1192,8.7968,0.0000,0.0160,32363.9367,0.0000,1.0329,32363.9375,26,0
62830.0000,6283,2015,2.7000,15,1000,1000,1,28252.4860,0.0000,0.8977,4106.7374,0.0000,0.1192,8.7954,0.0000,0.0160,32368.0188,0.0000,1.0328,32368.0195,25,0
62840.0000,6284,2013,2.7000,13,1000,1000,1,28257.9760,0.0000,0.8976,4106.0839,0.0000,0.1192,8.7940,0.0000,0.0160,32372.8539,0.0000,1.0328,32372.8535,25,0
62850.0000,6285,2012,2.7000,12,1000,1000,1,28262.3249,0.0000,0.8976,4105.4306,0.0000,0.1192,8.7926,0.0000,0.0160,32376.5480,0.0000,1.0327,32376.5488,25,0
62860.0000,6286,2009,2.7000,9,1000,1000,1,28265.7238,0.0000,0.8975,4104.7775,0.0000,0.1192,8.7912,0.0000,0.0160,32379.2925,0.0000,1.0326,32379.2930,25,0
62870.0000,6287,2008,2.7000,8,1000,1000,1,28271.0533,0.0000,0.8975,4104.1246,0.0000,0.1191,8.7898,0.0000,0.0160,32383.9676,0.0000,1.0326,32383.9668,25,0
62880.0000,6288,2006,2.7000,6,1000,1000,1,28275.8469,0.0000,0.8976,4103.4719,0.0000,0.1191,8.7884,0.0000,0.0160,32388.1072,0.0000,1.0326,32388.1074,25,0
62890.0000,6289,2005,2.7000,5,1000,1000,1,28280.1321,0.0000,0.8976,4102.8194,0.0000,0.1191,8.7870,0.0000,0.0159,32391.7384,0.0000,1.0327,32391.7383,24,0
62900.0000,6290,2006,2.7000,6,1000,1000,1,28284.6427,0.0000,0.8977,4102.1671,0.0000,0.1191,8.7856,0.0000,0.0159,32395.5954,0.0000,1.0327,32395.5957,25,0
62910.0000,6291,2003,2.7000,3,1000,1000,1,28288.5305,0.0000,0.8977,4101.5150,0.0000,0.1191,8.7842,0.0000,0.0159,32398.8298,0.0000,1.0327,32398.8301,24,0
62920.0000,6292,2007,2.7000,7,1000,1000,1,28294.0923,0.0000,0.8978,4100.8632,0.0000,0.1190,8.7828,0.0000,0.0159,32403.7383,0.0000,1.0327,32403.7383,25,0
62930.0000,6293,2004,2.7000,4,1000,1000,1,28298.2758,0.0000,0.8977,4100.2115,0.0000,0.1190,8.7814,0.0000,0.0159,32407.2687,0.0000,1.0326,32407.2695,24,0
62940.0000,6294,1999,2.7000,0,999,1000,1,28302.3616,0.0000,0.8976,4122.3791,0.0000,0.1191,8.7800,0.0000,0.0159,32433.5207,0.0000,1.0327,32433.5215,24,0
62950.0000,6295,2002,2.7000,2,1000,1000,1,28305.8338,0.0000,0.8976,4121.7784,0.0000,0.1191,8.7786,0.0000,0.0159,32436.3908,0.0000,1.0327,32436.3906,24,0
62960.0000,6296,2001,2.7000,1,1000,1000,1,28311.4183,0.0000,0.8976,4123.2031,0.0000,0.1191,8.7772,0.0000,0.0159,32443.3986,0.0000,1.0326,32443.3984,24,0
62970.0000,6297,2000,2.7000,0,1000,1000,1,28314.2793,0.0000,0.8975,4123.4003,0.0000,0.1192,8.7758,0.0000,0.0159,32446.4554,0.0000,1.0326,32446.4551,24,0
62980.0000,6298,2001,2.7000,2,999,1000,1,28320.1283,0.0000,0.8976,4124.4303,0.0000,0.1192,8.7744,0.0000,0.0159,32453.3330,0.0000,1.0327,32453.3320,24,0
62990.0000,6299,1999,2.7000,0,999,1000,1,28325.0912,0.0000,0.8975,4125.0960,0.0000,0.1192,8.7730,0.0000,0.0159,32458.9602,0.0000,1.0326,32458.9609,24,0
63000.0000,6300,2000,2.7000,0,1000,1000,1,28329.5453,0.0000,0.8975,4124.9192,0.0000,0.1193,8.7717,0.0000,0.0159,32463.2361,0.0000,1.0327,32463.2363,24,0
63010.0000,6301,2010,2.7000,10,1000,1000,1,28333.3494,0.0000,0.8975,4125.3411,0.0000,0.1193,8.7703,0.0000,0.0159,32467.4607,0.0000,1.0327,32467.4609,25,0
63020.0000,6302,2006,2.7000,6,1000,1000,1,28337.6069,0.0000,0.8976,4124.6865,0.0000,0.1193,8.7689,0.0000,0.0159,32471.0622,0.0000,1.0327,32471.0625,25,0
63030.0000,6303,1999,2.7000,0,999,1000,1,28343.1880,0.0000,0.8975,4127.2341,0.0000,0.1193,8.7675,0.0000,0.0159,32479.1895,0.0000,1.0327,32479.1895,24,0
63040.0000,6304,2001,2.7000,1,1000,1000,1,28343.1091,0.0000,0.8974,4126.9032,0.0000,0.1193,8.7661,0.0000,0.0159,32478.7784,0.0000,1.0327,32478.7793,24,0
63050.0000,6305,2002,2.7000,2,1000,1000,1,28351.9722,0.0000,0.8974,4126.2487,0.0000,0.1193,8.7647,0.0000,0.0159,32486.9856,0.0000,1.0327,32486.9863,24,0
63060.0000,6306,2006,2.7000,6,1000,1000,1,28356.2750,0.0000,0.8975,4125.5943,0.0000,0.1193,8.7633,0.0000,0.0159,32490.6327,0.0000,1.0327,32490.6328,25,0
63070.0000,6307,2005,2.7000,5,1000,1000,1,28361.0337,0.0000,0.8975,4128.9496,0.0000,0.1193,8.7619,0.0000,0.0159,32498.7452,0.0000,1.0327,32498.7461,24,0
63080.0000,6308,2000,2.7000,0,1000,1000,1,28364.0889,0.0000,0.8975,4129.9473,0.0000,0.1193,8.7605,0.0000,0.0159,32502.7967,0.0000,1.0327,32502.7969,24,0
63090.0000,6309,2009,2.7000,9,1000,1000,1,28367.4674,0.0000,0.8976,4129.2927,0.0000,0.1193,8.7591,0.0000,0.0159,32505.5193,0.0000,1.0328,32505.5195,25,0
63100.0000,6310,2001,2.7000,1,1000,1000,1,28371.9928,0.0000,0.8975,4128.6383,0.0000,0.1193,8.7578,0.0000,0.0159,32509.3888,0.0000,1.0327,32509.3887,24,0
63110.0000,6311,2001,2.7000,1,1000,1000,1,28378.8910,0.0000,0.8975,4130.9228,0.0000,0.1193,8.7564,0.0000,0.0159,32518.5701,0.0000,1.0326,32518.5703,24,0
63120.0000,6312,2007,2.7000,7,1000,1000,1,28383.1488,0.0000,0.8975,4130.2683,0.0000,0.1193,8.7550,0.0000,0.0159,32522.1721,0.0000,1.0327,32522.1719,25,0
63130.0000,6313,1998,2.7000,0,998,1000,1,28384.4663,0.0000,0.8974,4132.5041,0.0000,0.1193,8.7536,0.0000,0.0159,32525.7240,0.0000,1.0326,32525.7246,24,0
63140.0000,6314,2003,2.7000,3,1000,1000,1,28389.8529,0.0000,0.8975,4132.2063,0.0000,0.1193,8.7522,0.0000,0.0159,32530.8115,0.0000,1.0327,32530.8105,24,0
63150.0000,6315,2004,2.7000,4,1000,1000,1,28396.6185,0.0000,0.8975,4133.4813,0.0000,0.1193,8.7508,0.0000,0.0159,32538.8507,0.0000,1.0327,32538.8516,24,0
63160.0000,6316,2003,2.7000,5,998,1000,1,28400.9984,0.0000,0.8975,4134.2586,0.0000,0.1194,8.7494,0.0000,0.0159,32544.0064,0.0000,1.0328,32544.0059,24,0
63170.0000,6317,2001,2.7000,1,1000,1000,1,28405.6840,0.0000,0.8975,4133.8274,0.0000,0.1194,8.7480,0.0000,0.0159,32548.2594,0.0000,1.0328,32548.2598,24,0
63180.0000,6318,2000,2.7000,0,1000,1000,1,28408.4396,0.0000,0.8975,4133.1731,0.0000,0.1194,8.7467,0.0000,0.0159,32550.3593,0.0000,1.0327,32550.3594,24,0
63190.0000,6319,2002,2.7000,2,1000,1000,1,28414.9236,0.0000,0.8974,4135.6544,0.0000,0.1194,8.7453,0.0000,0.0159,32559.3233,0.0000,1.0327,32559.3242,24,0
63200.0000,6320,2006,2.7000,6,1000,1000,1,28418.0344,0.0000,0.8975,4135.0000,0.0000,0.1194,8.7439,0.0000,0.0159,32561.7783,0.0000,1.0327,32561.7793,25,0
63210.0000,6321,2002,2.7000,2,1000,1000,1,28423.2297,0.0000,0.8974,4134.3458,0.0000,0.1194,8.7425,0.0000,0.0159,32566.3180,0.0000,1.0327,32566.3184,24,0
63220.0000,6322,2001,2.7000,1,1000,1000,1,28427.9055,0.0000,0.8974,4137.2209,0.0000,0.1194,8.7411,0.0000,0.0159,32573.8676,0.0000,1.0327,32573.8672,24,0
63230.0000,6323,2005,2.7000,5,1000,1000,1,28432.6629,0.0000,0.8975,4137.7575,0.0000,0.1194,8.7397,0.0000,0.0159,32579.1602,0.0000,1.0328,32579.1602,24,0
63240.0000,6324,2001,2.7000,1,1000,1000,1,28437.2770,0.0000,0.8974,4138.1546,0.0000,0.1195,8.7384,0.0000,0.0159,32584.1700,0.0000,1.0327,32584.1699,24,0
63250.0000,6325,2002,2.7000,2,1000,1000,1,28440.5361,0.0000,0.8974,4138.2360,0.0000,0.1195,8.7370,0.0000,0.0159,32587.5090,0.0000,1.0327,32587.5098,24,0
63260.0000,6326,2003,2.7000,3,1000,1000,1,28446.3237,0.0000,0.8973,4139.4948,0.0000,0.1195,8.7356,0.0000,0.0159,32594.5541,0.0000,1.0327,32594.5547,24,0
63270.0000,6327,2001,2.7000,1,1000,1000,1,28450.0465,0.0000,0.8973,4139.8380,0.0000,0.1195,8.7342,0.0000,0.0159,32598.6188,0.0000,1.0327,32598.6191,24,0
63280.0000,6328,1999,2.7000,0,999,1000,1,28452.4027,0.0000,0.8973,4140.5490,0.0000,0.1195,8.7328,0.0000,0.0159,32601.6846,0.0000,1.0327,32601.6855,24,0
63290.0000,6329,2004,2.7000,4,1000,1000,1,28457.9416,0.0000,0.8973,4140.8938,0.0000,0.1196,8.7315,0.0000,0.0158,32607.5669,0.0000,1.0327,32607.5664,24,0
63300.0000,6330,2000,2.7000,1,999,1000,1,28464.1111,0.0000,0.8973,4140.2396,0.0000,0.1196,8.7301,0.0000,0.0158,32613.0808,0.0000,1.0327,32613.0801,24,0
63310.0000,6331,2004,2.7000,4,1000,1000,1,28468.4247,0.0000,0.8973,4142.0226,0.0000,0.1197,8.7287,0.0000,0.0158,32619.1760,0.0000,1.0328,32619.1758,24,0
63320.0000,6332,2001,2.7000,1,1000,1000,1,28470.9812,0.0000,0.8972,4142.3655,0.0000,0.1197,8.7273,0.0000,0.0158,32622.0740,0.0000,1.0328,32622.0742,24,0
63330.0000,6333,2002,2.7000,2,1000,1000,1,28477.4337,0.0000,0.8973,4143.2340,0.0000,0.1197,8.7259,0.0000,0.0158,32629.3936,0.0000,1.0328,32629.3945,24,0
63340.0000,6334,2010,2.7000,10,1000,1000,1,28482.1173,0.0000,0.8973,4143.1028,0.0000,0.1198,8.7246,0.0000,0.0158,32633.9446,0.0000,1.0330,32633.9453,25,0
63350.0000,6335,2010,2.7000,10,1000,1000,1,28483.0467,0.0000,0.8973,4142.4487,0.0000,0.1198,8.7232,0.0000,0.0158,32634.2186,0.0000,1.0329,32634.2188,25,0
63360.0000,6336,2014,2.7000,14,1000,1000,1,28490.9801,0.0000,0.8973,4141.7950,0.0000,0.1198,8.7218,0.0000,0.0158,32641.4969,0.0000,1.0329,32641.4961,25,0
63370.0000,6337,2015,2.7000,15,1000,1000,1,28495.1584,0.0000,0.8973,4141.1414,0.0000,0.1197,8.7204,0.0000,0.0158,32645.0202,0.0000,1.0329,32645.0195,25,0
63380.0000,6338,2014,2.7000,14,1000,1000,1,28497.8494,0.0000,0.8973,4140.4880,0.0000,0.1197,8.7191,0.0000,0.0158,32647.0565,0.0000,1.0328,32647.0566,25,0
63390.0000,6339,2013,2.7000,13,1000,1000,1,28503.8594,0.0000,0.8973,4139.8348,0.0000,0.1197,8.7177,0.0000,0.0158,32652.4119,0.0000,1.0328,32652.4121,25,0
63400.0000,6340,2010,2.7000,10,1000,1000,1,28507.9211,0.0000,0.8973,4139.1818,0.0000,0.1197,8.7163,0.0000,0.0158,32655.8192,0.0000,1.0328,32655.8184,25,0
63410.0000,6341,2013,2.7000,13,1000,1000,1,28512.9013,0.0000,0.8973,4138.5291,0.0000,0.1197,8.7149,0.0000,0.0158,32660.1453,0.0000,1.0328,32660.1445,25,0
63420.0000,6342,2010,2.7000,10,1000,1000,1,28516.5186,0.0000,0.8972,4137.8765,0.0000,0.1196,8.7136,0.0000,0.0158,32663.1087,0.0000,1.0327,32663.1094,25,0
63430.0000,6343,2001,2.7000,1,1000,1000,1,28519.6004,0.0000,0.8972,4137.2242,0.0000,0.1196,8.7122,0.0000,0.0158,32665.5367,0.0000,1.0326,32665.5371,24,0
63440.0000,6344,2000,2.7000,0,1000,1000,1,28524.3436,0.0000,0.8972,4149.1165,0.0000,0.1197,8.7108,0.0000,0.0158,32682.1709,0.0000,1.0326,32682.1699,24,0
63450.0000,6345,1999,2.7000,0,999,1000,1,28529.8099,0.0000,0.8971,4149.9269,0.0000,0.1197,8.7094,0.0000,0.0158,32688.4463,0.0000,1.0326,32688.4473,24,0
63460.0000,6346,2000,2.7000,0,1000,1000,1,28535.2257,0.0000,0.8970,4150.4148,0.0000,0.1197,8.7081,0.0000,0.0158,32694.3485,0.0000,1.0326,32694.3477,24,0
63470.0000,6347,2005,2.7000,5,1000,1000,1,28540.0103,0.0000,0.8971,4151.0360,0.0000,0.1198,8.7067,0.0000,0.0158,32699.7530,0.0000,1.0327,32699.7539,24,0
63480.0000,6348,2006,2.7000,6,1000,1000,1,28543.4287,0.0000,0.8971,4150.3821,0.0000,0.1198,8.7053,0.0000,0.0158,32702.5162,0.0000,1.0327,32702.5156,25,0
63490.0000,6349,2009,2.7000,9,1000,1000,1,28547.1978,0.0000,0.8971,4149.7284,0.0000,0.1198,8.7040,0.0000,0.0158,32705.6301,0.0000,1.0327,32705.6309,25,0
63500.0000,6350,2006,2.7000,6,1000,1000,1,28552.2469,0.0000,0.8971,4149.0749,0.0000,0.1197,8.7026,0.0000,0.0158,32710.0244,0.0000,1.0326,32710.0234,25,0
63510.0000,6351,2009,2.7000,9,1000,1000,1,28558.0021,0.0000,0.8971,4148.4216,0.0000,0.1197,8.7012,0.0000,0.0158,32715.1249,0.0000,1.0326,32715.1250,25,0
63520.0000,6352,2018,2.7000,18,1000,1000,1,28561.7888,0.0000,0.8973,4147.7685,0.0000,0.1197,8.6998,0.0000,0.0158,32718.2571,0.0000,1.0328,32718.2578,25,0
63530.0000,6353,2020,2.7000,20,1000,1000,1,28566.2115,0.0000,0.8973,4147.1156,0.0000,0.1197,8.6985,0.0000,0.0158,32722.0256,0.0000,1.0328,32722.0254,25,0
63540.0000,6354,2018,2.7000,18,1000,1000,1,28571.5699,0.0000,0.8973,4146.4630,0.0000,0.1197,8.6971,0.0000,0.0158,32726.7299,0.0000,1.0328,32726.7305,25,0
63550.0000,6355,2016,2.7000,16,1000,1000,1,28575.0688,0.0000,0.8973,4145.8105,0.0000,0.1197,8.6957,0.0000,0.0158,32729.5750,0.0000,1.0327,32729.5742,25,0
63560.0000,6356,2019,2.7000,19,1000,1000,1,28580.3175,0.0000,0.8974,4145.1582,0.0000,0.1196,8.6944,0.0000,0.0158,32734.1701,0.0000,1.0328,32734.1699,25,0
63570.0000,6357,2014,2.7000,14,1000,1000,1,28584.4223,0.0000,0.8973,4144.5062,0.0000,0.1196,8.6930,0.0000,0.0158,32737.6214,0.0000,1.0327,32737.6211,25,0
63580.0000,6358,2012,2.7000,12,1000,1000,1,28587.8875,0.0000,0.8973,4143.8543,0.0000,0.1196,8.6916,0.0000,0.0158,32740.4335,0.0000,1.0327,32740.4336,25,0
63590.0000,6359,2012,2.7000,12,1000,1000,1,28593.0547,0.0000,0.8973,4143.2027,0.0000,0.1196,8.6903,0.0000,0.0158,32744.9476,0.0000,1.0326,32744.9473,25,0
63600.0000,6360,2010,2.7000,10,1000,1000,1,28598.0585,0.0000,0.8973,4142.5512,0.0000,0.1196,8.6889,0.0000,0.0158,32749.2986,0.0000,1.0326,32749.2988,25,0
63610.0000,6361,2004,2.7000,4,1000,1000,1,28602.6012,0.0000,0.8972,4141.9000,0.0000,0.1195,8.6875,0.0000,0.0158,32753.1887,0.0000,1.0325,32753.1895,24,0
63620.0000,6362,2010,2.7000,10,1000,1000,1,28607.3477,0.0000,0.8973,4141.2489,0.0000,0.1195,8.6862,0.0000,0.0158,32757.2828,0.0000,1.0326,32757.2832,25,0
63630.0000,6363,2000,2.7000,0,1000,1000,1,28610.1592,0.0000,0.8972,4140.5981,0.0000,0.1195,8.6848,0.0000,0.0158,32759.4421,0.0000,1.0325,32759.4414,24,0
63640.0000,6364,2001,2.7000,1,1000,1000,1,28613.3404,0.0000,0.8973,4159.3288,0.0000,0.1195,8.6834,0.0000,0.0158,32781.3527,0.0000,1.0325,32781.3516,24,0
63650.0000,6365,2003,2.7000,3,1000,1000,1,28620.3854,0.0000,0.8973,4158.6753,0.0000,0.1195,8.6821,0.0000,0.0158,32787.7429,0.0000,1.0325,32787.7422,24,0
63660.0000,6366,2002,2.7000,2,1000,1000,1,28621.7756,0.0000,0.8973,4158.0221,0.0000,0.1195,8.6807,0.0000,0.0158,32788.4784,0.0000,1.0325,32788.4766,24,0
63670.0000,6367,2002,2.7000,2,1000,1000,1,28629.3454,0.0000,0.8973,4157.3690,0.0000,0.1195,8.6794,0.0000,0.0158,32795.3938,0.0000,1.0325,32795.3945,24,0
63680.0000,6368,2001,2.7000,1,1000,1000,1,28634.0375,0.0000,0.8973,4162.3926,0.0000,0.1195,8.6780,0.0000,0.0158,32805.1081,0.0000,1.0325,32805.1094,24,0
63690.0000,6369,1999,2.7000,2,997,1000,1,28637.8890,0.0000,0.8972,4162.8110,0.0000,0.1195,8.6766,0.0000,0.0157,32809.3767,0.0000,1.0325,32809.3750,24,0
63700.0000,6370,2008,2.7000,8,1000,1000,1,28643.2265,0.0000,0.8973,4163.0583,0.0000,0.1195,8.6753,0.0000,0.0157,32814.9601,0.0000,1.0326,32814.9609,25,0
63710.0000,6371,2011,2.7000,11,1000,1000,1,28647.5837,0.0000,0.8973,4162.4049,0.0000,0.1195,8.6739,0.0000,0.0157,32818.6625,0.0000,1.0326,32818.6641,25,0
63720.0000,6372,2013,2.7000,13,1000,1000,1,28651.5528,0.0000,0.8973,4161.7516,0.0000,0.1195,8.6725,0.0000,0.0157,32821.9770,0.0000,1.0325,32821.9766,25,0
63730.0000,6373,2004,2.7000,4,1000,1000,1,28651.8481,0.0000,0.8972,4161.0986,0.0000,0.1195,8.6712,0.0000,0.0157,32821.6179,0.0000,1.0324,32821.6172,24,0
63740.0000,6374,2002,2.7000,2,1000,1000,1,28661.0771,0.0000,0.8972,4160.4458,0.0000,0.1194,8.6698,0.0000,0.0157,32830.1927,0.0000,1.0324,32830.1914,24,0
63750.0000,6375,1999,2.7000,0,999,1000,1,28663.6119,0.0000,0.8972,4165.6788,0.0000,0.1195,8.6685,0.0000,0.0157,32837.9592,0.0000,1.0324,32837.9609,24,0
63760.0000,6376,2002,2.7000,2,1000,1000,1,28668.8840,0.0000,0.8972,4166.0685,0.0000,0.1195,8.6671,0.0000,0.0157,32843.6196,0.0000,1.0324,32843.6211,24,0
63770.0000,6377,2002,2.7000,2,1000,1000,1,28673.8678,0.0000,0.8972,4165.4152,0.0000,0.1195,8.6657,0.0000,0.0157,32847.9487,0.0000,1.0324,32847.9492,24,0
63780.0000,6378,2006,2.7000,6,1000,1000,1,28679.0498,0.0000,0.8972,4167.1567,0.0000,0.1195,8.6644,0.0000,0.0157,32854.8709,0.0000,1.0324,32854.8711,25,0
63790.0000,6379,2001,2.7000,1,1000,1000,1,28679.2567,0.0000,0.8972,4166.5035,0.0000,0.1195,8.6630,0.0000,0.0157,32854.4232,0.0000,1.0324,32854.4219,24,0
63800.0000,6380,2004,2.7000,4,1000,1000,1,28686.0857,0.0000,0.8972,4167.8788,0.0000,0.1195,8.6617,0.0000,0.0157,32862.6262,0.0000,1.0324,32862.6250,24,0
63810.0000,6381,2004,2.7000,4,1000,1000,1,28691.6234,0.0000,0.8972,4167.2257,0.0000,0.1194,8.6603,0.0000,0.0157,32867.5094,0.0000,1.0324,32867.5078,24,0
63820.0000,6382,2003,2.7000,3,1000,1000,1,28695.7702,0.0000,0.8972,4166.5727,0.0000,0.1194,8.6590,0.0000,0.0157,32871.0018,0.0000,1.0324,32871.0000,24,0
63830.0000,6383,2001,2.7000,1,1000,1000,1,28701.1316,0.0000,0.8972,4170.4280,0.0000,0.1195,8.6576,0.0000,0.0157,32880.2172,0.0000,1.0324,32880.2188,24,0
63840.0000,6384,2007,2.7000,7,1000,1000,1,28705.0445,0.0000,0.8972,4169.7747,0.0000,0.1195,8.6562,0.0000,0.0157,32883.4755,0.0000,1.0324,32883.4766,25,0
63850.0000,6385,2007,2.7000,7,1000,1000,1,28709.1945,0.0000,0.8972,4169.1217,0.0000,0.1194,8.6549,0.0000,0.0157,32886.9711,0.0000,1.0323,32886.9727,25,0
63860.0000,6386,1998,2.7000,3,995,1000,1,28714.3895,0.0000,0.8972,4172.1775,0.0000,0.1195,8.6535,0.0000,0.0157,32895.2205,0.0000,1.0323,32895.2188,24,0
63870.0000,6387,1999,2.7000,0,999,1000,1,28719.0224,0.0000,0.8971,4172.6552,0.0000,0.1195,8.6522,0.0000,0.0157,32900.3298,0.0000,1.0324,32900.3281,24,0
63880.0000,6388,2008,2.7000,8,1000,1000,1,28723.2254,0.0000,0.8972,4172.3482,0.0000,0.1196,8.6508,0.0000,0.0157,32904.2244,0.0000,1.0325,32904.2227,25,0
63890.0000,6389,2012,2.7000,12,1000,1000,1,28726.7752,0.0000,0.8972,4171.6952,0.0000,0.1195,8.6495,0.0000,0.0157,32907.1199,0.0000,1.0325,32907.1211,25,0
63900.0000,6390,2008,2.7000,8,1000,1000,1,28732.4826,0.0000,0.8972,4171.0423,0.0000,0.1195,8.6481,0.0000,0.0157,32912.1730,0.0000,1.0325,32912.1719,25,0
63910.0000,6391,2012,2.7000,12,1000,1000,1,28737.1536,0.0000,0.8973,4170.3897,0.0000,0.1195,8.6468,0.0000,0.0157,32916.1901,0.0000,1.0325,32916.1914,25,0
63920.0000,6392,2019,2.7000,19,1000,1000,1,28741.4743,0.0000,0.8974,4169.7373,0.0000,0.1195,8.6454,0.0000,0.0157,32919.8570,0.0000,1.0326,32919.8555,25,0
63930.0000,6393,2025,2.7000,25,1000,1000,1,28745.9412,0.0000,0.8975,4169.0850,0.0000,0.1195,8.6441,0.0000,0.0157,32923.6702,0.0000,1.0326,32923.6719,26,0
63940.0000,6394,2022,2.7000,22,1000,1000,1,28750.6141,0.0000,0.8974,4168.4330,0.0000,0.1194,8.6427,0.0000,0.0157,32927.6898,0.0000,1.0326,32927.6914,26,0
63950.0000,6395,2019,2.7000,19,1000,1000,1,28755.0662,0.0000,0.8975,4167.7812,0.0000,0.1194,8.6413,0.0000,0.0157,32931.4887,0.0000,1.0326,32931.4883,25,0
63960.0000,6396,2015,2.7000,15,1000,1000,1,28759.1522,0.0000,0.8975,4167.1296,0.0000,0.1194,8.6400,0.0000,0.0157,32934.9218,0.0000,1.0325,32934.9219,25,0
63970.0000,6397,2012,2.7000,12,1000,1000,1,28763.9936,0.0000,0.8974,4166.4781,0.0000,0.1194,8.6386,0.0000,0.0157,32939.1104,0.0000,1.0325,32939.1094,25,0
63980.0000,6398,2014,2.7000,14,1000,1000,1,28767.7938,0.0000,0.8975,4165.8269,0.0000,0.1194,8.6373,0.0000,0.0157,32942.2580,0.0000,1.0325,32942.2578,25,0
63990.0000,6399,2016,2.7000,16,1000,1000,1,28771.3068,0.0000,0.8975,4165.1759,0.0000,0.1193,8.6359,0.0000,0.0157,32945.1186,0.0000,1.0325,32945.1172,25,0
64000.0000,6400,2015,2.7000,15,1000,1000,1,28776.4256,0.0000,0.8975,4164.5251,0.0000,0.1193,8.6346,0.0000,0.0157,32949.5853,0.0000,1.0325,32949.5859,25,0
64010.0000,6401,2014,2.7000,14,1000,1000,1,28779.2619,0.0000,0.8974,4163.8745,0.0000,0.1193,8.6332,0.0000,0.0157,32951.7696,0.0000,1.0324,32951.7695,25,0
64020.0000,6402,2002,2.7000,2,1000,1000,1,28785.9909,0.0000,0.8974,4163.2241,0.0000,0.1193,8.6319,0.0000,0.0157,32957.8468,0.0000,1.0323,32957.8477,24,0
64030.0000,6403,2000,2.7000,0,1000,1000,1,28789.3318,0.0000,0.8974,4162.5739,0.0000,0.1193,8.6306,0.0000,0.0157,32960.5362,0.0000,1.0323,32960.5352,24,0
64040.0000,6404,2001,2.7000,1,1000,1000,1,28794.7932,0.0000,0.8974,4180.9555,0.0000,0.1193,8.6292,0.0000,0.0157,32984.3779,0.0000,1.0323,32984.3789,24,0
64050.0000,6405,2005,2.7000,5,1000,1000,1,28799.7062,0.0000,0.8974,4180.3027,0.0000,0.1193,8.6279,0.0000,0.0157,32988.6367,0.0000,1.0324,32988.6367,24,0
64060.0000,6406,2003,2.7000,3,1000,1000,1,28804.4154,0.0000,0.8974,4179.6502,0.0000,0.1192,8.6265,0.0000,0.0157,32992.6921,0.0000,1.0323,32992.6914,24,0
64070.0000,6407,2003,2.7000,3,1000,1000,1,28806.7471,0.0000,0.8975,4178.9978,0.0000,0.1192,8.6252,0.0000,0.0157,32994.3700,0.0000,1.0324,32994.3711,24,0
64080.0000,6408,2006,2.7000,6,1000,1000,1,28813.1540,0.0000,0.8975,4178.3457,0.0000,0.1192,8.6238,0.0000,0.0157,33000.1235,0.0000,1.0323,33000.1250,25,0
64090.0000,6409,2000,2.7000,2,998,1000,1,28817.7323,0.0000,0.8975,4177.6937,0.0000,0.1192,8.6225,0.0000,0.0156,33004.0485,0.0000,1.0323,33004.0469,24,0
64100.0000,6410,2005,2.7000,5,1000,1000,1,28821.2111,0.0000,0.8975,4184.2307,0.0000,0.1192,8.6211,0.0000,0.0156,33014.0629,0.0000,1.0324,33014.0625,24,0
64110.0000,6411,2013,2.7000,13,1000,1000,1,28826.8427,0.0000,0.8976,4183.5780,0.0000,0.1192,8.6198,0.0000,0.0156,33019.0405,0.0000,1.0324,33019.0391,25,0
64120.0000,6412,2016,2.7000,16,1000,1000,1,28830.8158,0.0000,0.8976,4182.9256,0.0000,0.1192,8.6184,0.0000,0.0156,33022.3599,0.0000,1.0324,33022.3594,25,0
64130.0000,6413,2015,2.7000,15,1000,1000,1,28835.2610,0.0000,0.8976,4182.2733,0.0000,0.1191,8.6171,0.0000,0.0156,33026.1515,0.0000,1.0324,33026.1523,25,0
64140.0000,6414,2018,2.7000,18,1000,1000,1,28840.1175,0.0000,0.8977,4181.6213,0.0000,0.1191,8.6158,0.0000,0.0156,33030.3545,0.0000,1.0324,33030.3555,25,0
64150.0000,6415,2014,2.7000,14,1000,1000,1,28843.2081,0.0000,0.8976,4180.9694,0.0000,0.1191,8.6144,0.0000,0.0156,33032.7919,0.0000,1.0323,33032.7930,25,0
64160.0000,6416,2012,2.7000,12,1000,1000,1,28848.9331,0.0000,0.8976,4180.3178,0.0000,0.1191,8.6131,0.0000,0.0156,33037.8639,0.0000,1.0323,33037.8633,25,0
64170.0000,6417,2011,2.7000,11,1000,1000,1,28853.1061,0.0000,0.8976,4179.6663,0.0000,0.1191,8.6117,0.0000,0.0156,33041.3841,0.0000,1.0323,33041.3828,25,0
64180.0000,6418,2016,2.7000,16,1000,1000,1,28858.0964,0.0000,0.8976,4179.0151,0.0000,0.1191,8.6104,0.0000,0.0156,33045.7219,0.0000,1.0323,33045.7227,25,0
64190.0000,6419,2009,2.7000,9,1000,1000,1,28862.5128,0.0000,0.8977,4178.3640,0.0000,0.1190,8.6090,0.0000,0.0156,33049.4859,0.0000,1.0324,33049.4844,25,0
64200.0000,6420,2001,2.7000,1,1000,1000,1,28864.8757,0.0000,0.8977,4177.7132,0.0000,0.1190,8.6077,0.0000,0.0156,33051.1966,0.0000,1.0323,33051.1953,24,0
64210.0000,6421,2001,2.7000,1,1000,1000,1,28871.3858,0.0000,0.8976,4191.0713,0.0000,0.1190,8.6064,0.0000,0.0156,33071.0634,0.0000,1.0323,33071.0625,24,0
64220.0000,6422,2002,2.7000,2,1000,1000,1,28874.1988,0.0000,0.8976,4190.4187,0.0000,0.1190,8.6050,0.0000,0.0156,33073.2225,0.0000,1.0323,33073.2227,24,0
64230.0000,6423,2001,2.7000,1,1000,1000,1,28880.3328,0.0000,0.8976,4191.8977,0.0000,0.1191,8.6037,0.0000,0.0156,33080.8342,0.0000,1.0323,33080.8359,24,0
64240.0000,6424,2005,2.7000,5,1000,1000,1,28884.9177,0.0000,0.8976,4192.5221,0.0000,0.1191,8.6023,0.0000,0.0156,33086.0421,0.0000,1.0323,33086.0430,24,0
64250.0000,6425,2012,2.7000,12,1000,1000,1,28889.5556,0.0000,0.8977,4191.8695,0.0000,0.1191,8.6010,0.0000,0.0156,33090.0262,0.0000,1.0324,33090.0273,25,0
64260.0000,6426,2007,2.7000,7,1000,1000,1,28893.3788,0.0000,0.8977,4191.2172,0.0000,0.1191,8.5997,0.0000,0.0156,33093.1956,0.0000,1.0323,33093.1953,25,0
64270.0000,6427,2003,2.7000,3,1000,1000,1,28896.1683,0.0000,0.8976,4190.5651,0.0000,0.1190,8.5983,0.0000,0.0156,33095.3317,0.0000,1.0323,33095.3320,24,0
64280.0000,6428,2004,2.7000,4,1000,1000,1,28900.3986,0.0000,0.8976,4189.9131,0.0000,0.1190,8.5970,0.0000,0.0156,33098.9087,0.0000,1.0322,33098.9102,24,0
64290.0000,6429,2002,2.7000,2,1000,1000,1,28907.4735,0.0000,0.8976,4189.2614,0.0000,0.1190,8.5956,0.0000,0.0156,33105.3306,0.0000,1.0322,33105.3320,24,0
64300.0000,6430,2002,2.7000,2,1000,1000,1,28911.7281,0.0000,0.8977,4188.6099,0.0000,0.1190,8.5943,0.0000,0.0156,33108.9324,0.0000,1.0323,33108.9336,24,0
64310.0000,6431,2006,2.7000,6,1000,1000,1,28915.6459,0.0000,0.8978,4196.0533,0.0000,0.1190,8.5930,0.0000,0.0156,33120.2922,0.0000,1.0323,33120.2930,25,0
64320.0000,6432,2000,2.7000,0,1000,1000,1,28919.8877,0.0000,0.8977,4196.7841,0.0000,0.1190,8.5916,0.0000,0.0156,33125.2634,0.0000,1.0324,33125.2617,24,0
64330.0000,6433,2001,2.7000,1,1000,1000,1,28923.7121,0.0000,0.8977,4196.1317,0.0000,0.1190,8.5903,0.0000,0.0156,33128.4341,0.0000,1.0323,33128.4336,24,0
64340.0000,6434,2001,2.7000,1,1000,1000,1,28928.0328,0.0000,0.8977,4197.6725,0.0000,0.1190,8.5890,0.0000,0.0156,33134.2943,0.0000,1.0324,33134.2930,24,0
64350.0000,6435,2003,2.7000,3,1000,1000,1,28934.2313,0.0000,0.8978,4198.4127,0.0000,0.1190,8.5876,0.0000,0.0156,33141.2317,0.0000,1.0324,33141.2305,24,0
64360.0000,6436,2008,2.7000,8,1000,1000,1,28938.1782,0.0000,0.8978,4197.7604,0.0000,0.1190,8.5863,0.0000,0.0156,33144.5249,0.0000,1.0324,33144.5234,25,0
64370.0000,6437,2003,2.7000,3,1000,1000,1,28942.7681,0.0000,0.8977,4197.1083,0.0000,0.1190,8.5850,0.0000,0.0156,33148.4613,0.0000,1.0323,33148.4609,24,0
64380.0000,6438,2009,2.7000,9,1000,1000,1,28946.9302,0.0000,0.8978,4196.4563,0.0000,0.1190,8.5836,0.0000,0.0156,33151.9702,0.0000,1.0324,33151.9688,25,0
64390.0000,6439,2007,2.7000,7,1000,1000,1,28951.9264,0.0000,0.8979,4195.8046,0.0000,0.1190,8.5823,0.0000,0.0156,33156.3133,0.0000,1.0324,33156.3125,25,0
64400.0000,6440,2003,2.7000,3,1000,1000,1,28955.3463,0.0000,0.8978,4195.1531,0.0000,0.1189,8.5810,0.0000,0.0156,33159.0804,0.0000,1.0323,33159.0820,24,0
64410.0000,6441,1998,2.7000,0,998,1000,1,28959.3225,0.0000,0.8977,4201.7452,0.0000,0.1189,8.5796,0.0000,0.0156,33169.6473,0.0000,1.0323,33169.6484,24,0
64420.0000,6442,1999,2.7000,0,999,1000,1,28963.5046,0.0000,0.8977,4201.2362,0.0000,0.1190,8.5783,0.0000,0.0156,33173.3191,0.0000,1.0322,33173.3203,24,0
64430.0000,6443,2001,2.7000,1,1000,1000,1,28969.2499,0.0000,0.8977,4202.7653,0.0000,0.1190,8.5770,0.0000,0.0156,33180.5921,0.0000,1.0323,33180.5938,24,0
64440.0000,6444,2004,2.7000,4,1000,1000,1,28974.3356,0.0000,0.8978,4202.1131,0.0000,0.1190,8.5756,0.0000,0.0156,33185.0243,0.0000,1.0323,33185.0234,24,0
64450.0000,6445,2005,2.7000,5,1000,1000,1,28977.5374,0.0000,0.8978,4201.4611,0.0000,0.1190,8.5743,0.0000,0.0156,33187.5728,0.0000,1.0323,33187.5742,24,0
64460.0000,6446,2006,2.7000,6,1000,1000,1,28983.3783,0.0000,0.8978,4200.8093,0.0000,0.1190,8.5730,0.0000,0.0156,33192.7605,0.0000,1.0324,33192.7617,25,0
64470.0000,6447,2001,2.7000,1,1000,1000,1,28986.1097,0.0000,0.8978,4200.1577,0.0000,0.1190,8.5716,0.0000,0.0156,33194.8390,0.0000,1.0323,33194.8398,24,0
64480.0000,6448,2003,2.7000,3,1000,1000,1,28991.8352,0.0000,0.8979,4199.5063,0.0000,0.1189,8.5703,0.0000,0.0156,33199.9118,0.0000,1.0324,33199.9102,24,0
64490.0000,6449,2000,2.7000,0,1000,1000,1,28995.2841,0.0000,0.8979,4198.8551,0.0000,0.1189,8.5690,0.0000,0.0156,33202.7082,0.0000,1.0323,33202.7070,24,0
64500.0000,6450,2012,2.7000,12,1000,1000,1,29000.9753,0.0000,0.8980,4198.2041,0.0000,0.1189,8.5677,0.0000,0.0156,33207.7470,0.0000,1.0324,33207.7461,25,0
64510.0000,6451,2011,2.7000,11,1000,1000,1,29002.9138,0.0000,0.8980,4197.5533,0.0000,0.1189,8.5663,0.0000,0.0155,33209.0335,0.0000,1.0324,33209.0352,25,0
64520.0000,6452,2011,2.7000,11,1000,1000,1,29009.3698,0.0000,0.8980,4196.9027,0.0000,0.1189,8.5650,0.0000,0.0155,33214.8375,0.0000,1.0324,33214.8359,25,0
64530.0000,6453,2016,2.7000,16,1000,1000,1,29014.1652,0.0000,0.8981,4196.2524,0.0000,0.1188,8.5637,0.0000,0.0155,33218.9812,0.0000,1.0325,33218.9805,25,0
64540.0000,6454,2014,2.7000,14,1000,1000,1,29019.0129,0.0000,0.8981,4195.6022,0.0000,0.1188,8.5624,0.0000,0.0155,33223.1774,0.0000,1.0324,33223.1758,25,0
64550.0000,6455,2013,2.7000,13,1000,1000,1,29022.7853,0.0000,0.8981,4194.9522,0.0000,0.1188,8.5610,0.0000,0.0155,33226.2985,0.0000,1.0325,33226.2969,25,0
64560.0000,6456,2021,2.7000,21,1000,1000,1,29027.5677,0.0000,0.8982,4194.3024,0.0000,0.1188,8.5597,0.0000,0.0155,33230.4298,0.0000,1.0325,33230.4297,26,0
64570.0000,6457,2025,2.7000,25,1000,1000,1,29032.0859,0.0000,0.8983,4193.6529,0.0000,0.1188,8.5584,0.0000,0.0155,33234.2971,0.0000,1.0326,33234.2969,26,0
64580.0000,6458,2024,2.7000,24,1000,1000,1,29036.1911,0.0000,0.8983,4193.0035,0.0000,0.1188,8.5570,0.0000,0.0155,33237.7516,0.0000,1.0326,33237.7500,26,0
64590.0000,6459,2029,2.7000,29,1000,1000,1,29040.6646,0.0000,0.8983,4192.3543,0.0000,0.1187,8.5557,0.0000,0.0155,33241.5746,0.0000,1.0326,33241.5742,26,0
64600.0000,6460,2034,2.7000,34,1000,1000,1,29045.3686,0.0000,0.8983,4191.7053,0.0000,0.1187,8.5544,0.0000,0.0155,33245.6284,0.0000,1.0326,33245.6289,26,0
64610.0000,6461,2031,2.7000,31,1000,1000,1,29050.7589,0.0000,0.8983,4191.0566,0.0000,0.1187,8.5531,0.0000,0.0155,33250.3686,0.0000,1.0325,33250.3672,26,0
64620.0000,6462,2037,2.7000,37,1000,1000,1,29053.9362,0.0000,0.8983,4190.4080,0.0000,0.1187,8.5518,0.0000,0.0155,33252.8959,0.0000,1.0325,33252.8945,26,0
64630.0000,6463,2036,2.7000,36,1000,1000,1,29059.0507,0.0000,0.8983,4189.7596,0.0000,0.1187,8.5504,0.0000,0.0155,33257.3608,0.0000,1.0325,33257.3594,26,0
64640.0000,6464,2026,2.7000,26,1000,1000,1,29057.8623,0.0000,0.8982,4189.1115,0.0000,0.1186,8.5491,0.0000,0.0155,33255.5228,0.0000,1.0323,33255.5234,26,0
64650.0000,6465,2025,2.7000,25,1000,1000,1,29068.8564,0.0000,0.8982,4188.4635,0.0000,0.1186,8.5478,0.0000,0.0155,33265.8677,0.0000,1.0323,33265.8672,26,0
64660.0000,6466,2023,2.7000,23,1000,1000,1,29072.4372,0.0000,0.8982,4187.8157,0.0000,0.1186,8.5465,0.0000,0.0155,33268.7994,0.0000,1.0323,33268.8008,26,0
64670.0000,6467,2026,2.7000,26,1000,1000,1,29077.3192,0.0000,0.8982,4187.1682,0.0000,0.1186,8.5451,0.0000,0.0155,33273.0325,0.0000,1.0323,33273.0312,26,0
64680.0000,6468,2025,2.7000,25,1000,1000,1,29080.8353,0.0000,0.8982,4186.5208,0.0000,0.1186,8.5438,0.0000,0.0155,33275.8999,0.0000,1.0323,33275.8984,26,0
64690.0000,6469,2023,2.7000,23,1000,1000,1,29084.7815,0.0000,0.8982,4185.8736,0.0000,0.1186,8.5425,0.0000,0.0155,33279.1976,0.0000,1.0323,33279.1992,26,0
64700.0000,6470,2030,2.7000,30,1000,1000,1,29090.7123,0.0000,0.8983,4185.2267,0.0000,0.1185,8.5412,0.0000,0.0155,33284.4802,0.0000,1.0323,33284.4805,26,0
64710.0000,6471,2034,2.7000,34,1000,1000,1,29095.3671,0.0000,0.8984,4184.5799,0.0000,0.1185,8.5399,0.0000,0.0155,33288.4869,0.0000,1.0324,33288.4883,26,0
64720.0000,6472,2031,2.7000,31,1000,1000,1,29098.2669,0.0000,0.8984,4183.9333,0.0000,0.1185,8.5385,0.0000,0.0155,33290.7388,0.0000,1.0324,33290.7383,26,0
64730.0000,6473,2037,2.7000,37,1000,1000,1,29102.8923,0.0000,0.8984,4183.2870,0.0000,0.1185,8.5372,0.0000,0.0155,33294.7165,0.0000,1.0324,33294.7148,26,0
64740.0000,6474,2030,2.7000,30,1000,1000,1,29108.6106,0.0000,0.8983,4182.6408,0.0000,0.1185,8.5359,0.0000,0.0155,33299.7873,0.0000,1.0323,33299.7891,26,0
64750.0000,6475,2020,2.7000,20,1000,1000,1,29112.3166,0.0000,0.8983,4181.9948,0.0000,0.1184,8.5346,0.0000,0.0155,33302.8460,0.0000,1.0322,33302.8477,25,0
64760.0000,6476,2022,2.7000,22,1000,1000,1,29115.8476,0.0000,0.8982,4181.3491,0.0000,0.1184,8.5333,0.0000,0.0155,33305.7299,0.0000,1.0321,33305.7305,26,0
64770.0000,6477,2023,2.7000,23,1000,1000,1,29122.3245,0.0000,0.8982,4180.7035,0.0000,0.1184,8.5319,0.0000,0.0155,33311.5599,0.0000,1.0321,33311.5586,26,0
64780.0000,6478,2017,2.7000,17,1000,1000,1,29126.1348,0.0000,0.8982,4180.0581,0.0000,0.1184,8.5306,0.0000,0.0155,33314.7236,0.0000,1.0321,33314.7227,25,0
64790.0000,6479,2015,2.7000,15,1000,1000,1,29131.5330,0.0000,0.8982,4179.4130,0.0000,0.1184,8.5293,0.0000,0.0155,33319.4753,0.0000,1.0320,33319.4766,25,0
64800.0000,6480,2019,2.7000,19,1000,1000,1,29135.7473,0.0000,0.8982,4178.7680,0.0000,0.1183,8.5280,0.0000,0.0155,33323.0432,0.0000,1.0320,33323.0430,25,0
64810.0000,6481,2017,2.7000,17,1000,1000,1,29137.9785,0.0000,0.8982,4178.1232,0.0000,0.1183,8.5267,0.0000,0.0155,33324.6284,0.0000,1.0320,33324.6289,25,0
64820.0000,6482,2016,2.7000,16,1000,1000,1,29144.1254,0.0000,0.8982,4177.4786,0.0000,0.1183,8.5254,0.0000,0.0155,33330.1294,0.0000,1.0320,33330.1289,25,0
64830.0000,6483,2016,2.7000,16,1000,1000,1,29149.4142,0.0000,0.8981,4176.8343,0.0000,0.1183,8.5241,0.0000,0.0155,33334.7725,0.0000,1.0319,33334.7734,25,0
64840.0000,6484,2017,2.7000,17,1000,1000,1,29153.7997,0.0000,0.8982,4176.1901,0.0000,0.1183,8.5227,0.0000,0.0155,33338.5125,0.0000,1.0319,33338.5117,25,0
64850.0000,6485,2011,2.7000,11,1000,1000,1,29156.7765,0.0000,0.8982,4175.5461,0.0000,0.1183,8.5214,0.0000,0.0155,33340.8440,0.0000,1.0319,33340.8438,25,0
64860.0000,6486,2007,2.7000,7,1000,1000,1,29162.4937,0.0000,0.8982,4174.9023,0.0000,0.1182,8.5201,0.0000,0.0155,33345.9161,0.0000,1.0319,33345.9180,25,0
64870.0000,6487,2007,2.7000,7,1000,1000,1,29166.5513,0.0000,0.8982,4174.2588,0.0000,0.1182,8.5188,0.0000,0.0155,33349.3288,0.0000,1.0318,33349.3281,25,0
64880.0000,6488,2006,2.7000,6,1000,1000,1,29169.6714,0.0000,0.8981,4173.6154,0.0000,0.1182,8.5175,0.0000,0.0155,33351.8043,0.0000,1.0318,33351.8047,25,0
64890.0000,6489,2004,2.7000,4,1000,1000,1,29176.3235,0.0000,0.8981,4172.9722,0.0000,0.1182,8.5162,0.0000,0.0155,33357.8119,0.0000,1.0317,33357.8125,24,0
64900.0000,6490,2003,2.7000,3,1000,1000,1,29179.8396,0.0000,0.8982,4172.3292,0.0000,0.1182,8.5149,0.0000,0.0155,33360.6836,0.0000,1.0318,33360.6836,24,0
64910.0000,6491,2005,2.7000,5,1000,1000,1,29185.3682,0.0000,0.8982,4171.6864,0.0000,0.1181,8.5135,0.0000,0.0155,33365.5681,0.0000,1.0318,33365.5664,24,0
64920.0000,6492,2009,2.7000,9,1000,1000,1,29188.6140,0.0000,0.8982,4171.0438,0.0000,0.1181,8.5122,0.0000,0.0154,33368.1701,0.0000,1.0318,33368.1719,25,0
64930.0000,6493,2003,2.7000,3,1000,1000,1,29194.4636,0.0000,0.8981,4170.4014,0.0000,0.1181,8.5109,0.0000,0.0154,33373.3759,0.0000,1.0317,33373.3750,24,0
64940.0000,6494,2000,2.7000,0,1000,1000,1,29197.1398,0.0000,0.8980,4230.1084,0.0000,0.1182,8.5096,0.0000,0.0154,33435.7578,0.0000,1.0317,33435.7578,24,0
64950.0000,6495,2004,2.7000,4,1000,1000,1,29201.8198,0.0000,0.8980,4230.0674,0.0000,0.1182,8.5083,0.0000,0.0154,33440.3955,0.0000,1.0317,33440.3945,24,0
64960.0000,6496,2009,2.7000,9,1000,1000,1,29206.6587,0.0000,0.8980,4229.4162,0.0000,0.1182,8.5070,0.0000,0.0154,33444.5819,0.0000,1.0317,33444.5820,25,0
64970.0000,6497,2010,2.7000,10,1000,1000,1,29212.1781,0.0000,0.8981,4228.7652,0.0000,0.1182,8.5057,0.0000,0.0154,33449.4490,0.0000,1.0317,33449.4492,25,0
64980.0000,6498,2013,2.7000,13,1000,1000,1,29216.4805,0.0000,0.8981,4228.1144,0.0000,0.1182,8.5044,0.0000,0.0154,33453.0993,0.0000,1.0317,33453.0977,25,0
64990.0000,6499,2011,2.7000,11,1000,1000,1,29220.6116,0.0000,0.8980,4227.4638,0.0000,0.1182,8.5031,0.0000,0.0154,33456.5785,0.0000,1.0316,33456.5781,25,0
65000.0000,6500,2005,2.7000,5,1000,1000,1,29223.9840,0.0000,0.8980,4226.8135,0.0000,0.1181,8.5018,0.0000,0.0154,33459.2992,0.0000,1.0315,33459.3008,24,0
65010.0000,6501,2002,2.7000,2,1000,1000,1,29229.2457,0.0000,0.8980,4226.1633,0.0000,0.1181,8.5005,0.0000,0.0154,33463.9094,0.0000,1.0315,33463.9102,24,0
65020.0000,6502,2006,2.7000,6,1000,1000,1,29233.8418,0.0000,0.8979,4225.5133,0.0000,0.1181,8.4991,0.0000,0.0154,33467.8542,0.0000,1.0315,33467.8555,25,0
65030.0000,6503,2004,2.7000,4,1000,1000,1,29238.1467,0.0000,0.8979,4224.8635,0.0000,0.1181,8.4978,0.0000,0.0154,33471.5081,0.0000,1.0314,33471.5078,24,0
65040.0000,6504,2006,2.7000,6,1000,1000,1,29241.3666,0.0000,0.8979,4224.2139,0.0000,0.1181,8.4965,0.0000,0.0154,33474.0770,0.0000,1.0314,33474.0781,25,0
65050.0000,6505,2007,2.7000,7,1000,1000,1,29247.1958,0.0000,0.8979,4223.5646,0.0000,0.1180,8.4952,0.0000,0.0154,33479.2556,0.0000,1.0314,33479.2539,25,0
65060.0000,6506,2002,2.7000,2,1000,1000,1,29251.9545,0.0000,0.8978,4222.9154,0.0000,0.1180,8.4939,0.0000,0.0154,33483.3638,0.0000,1.0312,33483.3633,24,0
65070.0000,6507,2002,2.7000,2,1000,1000,1,29254.7216,0.0000,0.8977,4236.5534,0.0000,0.1181,8.4926,0.0000,0.0154,33499.7675,0.0000,1.0312,33499.7656,24,0
65080.0000,6508,2000,2.7000,1,999,1000,1,29259.0446,0.0000,0.8977,4237.3289,0.0000,0.1181,8.4913,0.0000,0.0154,33504.8648,0.0000,1.0312,33504.8633,24,0
65090.0000,6509,1999,2.7000,0,999,1000,1,29265.2754,0.0000,0.8977,4237.9033,0.0000,0.1182,8.4900,0.0000,0.0154,33511.6686,0.0000,1.0313,33511.6680,24,0
65100.0000,6510,2002,2.7000,4,998,1000,1,29270.3185,0.0000,0.8977,4238.2280,0.0000,0.1183,8.4887,0.0000,0.0154,33517.0352,0.0000,1.0314,33517.0352,24,0
65110.0000,6511,2004,2.7000,4,1000,1000,1,29274.9547,0.0000,0.8977,4238.1582,0.0000,0.1183,8.4874,0.0000,0.0154,33521.6003,0.0000,1.0314,33521.6016,24,0
65120.0000,6512,2004,2.7000,4,1000,1000,1,29278.4022,0.0000,0.8977,4237.5074,0.0000,0.1183,8.4861,0.0000,0.0154,33524.3957,0.0000,1.0314,33524.3945,24,0
65130.0000,6513,1997,2.7000,0,997,1000,1,29281.8074,0.0000,0.8977,4239.8625,0.0000,0.1183,8.4848,0.0000,0.0154,33530.1548,0.0000,1.0314,33530.1562,24,0
65140.0000,6514,1998,2.7000,1,997,1000,1,29286.5217,0.0000,0.8977,4239.9647,0.0000,0.1183,8.4835,0.0000,0.0154,33534.9698,0.0000,1.0314,33534.9688,24,0
65150.0000,6515,1999,2.7000,0,999,1000,1,29292.7782,0.0000,0.8977,4241.2383,0.0000,0.1184,8.4822,0.0000,0.0154,33542.4987,0.0000,1.0315,33542.5000,24,0
65160.0000,6516,2001,2.7000,1,1000,1000,1,29296.5831,0.0000,0.8977,4241.5042,0.0000,0.1185,8.4809,0.0000,0.0154,33546.5681,0.0000,1.0316,33546.5664,24,0
65170.0000,6517,2000,2.7000,1,999,1000,1,29302.0506,0.0000,0.8976,4242.2727,0.0000,0.1186,8.4796,0.0000,0.0154,33552.8028,0.0000,1.0316,33552.8047,24,0
65180.0000,6518,2001,2.7000,1,1000,1000,1,29305.5760,0.0000,0.8976,4242.8252,0.0000,0.1186,8.4783,0.0000,0.0154,33556.8795,0.0000,1.0316,33556.8789,24,0
65190.0000,6519,2001,2.7000,1,1000,1000,1,29310.1323,0.0000,0.8977,4242.9558,0.0000,0.1187,8.4770,0.0000,0.0154,33561.5651,0.0000,1.0317,33561.5664,24,0
65200.0000,6520,2002,2.7000,2,1000,1000,1,29315.1143,0.0000,0.8977,4243.4977,0.0000,0.1187,8.4757,0.0000,0.0154,33567.0877,0.0000,1.0317,33567.0859,24,0
65210.0000,6521,2008,2.7000,8,1000,1000,1,29319.8948,0.0000,0.8977,4243.8091,0.0000,0.1187,8.4744,0.0000,0.0154,33572.1783,0.0000,1.0318,33572.1797,25,0
65220.0000,6522,2009,2.7000,9,1000,1000,1,29321.1412,0.0000,0.8977,4243.1584,0.0000,0.1187,8.4731,0.0000,0.0154,33572.7727,0.0000,1.0317,33572.7734,25,0
65230.0000,6523,2007,2.7000,7,1000,1000,1,29328.9198,0.0000,0.8977,4242.5080,0.0000,0.1186,8.4718,0.0000,0.0154,33579.8995,0.0000,1.0317,33579.8984,25,0
65240.0000,6524,2005,2.7000,5,1000,1000,1,29330.7383,0.0000,0.8977,4241.8577,0.0000,0.1186,8.4705,0.0000,0.0154,33581.0664,0.0000,1.0317,33581.0664,24,0
65250.0000,6525,2000,2.7000,0,1000,1000,1,29334.3052,0.0000,0.8976,4241.2076,0.0000,0.1186,8.4692,0.0000,0.0154,33583.9820,0.0000,1.0316,33583.9805,24,0
65260.0000,6526,2005,2.7000,5,1000,1000,1,29341.1487,0.0000,0.8977,4246.3215,0.0000,0.1186,8.4679,0.0000,0.0154,33595.9381,0.0000,1.0317,33595.9375,24,0
65270.0000,6527,2003,2.7000,3,1000,1000,1,29346.4697,0.0000,0.8976,4245.6709,0.0000,0.1186,8.4666,0.0000,0.0154,33600.6072,0.0000,1.0316,33600.6055,24,0
65280.0000,6528,2000,2.7000,0,1000,1000,1,29349.6847,0.0000,0.8976,4247.9876,0.0000,0.1186,8.4653,0.0000,0.0154,33606.1375,0.0000,1.0316,33606.1367,24,0
65290.0000,6529,2002,2.7000,2,1000,1000,1,29353.5211,0.0000,0.8976,4247.9910,0.0000,0.1186,8.4640,0.0000,0.0154,33609.9761,0.0000,1.0316,33609.9766,24,0
65300.0000,6530,2001,2.7000,1,1000,1000,1,29358.7176,0.0000,0.8976,4247.3405,0.0000,0.1186,8.4627,0.0000,0.0154,33614.5208,0.0000,1.0315,33614.5195,24,0
65310.0000,6531,1998,2.7000,0,998,1000,1,29363.3678,0.0000,0.8976,4249.6358,0.0000,0.1186,8.4614,0.0000,0.0154,33621.4650,0.0000,1.0315,33621.4648,24,0
65320.0000,6532,2001,2.7000,1,1000,1000,1,29368.0557,0.0000,0.8975,4249.6963,0.0000,0.1186,8.4601,0.0000,0.0154,33626.2122,0.0000,1.0315,33626.2109,24,0
65330.0000,6533,2002,2.7000,3,999,1000,1,29373.7068,0.0000,0.8976,4250.8743,0.0000,0.1186,8.4588,0.0000,0.0154,33633.0399,0.0000,1.0315,33633.0391,24,0
65340.0000,6534,2002,2.7000,2,1000,1000,1,29376.4642,0.0000,0.8975,4251.0319,0.0000,0.1187,8.4575,0.0000,0.0154,33635.9536,0.0000,1.0315,33635.9531,24,0
65350.0000,6535,2002,2.7000,3,999,1000,1,29381.9735,0.0000,0.8976,4250.3814,0.0000,0.1186,8.4562,0.0000,0.0153,33640.8112,0.0000,1.0316,33640.8125,24,0
65360.0000,6536,2011,2.7000,11,1000,1000,1,29386.4365,0.0000,0.8977,4251.4545,0.0000,0.1186,8.4549,0.0000,0.0153,33646.3459,0.0000,1.0317,33646.3477,25,0
65370.0000,6537,2010,2.7000,10,1000,1000,1,29390.5022,0.0000,0.8977,4250.8041,0.0000,0.1186,8.4536,0.0000,0.0153,33649.7600,0.0000,1.0316,33649.7617,25,0
65380.0000,6538,2007,2.7000,7,1000,1000,1,29395.2482,0.0000,0.8977,4250.1539,0.0000,0.1186,8.4523,0.0000,0.0153,33653.8545,0.0000,1.0316,33653.8555,25,0
65390.0000,6539,2001,2.7000,1,1000,1000,1,29400.4740,0.0000,0.8977,4249.5040,0.0000,0.1186,8.4511,0.0000,0.0153,33658.4290,0.0000,1.0316,33658.4297,24,0
65400.0000,6540,2008,2.7000,8,1000,1000,1,29405.0900,0.0000,0.8978,4248.8542,0.0000,0.1186,8.4498,0.0000,0.0153,33662.3939,0.0000,1.0317,33662.3945,25,0
65410.0000,6541,2009,2.7000,9,1000,1000,1,29409.1381,0.0000,0.8978,4248.2046,0.0000,0.1185,8.4485,0.0000,0.0153,33665.7912,0.0000,1.0317,33665.7930,25,0
65420.0000,6542,2012,2.7000,12,1000,1000,1,29413.2760,0.0000,0.8978,4247.5553,0.0000,0.1185,8.4472,0.0000,0.0153,33669.2784,0.0000,1.0317,33669.2773,25,0
65430.0000,6543,2018,2.7000,18,1000,1000,1,29417.8825,0.0000,0.8979,4246.9061,0.0000,0.1185,8.4459,0.0000,0.0153,33673.2345,0.0000,1.0318,33673.2344,25,0
65440.0000,6544,2011,2.7000,11,1000,1000,1,29422.9270,0.0000,0.8980,4246.2571,0.0000,0.1185,8.4446,0.0000,0.0153,33677.6287,0.0000,1.0318,33677.6289,25,0
65450.0000,6545,2013,2.7000,13,1000,1000,1,29427.0188,0.0000,0.8980,4245.6083,0.0000,0.1185,8.4433,0.0000,0.0153,33681.0705,0.0000,1.0318,33681.0703,25,0
65460.0000,6546,2012,2.7000,12,1000,1000,1,29431.4848,0.0000,0.8979,4244.9597,0.0000,0.1185,8.4420,0.0000,0.0153,33684.8865,0.0000,1.0317,33684.8867,25,0
65470.0000,6547,2013,2.7000,13,1000,1000,1,29436.4251,0.0000,0.8980,4244.3114,0.0000,0.1184,8.4407,0.0000,0.0153,33689.1772,0.0000,1.0317,33689.1758,25,0
65480.0000,6548,2013,2.7000,13,1000,1000,1,29440.1821,0.0000,0.8980,4243.6632,0.0000,0.1184,8.4394,0.0000,0.0153,33692.2847,0.0000,1.0317,33692.2852,25,0
65490.0000,6549,2013,2.7000,13,1000,1000,1,29444.5033,0.0000,0.8980,4243.0152,0.0000,0.1184,8.4381,0.0000,0.0153,33695.9566,0.0000,1.0317,33695.9570,25,0
65500.0000,6550,2009,2.7000,9,1000,1000,1,29446.1099,0.0000,0.8979,4242.3674,0.0000,0.1184,8.4369,0.0000,0.0153,33696.9142,0.0000,1.0316,33696.9141,25,0
65510.0000,6551,2007,2.7000,7,1000,1000,1,29453.5539,0.0000,0.8979,4241.7198,0.0000,0.1184,8.4356,0.0000,0.0153,33703.7093,0.0000,1.0316,33703.7109,25,0
65520.0000,6552,2016,2.7000,16,1000,1000,1,29458.5953,0.0000,0.8980,4241.0724,0.0000,0.1183,8.4343,0.0000,0.0153,33708.1020,0.0000,1.0317,33708.1016,25,0
65530.0000,6553,2007,2.7000,7,1000,1000,1,29463.0726,0.0000,0.8980,4240.4252,0.0000,0.1183,8.4330,0.0000,0.0153,33711.9308,0.0000,1.0316,33711.9297,25,0
65540.0000,6554,2003,2.7000,3,1000,1000,1,29466.0771,0.0000,0.8980,4239.7782,0.0000,0.1183,8.4317,0.0000,0.0153,33714.2870,0.0000,1.0316,33714.2852,24,0
65550.0000,6555,2003,2.7000,3,1000,1000,1,29471.9199,0.0000,0.8980,4239.1314,0.0000,0.1183,8.4304,0.0000,0.0153,33719.4817,0.0000,1.0316,33719.4805,24,0
65560.0000,6556,2002,2.7000,2,1000,1000,1,29476.4148,0.0000,0.8980,4263.1381,0.0000,0.1183,8.4291,0.0000,0.0153,33747.9820,0.0000,1.0317,33747.9805,24,0
65570.0000,6557,2007,2.7000,7,1000,1000,1,29479.5781,0.0000,0.8980,4262.4880,0.0000,0.1183,8.4279,0.0000,0.0153,33750.4939,0.0000,1.0316,33750.4922,25,0
65580.0000,6558,2010,2.7000,10,1000,1000,1,29485.3741,0.0000,0.8981,4261.8380,0.0000,0.1183,8.4266,0.0000,0.0153,33755.6387,0.0000,1.0316,33755.6367,25,0
65590.0000,6559,2008,2.7000,8,1000,1000,1,29490.0468,0.0000,0.8981,4261.1882,0.0000,0.1183,8.4253,0.0000,0.0153,33759.6603,0.0000,1.0317,33759.6602,25,0
65600.0000,6560,2001,2.7000,1,1000,1000,1,29494.4839,0.0000,0.8980,4265.1900,0.0000,0.1183,8.4240,0.0000,0.0153,33768.0980,0.0000,1.0316,33768.0977,24,0
65610.0000,6561,2004,2.7000,4,1000,1000,1,29499.2432,0.0000,0.8980,4264.8794,0.0000,0.1183,8.4227,0.0000,0.0153,33772.5453,0.0000,1.0316,33772.5469,24,0
65620.0000,6562,2009,2.7000,9,1000,1000,1,29503.0996,0.0000,0.8981,4264.2295,0.0000,0.1183,8.4214,0.0000,0.0153,33775.7505,0.0000,1.0317,33775.7500,25,0
65630.0000,6563,2010,2.7000,10,1000,1000,1,29507.5043,0.0000,0.8981,4263.5798,0.0000,0.1183,8.4201,0.0000,0.0153,33779.5042,0.0000,1.0317,33779.5039,25,0
65640.0000,6564,2008,2.7000,8,1000,1000,1,29512.4642,0.0000,0.8981,4262.9302,0.0000,0.1183,8.4189,0.0000,0.0153,33783.8133,0.0000,1.0316,33783.8125,25,0
65650.0000,6565,2006,2.7000,6,1000,1000,1,29514.9826,0.0000,0.8981,4262.2809,0.0000,0.1182,8.4176,0.0000,0.0153,33785.6811,0.0000,1.0316,33785.6797,25,0
65660.0000,6566,2002,2.7000,2,1000,1000,1,29519.7645,0.0000,0.8981,4261.6317,0.0000,0.1182,8.4163,0.0000,0.0153,33789.8125,0.0000,1.0315,33789.8125,24,0
65670.0000,6567,2000,2.7000,0,1000,1000,1,29524.7483,0.0000,0.8981,4268.6296,0.0000,0.1182,8.4150,0.0000,0.0153,33801.7930,0.0000,1.0315,33801.7930,24,0
65680.0000,6568,2004,2.7000,4,1000,1000,1,29530.6267,0.0000,0.8981,4269.3576,0.0000,0.1183,8.4137,0.0000,0.0153,33808.3981,0.0000,1.0316,33808.3984,24,0
65690.0000,6569,2007,2.7000,7,1000,1000,1,29534.6564,0.0000,0.8981,4268.7077,0.0000,0.1182,8.4125,0.0000,0.0153,33811.7766,0.0000,1.0316,33811.7773,25,0
65700.0000,6570,2010,2.7000,10,1000,1000,1,29538.5532,0.0000,0.8981,4268.0580,0.0000,0.1182,8.4112,0.0000,0.0153,33815.0223,0.0000,1.0316,33815.0234,25,0
65710.0000,6571,1999,2.7000,0,999,1000,1,29542.2460,0.0000,0.8981,4267.4085,0.0000,0.1182,8.4099,0.0000,0.0153,33818.0643,0.0000,1.0316,33818.0625,24,0
65720.0000,6572,2000,2.7000,2,998,1000,1,29547.0989,0.0000,0.8981,4271.3404,0.0000,0.1182,8.4086,0.0000,0.0153,33826.8479,0.0000,1.0316,33826.8477,24,0
65730.0000,6573,2003,2.7000,3,1000,1000,1,29552.8138,0.0000,0.8981,4272.1406,0.0000,0.1183,8.4073,0.0000,0.0153,33833.3617,0.0000,1.0316,33833.3633,24,0
65740.0000,6574,2007,2.7000,7,1000,1000,1,29556.5367,0.0000,0.8981,4271.4907,0.0000,0.1183,8.4061,0.0000,0.0153,33836.4334,0.0000,1.0316,33836.4336,25,0
65750.0000,6575,2009,2.7000,9,1000,1000,1,29561.7161,0.0000,0.8981,4270.8410,0.0000,0.1182,8.4048,0.0000,0.0153,33840.9619,0.0000,1.0316,33840.9609,25,0
65760.0000,6576,2014,2.7000,14,1000,1000,1,29565.4919,0.0000,0.8982,4270.1916,0.0000,0.1182,8.4035,0.0000,0.0153,33844.0870,0.0000,1.0317,33844.0859,25,0
65770.0000,6577,2010,2.7000,10,1000,1000,1,29568.2612,0.0000,0.8982,4269.5423,0.0000,0.1182,8.4022,0.0000,0.0153,33846.2058,0.0000,1.0316,33846.2070,25,0
65780.0000,6578,2008,2.7000,8,1000,1000,1,29574.1871,0.0000,0.8981,4268.8933,0.0000,0.1182,8.4009,0.0000,0.0152,33851.4813,0.0000,1.0316,33851.4805,25,0
65790.0000,6579,2007,2.7000,7,1000,1000,1,29579.0904,0.0000,0.8982,4268.2444,0.0000,0.1182,8.3997,0.0000,0.0152,33855.7344,0.0000,1.0316,33855.7344,25,0
65800.0000,6580,2005,2.7000,5,1000,1000,1,29583.8640,0.0000,0.8982,4267.5957,0.0000,0.1181,8.3984,0.0000,0.0152,33859.8581,0.0000,1.0316,33859.8594,24,0
65810.0000,6581,2009,2.7000,9,1000,1000,1,29587.1557,0.0000,0.8982,4266.9473,0.0000,0.1181,8.3971,0.0000,0.0152,33862.5000,0.0000,1.0315,33862.5000,25,0
65820.0000,6582,2015,2.7000,15,1000,1000,1,29593.3029,0.0000,0.8982,4266.2990,0.0000,0.1181,8.3958,0.0000,0.0152,33867.9977,0.0000,1.0316,33867.9961,25,0
65830.0000,6583,2017,2.7000,17,1000,1000,1,29597.4365,0.0000,0.8982,4265.6509,0.0000,0.1181,8.3946,0.0000,0.0152,33871.4820,0.0000,1.0316,33871.4805,25,0
65840.0000,6584,2021,2.7000,21,1000,1000,1,29602.2402,0.0000,0.8982,4265.0030,0.0000,0.1181,8.3933,0.0000,0.0152,33875.6365,0.0000,1.0315,33875.6367,26,0
65850.0000,6585,2024,2.7000,24,1000,1000,1,29605.1369,0.0000,0.8982,4264.3553,0.0000,0.1181,8.3920,0.0000,0.0152,33877.8843,0.0000,1.0315,33877.8828,26,0
65860.0000,6586,2026,2.7000,26,1000,1000,1,29611.1127,0.0000,0.8983,4263.7078,0.0000,0.1180,8.3907,0.0000,0.0152,33883.2113,0.0000,1.0316,33883.2109,26,0
65870.0000,6587,2025,2.7000,25,1000,1000,1,29615.4117,0.0000,0.8983,4263.0606,0.0000,0.1180,8.3895,0.0000,0.0152,33886.8617,0.0000,1.0315,33886.8633,26,0
65880.0000,6588,2021,2.7000,21,1000,1000,1,29619.6058,0.0000,0.8982,4262.4135,0.0000,0.1180,8.3882,0.0000,0.0152,33890.4075,0.0000,1.0315,33890.4062,26,0
65890.0000,6589,2027,2.7000,27,1000,1000,1,29624.6942,0.0000,0.8983,4261.7666,0.0000,0.1180,8.3869,0.0000,0.0152,33894.8477,0.0000,1.0315,33894.8477,26,0
65900.0000,6590,2022,2.7000,22,1000,1000,1,29628.9781,0.0000,0.8983,4261.1199,0.0000,0.1180,8.3856,0.0000,0.0152,33898.4836,0.0000,1.0315,33898.4844,26,0
65910.0000,6591,2018,2.7000,18,1000,1000,1,29632.8296,0.0000,0.8983,4260.4734,0.0000,0.1179,8.3844,0.0000,0.0152,33901.6873,0.0000,1.0315,33901.6875,25,0
65920.0000,6592,2015,2.7000,15,1000,1000,1,29637.8466,0.0000,0.8983,4259.8270,0.0000,0.1179,8.3831,0.0000,0.0152,33906.0567,0.0000,1.0314,33906.0586,25,0
65930.0000,6593,2022,2.7000,22,1000,1000,1,29641.8728,0.0000,0.8984,4259.1809,0.0000,0.1179,8.3818,0.0000,0.0152,33909.4356,0.0000,1.0315,33909.4375,26,0
65940.0000,6594,2021,2.7000,21,1000,1000,1,29646.8533,0.0000,0.8984,4258.5350,0.0000,0.1179,8.3806,0.0000,0.0152,33913.7689,0.0000,1.0315,33913.7695,26,0
65950.0000,6595,2015,2.7000,15,1000,1000,1,29651.4205,0.0000,0.8983,4257.8893,0.0000,0.1179,8.3793,0.0000,0.0152,33917.6891,0.0000,1.0314,33917.6875,25,0
65960.0000,6596,2023,2.7000,23,1000,1000,1,29656.1159,0.0000,0.8984,4257.2438,0.0000,0.1179,8.3780,0.0000,0.0152,33921.7377,0.0000,1.0314,33921.7383,26,0
65970.0000,6597,2024,2.7000,24,1000,1000,1,29659.6611,0.0000,0.8983,4256.5984,0.0000,0.1178,8.3768,0.0000,0.0152,33924.6363,0.0000,1.0314,33924.6367,26,0
65980.0000,6598,2021,2.7000,21,1000,1000,1,29665.1033,0.0000,0.8983,4255.9533,0.0000,0.1178,8.3755,0.0000,0.0152,33929.4321,0.0000,1.0314,33929.4336,26,0
65990.0000,6599,2019,2.7000,19,1000,1000,1,29667.7095,0.0000,0.8983,4255.3084,0.0000,0.1178,8.3742,0.0000,0.0152,33931.3921,0.0000,1.0313,33931.3906,25,0
66000.0000,6600,2019,2.7000,19,1000,1000,1,29672.9725,0.0000,0.8984,4254.6636,0.0000,0.1178,8.3729,0.0000,0.0152,33936.0091,0.0000,1.0313,33936.0078,25,0
66010.0000,6601,2012,2.7000,12,1000,1000,1,29675.9941,0.0000,0.8983,4254.0191,0.0000,0.1178,8.3717,0.0000,0.0152,33938.3848,0.0000,1.0313,33938.3867,25,0
66020.0000,6602,2008,2.7000,8,1000,1000,1,29682.3344,0.0000,0.8983,4253.3747,0.0000,0.1178,8.3704,0.0000,0.0152,33944.0795,0.0000,1.0312,33944.0781,25,0
66030.0000,6603,2006,2.7000,6,1000,1000,1,29686.9137,0.0000,0.8983,4252.7306,0.0000,0.1177,8.3691,0.0000,0.0152,33948.0134,0.0000,1.0312,33948.0117,25,0
66040.0000,6604,2012,2.7000,12,1000,1000,1,29690.5981,0.0000,0.8983,4252.0866,0.0000,0.1177,8.3679,0.0000,0.0152,33951.0525,0.0000,1.0312,33951.0508,25,0
66050.0000,6605,2015,2.7000,15,1000,1000,1,29695.5656,0.0000,0.8984,4251.4428,0.0000,0.1177,8.3666,0.0000,0.0152,33955.3750,0.0000,1.0312,33955.3750,25,0
66060.0000,6606,2009,2.7000,9,1000,1000,1,29700.3929,0.0000,0.8983,4250.7993,0.0000,0.1177,8.3653,0.0000,0.0152,33959.5575,0.0000,1.0312,33959.5586,25,0
66070.0000,6607,2010,2.7000,10,1000,1000,1,29705.5143,0.0000,0.8984,4250.1559,0.0000,0.1177,8.3641,0.0000,0.0152,33964.0343,0.0000,1.0312,33964.0352,25,0
66080.0000,6608,2011,2.7000,11,1000,1000,1,29709.9489,0.0000,0.8984,4249.5127,0.0000,0.1176,8.3628,0.0000,0.0152,33967.8244,0.0000,1.0313,33967.8242,25,0
66090.0000,6609,2012,2.7000,12,1000,1000,1,29714.5444,0.0000,0.8985,4248.8697,0.0000,0.1176,8.3615,0.0000,0.0152,33971.7757,0.0000,1.0313,33971.7773,25,0
66100.0000,6610,2003,2.7000,3,1000,1000,1,29718.8139,0.0000,0.8984,4248.2269,0.0000,0.1176,8.3603,0.0000,0.0152,33975.4010,0.0000,1.0312,33975.4023,24,0
66110.0000,6611,2007,2.7000,7,1000,1000,1,29723.2055,0.0000,0.8985,4247.5843,0.0000,0.1176,8.3590,0.0000,0.0152,33979.1488,0.0000,1.0312,33979.1484,25,0
66120.0000,6612,2004,2.7000,4,1000,1000,1,29726.8666,0.0000,0.8984,4246.9419,0.0000,0.1176,8.3577,0.0000,0.0152,33982.1663,0.0000,1.0312,33982.1680,24,0
66130.0000,6613,2000,2.7000,1,999,1000,1,29731.8945,0.0000,0.8984,4293.3849,0.0000,0.1176,8.3565,0.0000,0.0152,34033.6359,0.0000,1.0311,34033.6367,24,0
66140.0000,6614,1994,2.7000,0,994,1000,1,29735.4163,0.0000,0.8983,4293.7435,0.0000,0.1176,8.3552,0.0000,0.0152,34037.5150,0.0000,1.0311,34037.5156,24,0
66150.0000,6615,2002,2.7000,2,1000,1000,1,29740.7481,0.0000,0.8983,4294.3045,0.0000,0.1177,8.3540,0.0000,0.0152,34043.4066,0.0000,1.0312,34043.4062,24,0
66160.0000,6616,1999,2.7000,0,999,1000,1,29743.3495,0.0000,0.8983,4293.6555,0.0000,0.1177,8.3527,0.0000,0.0152,34045.3577,0.0000,1.0312,34045.3594,24,0
66170.0000,6617,2004,2.7000,4,1000,1000,1,29750.3154,0.0000,0.8985,4295.3854,0.0000,0.1177,8.3514,0.0000,0.0152,34054.0522,0.0000,1.0313,34054.0508,24,0
66180.0000,6618,2004,2.7000,4,1000,1000,1,29752.6370,0.0000,0.8984,4294.7364,0.0000,0.1177,8.3502,0.0000,0.0152,34055.7236,0.0000,1.0313,34055.7227,24,0
66190.0000,6619,2003,2.7000,3,1000,1000,1,29759.4413,0.0000,0.8984,4296.2399,0.0000,0.1177,8.3489,0.0000,0.0152,34064.0301,0.0000,1.0313,34064.0312,24,0
66200.0000,6620,2000,2.7000,1,999,1000,1,29763.8309,0.0000,0.8985,4295.5909,0.0000,0.1177,8.3476,0.0000,0.0152,34067.7694,0.0000,1.0313,34067.7695,24,0
66210.0000,6621,2001,2.7000,1,1000,1000,1,29768.4189,0.0000,0.8985,4296.7100,0.0000,0.1177,8.3464,0.0000,0.0151,34073.4753,0.0000,1.0313,34073.4766,24,0
66220.0000,6622,2000,2.7000,0,1000,1000,1,29772.3418,0.0000,0.8986,4297.4838,0.0000,0.1177,8.3451,0.0000,0.0151,34078.1708,0.0000,1.0314,34078.1719,24,0
66230.0000,6623,2002,2.7000,3,999,1000,1,29777.3530,0.0000,0.8986,4298.4614,0.0000,0.1178,8.3439,0.0000,0.0151,34084.1583,0.0000,1.0315,34084.1602,24,0
66240.0000,6624,2001,2.7000,1,1000,1000,1,29777.6884,0.0000,0.8985,4298.6952,0.0000,0.1179,8.3426,0.0000,0.0151,34084.7263,0.0000,1.0315,34084.7266,24,0
66250.0000,6625,2002,2.7000,2,1000,1000,1,29786.0954,0.0000,0.8985,4298.0464,0.0000,0.1178,8.3413,0.0000,0.0151,34092.4831,0.0000,1.0315,34092.4844,24,0
66260.0000,6626,2000,2.7000,1,999,1000,1,29789.5749,0.0000,0.8985,4297.3977,0.0000,0.1178,8.3401,0.0000,0.0151,34095.3126,0.0000,1.0314,34095.3125,24,0
66270.0000,6627,2004,2.7000,4,1000,1000,1,29794.9095,0.0000,0.8985,4299.8363,0.0000,0.1179,8.3388,0.0000,0.0151,34103.0846,0.0000,1.0314,34103.0859,24,0
66280.0000,6628,1999,2.7000,0,999,1000,1,29798.4403,0.0000,0.8984,4301.3471,0.0000,0.1179,8.3376,0.0000,0.0151,34108.1249,0.0000,1.0314,34108.1250,24,0
66290.0000,6629,2002,2.7000,2,1000,1000,1,29802.5119,0.0000,0.8984,4300.8433,0.0000,0.1179,8.3363,0.0000,0.0151,34111.6915,0.0000,1.0315,34111.6914,24,0
66300.0000,6630,2002,2.7000,2,1000,1000,1,29806.9579,0.0000,0.8984,4301.4932,0.0000,0.1179,8.3351,0.0000,0.0151,34116.7861,0.0000,1.0314,34116.7852,24,0
66310.0000,6631,2000,2.7000,0,1000,1000,1,29812.3777,0.0000,0.8983,4300.8445,0.0000,0.1179,8.3338,0.0000,0.0151,34121.5560,0.0000,1.0314,34121.5547,24,0
66320.0000,6632,1999,2.7000,0,999,1000,1,29814.9518,0.0000,0.8984,4303.2641,0.0000,0.1179,8.3325,0.0000,0.0151,34126.5485,0.0000,1.0314,34126.5469,24,0
66330.0000,6633,2004,2.7000,4,1000,1000,1,29822.0385,0.0000,0.8984,4303.5514,0.0000,0.1180,8.3313,0.0000,0.0151,34133.9212,0.0000,1.0314,34133.9219,24,0
66340.0000,6634,2001,2.7000,1,1000,1000,1,29825.2607,0.0000,0.8983,4302.9027,0.0000,0.1179,8.3300,0.0000,0.0151,34136.4934,0.0000,1.0314,34136.4922,24,0
66350.0000,6635,2002,2.7000,2,1000,1000,1,29829.7763,0.0000,0.8983,4302.2542,0.0000,0.1179,8.3288,0.0000,0.0151,34140.3592,0.0000,1.0313,34140.3594,24,0
66360.0000,6636,2000,2.7000,0,1000,1000,1,29834.0044,0.0000,0.8983,4301.6059,0.0000,0.1179,8.3275,0.0000,0.0151,34143.9378,0.0000,1.0313,34143.9375,24,0
66370.0000,6637,1999,2.7000,0,999,1000,1,29837.4915,0.0000,0.8983,4300.9577,0.0000,0.1179,8.3263,0.0000,0.0151,34146.7755,0.0000,1.0313,34146.7773,24,0
66380.0000,6638,1999,2.7000,0,999,1000,1,29840.9685,0.0000,0.8983,4306.5948,0.0000,0.1179,8.3250,0.0000,0.0151,34155.8884,0.0000,1.0313,34155.8867,24,0
66390.0000,6639,1997,2.7000,0,997,1000,1,29848.5934,0.0000,0.8983,4307.1354,0.0000,0.1180,8.3238,0.0000,0.0151,34164.0526,0.0000,1.0314,34164.0508,24,0
66400.0000,6640,2009,2.7000,9,1000,1000,1,29853.6676,0.0000,0.8984,4306.9695,0.0000,0.1181,8.3225,0.0000,0.0151,34168.9595,0.0000,1.0316,34168.9609,25,0
66410.0000,6641,2007,2.7000,7,1000,1000,1,29857.7590,0.0000,0.8984,4306.3209,0.0000,0.1181,8.3213,0.0000,0.0151,34172.4011,0.0000,1.0315,34172.4023,25,0
66420.0000,6642,2005,2.7000,5,1000,1000,1,29861.2852,0.0000,0.8984,4305.6726,0.0000,0.1180,8.3200,0.0000,0.0151,34175.2778,0.0000,1.0315,34175.2773,24,0
66430.0000,6643,2005,2.7000,5,1000,1000,1,29865.2128,0.0000,0.8983,4305.0244,0.0000,0.1180,8.3187,0.0000,0.0151,34178.5559,0.0000,1.0314,34178.5547,24,0
66440.0000,6644,2004,2.7000,4,1000,1000,1,29870.7728,0.0000,0.8984,4304.3765,0.0000,0.1180,8.3175,0.0000,0.0151,34183.4667,0.0000,1.0315,34183.4648,24,0
66450.0000,6645,2004,2.7000,4,1000,1000,1,29875.8693,0.0000,0.8983,4310.1257,0.0000,0.1180,8.3162,0.0000,0.0151,34194.3113,0.0000,1.0314,34194.3125,24,0
66460.0000,6646,2004,2.7000,4,1000,1000,1,29878.2964,0.0000,0.8983,4309.4772,0.0000,0.1180,8.3150,0.0000,0.0151,34196.0886,0.0000,1.0314,34196.0898,24,0
66470.0000,6647,2004,2.7000,4,1000,1000,1,29885.0601,0.0000,0.8983,4310.9068,0.0000,0.1180,8.3137,0.0000,0.0151,34204.2806,0.0000,1.0314,34204.2812,24,0
66480.0000,6648,2011,2.7000,11,1000,1000,1,29889.2886,0.0000,0.8984,4310.2584,0.0000,0.1180,8.3125,0.0000,0.0151,34207.8594,0.0000,1.0315,34207.8594,25,0
66490.0000,6649,2021,2.7000,21,1000,1000,1,29893.2296,0.0000,0.8985,4309.6101,0.0000,0.1180,8.3112,0.0000,0.0151,34211.1509,0.0000,1.0315,34211.1523,26,0
66500.0000,6650,2022,2.7000,22,1000,1000,1,29898.3554,0.0000,0.8985,4308.9620,0.0000,0.1179,8.3100,0.0000,0.0151,34215.6274,0.0000,1.0315,34215.6289,26,0
66510.0000,6651,2017,2.7000,17,1000,1000,1,29902.6312,0.0000,0.8985,4308.3142,0.0000,0.1179,8.3087,0.0000,0.0151,34219.2541,0.0000,1.0315,34219.2539,25,0
66520.0000,6652,2020,2.7000,20,1000,1000,1,29907.0399,0.0000,0.8985,4307.6665,0.0000,0.1179,8.3075,0.0000,0.0151,34223.0139,0.0000,1.0315,34223.0156,25,0
66530.0000,6653,2021,2.7000,21,1000,1000,1,29911.6396,0.0000,0.8985,4307.0190,0.0000,0.1179,8.3062,0.0000,0.0151,34226.9649,0.0000,1.0315,34226.9648,26,0
66540.0000,6654,2012,2.7000,12,1000,1000,1,29916.4862,0.0000,0.8985,4306.3717,0.0000,0.1179,8.3050,0.0000,0.0151,34231.1630,0.0000,1.0315,34231.1641,25,0
66550.0000,6655,2016,2.7000,16,1000,1000,1,29920.5922,0.0000,0.8985,4305.7247,0.0000,0.1179,8.3037,0.0000,0.0151,34234.6207,0.0000,1.0315,34234.6211,25,0
66560.0000,6656,2020,2.7000,20,1000,1000,1,29924.4440,0.0000,0.8986,4305.0778,0.0000,0.1178,8.3025,0.0000,0.0151,34237.8242,0.0000,1.0315,34237.8242,25,0
66570.0000,6657,2018,2.7000,18,1000,1000,1,29928.0469,0.0000,0.8985,4304.4311,0.0000,0.1178,8.3013,0.0000,0.0151,34240.7793,0.0000,1.0313,34240.7773,25,0
66580.0000,6658,2014,2.7000,14,1000,1000,1,29930.9513,0.0000,0.8984,4303.7846,0.0000,0.1178,8.3000,0.0000,0.0151,34243.0359,0.0000,1.0313,34243.0352,25,0
66590.0000,6659,2013,2.7000,13,1000,1000,1,29938.7996,0.0000,0.8984,4303.1382,0.0000,0.1178,8.2988,0.0000,0.0151,34250.2366,0.0000,1.0313,34250.2383,25,0
66600.0000,6660,2014,2.7000,14,1000,1000,1,29942.4424,0.0000,0.8984,4302.4921,0.0000,0.1178,8.2975,0.0000,0.0151,34253.2321,0.0000,1.0312,34253.2305,25,0
66610.0000,6661,2013,2.7000,13,1000,1000,1,29944.7622,0.0000,0.8984,4301.8462,0.0000,0.1177,8.2963,0.0000,0.0151,34254.9046,0.0000,1.0312,34254.9062,25,0
66620.0000,6662,2006,2.7000,6,1000,1000,1,29951.7343,0.0000,0.8983,4301.2005,0.0000,0.1177,8.2950,0.0000,0.0151,34261.2298,0.0000,1.0311,34261.2305,25,0
66630.0000,6663,1999,2.7000,0,999,1000,1,29955.8399,0.0000,0.8983,4300.5549,0.0000,0.1177,8.2938,0.0000,0.0151,34264.6886,0.0000,1.0311,34264.6875,24,0
66640.0000,6664,2004,2.7000,4,1000,1000,1,29960.4681,0.0000,0.8984,4319.3376,0.0000,0.1177,8.2925,0.0000,0.0151,34288.0983,0.0000,1.0311,34288.0977,24,0
66650.0000,6665,2009,2.7000,9,1000,1000,1,29965.1012,0.0000,0.8984,4318.6896,0.0000,0.1177,8.2913,0.0000,0.0150,34292.0820,0.0000,1.0312,34292.0820,25,0
66660.0000,6666,2008,2.7000,8,1000,1000,1,29968.5009,0.0000,0.8984,4318.0417,0.0000,0.1177,8.2900,0.0000,0.0150,34294.8327,0.0000,1.0311,34294.8320,25,0
66670.0000,6667,2003,2.7000,3,1000,1000,1,29974.7714,0.0000,0.8984,4317.3940,0.0000,0.1177,8.2888,0.0000,0.0150,34300.4542,0.0000,1.0311,34300.4531,24,0
66680.0000,6668,1998,2.7000,0,998,1000,1,29978.3158,0.0000,0.8984,4322.3595,0.0000,0.1177,8.2876,0.0000,0.0150,34308.9628,0.0000,1.0311,34308.9609,24,0
66690.0000,6669,2002,2.7000,2,1000,1000,1,29983.4763,0.0000,0.8985,4322.3164,0.0000,0.1177,8.2863,0.0000,0.0150,34314.0790,0.0000,1.0312,34314.0781,24,0
66700.0000,6670,2006,2.7000,6,1000,1000,1,29988.2342,0.0000,0.8985,4321.6684,0.0000,0.1177,8.2851,0.0000,0.0150,34318.1877,0.0000,1.0312,34318.1875,25,0
66710.0000,6671,2000,2.7000,0,1000,1000,1,29992.1087,0.0000,0.8985,4323.9769,0.0000,0.1177,8.2838,0.0000,0.0150,34324.3694,0.0000,1.0312,34324.3711,24,0
66720.0000,6672,2007,2.7000,7,1000,1000,1,29997.0398,0.0000,0.8986,4323.3289,0.0000,0.1176,8.2826,0.0000,0.0150,34328.6512,0.0000,1.0312,34328.6523,25,0
66730.0000,6673,2009,2.7000,9,1000,1000,1,30001.7427,0.0000,0.8986,4322.6810,0.0000,0.1176,8.2813,0.0000,0.0150,34332.7050,0.0000,1.0312,34332.7031,25,0
66740.0000,6674,2000,2.7000,0,1000,1000,1,30004.2847,0.0000,0.8985,4322.0333,0.0000,0.1176,8.2801,0.0000,0.0150,34334.5980,0.0000,1.0312,34334.5977,24,0
66750.0000,6675,2005,2.7000,5,1000,1000,1,30010.6405,0.0000,0.8985,4326.1413,0.0000,0.1177,8.2789,0.0000,0.0150,34345.0607,0.0000,1.0313,34345.0625,24,0
66760.0000,6676,2005,2.7000,5,1000,1000,1,30014.3334,0.0000,0.8985,4325.4933,0.0000,0.1177,8.2776,0.0000,0.0150,34348.1043,0.0000,1.0312,34348.1055,24,0
66770.0000,6677,2006,2.7000,6,1000,1000,1,30019.3305,0.0000,0.8985,4324.8455,0.0000,0.1177,8.2764,0.0000,0.0150,34352.4524,0.0000,1.0312,34352.4531,25,0
66780.0000,6678,2007,2.7000,7,1000,1000,1,30023.8693,0.0000,0.8985,4324.1979,0.0000,0.1177,8.2751,0.0000,0.0150,34356.3423,0.0000,1.0312,34356.3438,25,0
66790.0000,6679,2006,2.7000,6,1000,1000,1,30025.5317,0.0000,0.8985,4323.5504,0.0000,0.1176,8.2739,0.0000,0.0150,34357.3561,0.0000,1.0312,34357.3555,25,0
66800.0000,6680,2004,2.7000,4,1000,1000,1,30031.8088,0.0000,0.8985,4322.9032,0.0000,0.1176,8.2727,0.0000,0.0150,34362.9846,0.0000,1.0311,34362.9844,24,0
66810.0000,6681,2008,2.7000,8,1000,1000,1,30037.4005,0.0000,0.8985,4322.2561,0.0000,0.1176,8.2714,0.0000,0.0150,34367.9281,0.0000,1.0311,34367.9297,25,0
66820.0000,6682,2003,2.7000,3,1000,1000,1,30040.1313,0.0000,0.8984,4321.6093,0.0000,0.1176,8.2702,0.0000,0.0150,34370.0108,0.0000,1.0310,34370.0117,24,0
66830.0000,6683,2003,2.7000,3,1000,1000,1,30045.8293,0.0000,0.8984,4330.3924,0.0000,0.1177,8.2690,0.0000,0.0150,34384.4907,0.0000,1.0311,34384.4922,24,0
66840.0000,6684,1999,2.7000,1,998,1000,1,30051.0842,0.0000,0.8984,4330.8701,0.0000,0.1177,8.2677,0.0000,0.0150,34390.2220,0.0000,1.0310,34390.2227,24,0
66850.0000,6685,2002,2.7000,2,1000,1000,1,30055.5895,0.0000,0.8984,4331.1578,0.0000,0.1177,8.2665,0.0000,0.0150,34395.0137,0.0000,1.0311,34395.0156,24,0
66860.0000,6686,2001,2.7000,1,1000,1000,1,30058.2127,0.0000,0.8984,4331.9728,0.0000,0.1177,8.2652,0.0000,0.0150,34398.4507,0.0000,1.0311,34398.4492,24,0
66870.0000,6687,1997,2.7000,3,994,1000,1,30064.4283,0.0000,0.8984,4332.5877,0.0000,0.1178,8.2640,0.0000,0.0150,34405.2801,0.0000,1.0311,34405.2812,24,0
66880.0000,6688,2005,2.7000,5,1000,1000,1,30068.4923,0.0000,0.8984,4332.9343,0.0000,0.1179,8.2628,0.0000,0.0150,34409.6894,0.0000,1.0313,34409.6875,24,0
66890.0000,6689,2002,2.7000,2,1000,1000,1,30073.3340,0.0000,0.8984,4332.2866,0.0000,0.1178,8.2615,0.0000,0.0150,34413.8821,0.0000,1.0313,34413.8828,24,0
66900.0000,6690,2007,2.7000,7,1000,1000,1,30077.7467,0.0000,0.8985,4331.6390,0.0000,0.1178,8.2603,0.0000,0.0150,34417.6460,0.0000,1.0313,34417.6445,25,0
66910.0000,6691,2010,2.7000,10,1000,1000,1,30081.1838,0.0000,0.8985,4330.9916,0.0000,0.1178,8.2591,0.0000,0.0150,34420.4345,0.0000,1.0313,34420.4336,25,0
66920.0000,6692,2014,2.7000,14,1000,1000,1,30086.4722,0.0000,0.8986,4330.3444,0.0000,0.1178,8.2578,0.0000,0.0150,34425.0744,0.0000,1.0314,34425.0742,25,0
66930.0000,6693,2007,2.7000,7,1000,1000,1,30090.4284,0.0000,0.8987,4329.6974,0.0000,0.1178,8.2566,0.0000,0.0150,34428.3824,0.0000,1.0314,34428.3828,25,0
66940.0000,6694,2000,2.7000,0,1000,1000,1,30094.8562,0.0000,0.8986,4336.0225,0.0000,0.1178,8.2554,0.0000,0.0150,34439.1340,0.0000,1.0313,34439.1328,24,0
66950.0000,6695,2000,2.7000,0,1000,1000,1,30099.2216,0.0000,0.8986,4336.1406,0.0000,0.1178,8.2541,0.0000,0.0150,34443.6163,0.0000,1.0314,34443.6172,24,0
66960.0000,6696,2009,2.7000,9,1000,1000,1,30105.0008,0.0000,0.8987,4336.3701,0.0000,0.1178,8.2529,0.0000,0.0150,34449.6238,0.0000,1.0314,34449.6250,25,0
66970.0000,6697,2015,2.7000,15,1000,1000,1,30109.3243,0.0000,0.8987,4335.7226,0.0000,0.1178,8.2517,0.0000,0.0150,34453.2986,0.0000,1.0315,34453.2969,25,0
66980.0000,6698,2008,2.7000,8,1000,1000,1,30112.6361,0.0000,0.8987,4335.0752,0.0000,0.1177,8.2504,0.0000,0.0150,34455.9618,0.0000,1.0314,34455.9609,25,0
66990.0000,6699,2004,2.7000,4,1000,1000,1,30117.5975,0.0000,0.8986,4334.4281,0.0000,0.1177,8.2492,0.0000,0.0150,34460.2748,0.0000,1.0313,34460.2734,24,0
67000.0000,6700,2009,2.7000,9,1000,1000,1,30122.2551,0.0000,0.8987,4338.9225,0.0000,0.1177,8.2480,0.0000,0.0150,34469.4255,0.0000,1.0314,34469.4258,25,0
67010.0000,6701,2013,2.7000,13,1000,1000,1,30127.5165,0.0000,0.8988,4338.2750,0.0000,0.1177,8.2467,0.0000,0.0150,34474.0382,0.0000,1.0314,34474.0391,25,0
67020.0000,6702,2007,2.7000,7,1000,1000,1,30129.9541,0.0000,0.8987,4337.6277,0.0000,0.1177,8.2455,0.0000,0.0150,34475.8273,0.0000,1.0314,34475.8281,25,0
67030.0000,6703,2003,2.7000,3,1000,1000,1,30136.4582,0.0000,0.8987,4336.9805,0.0000,0.1177,8.2443,0.0000,0.0150,34481.6830,0.0000,1.0314,34481.6836,24,0
67040.0000,6704,2004,2.7000,4,1000,1000,1,30139.9239,0.0000,0.8987,4336.3336,0.0000,0.1176,8.2431,0.0000,0.0150,34484.5006,0.0000,1.0313,34484.5000,24,0
67050.0000,6705,2002,2.7000,2,1000,1000,1,30144.8711,0.0000,0.8987,4335.6869,0.0000,0.1176,8.2418,0.0000,0.0150,34488.7998,0.0000,1.0312,34488.8008,24,0
67060.0000,6706,2003,2.7000,3,1000,1000,1,30148.2881,0.0000,0.8987,4341.8591,0.0000,0.1176,8.2406,0.0000,0.0150,34498.3878,0.0000,1.0312,34498.3867,24,0
67070.0000,6707,2002,2.7000,2,1000,1000,1,30152.9468,0.0000,0.8987,4343.1346,0.0000,0.1176,8.2394,0.0000,0.0150,34504.3208,0.0000,1.0313,34504.3203,24,0
67080.0000,6708,2006,2.7000,6,1000,1000,1,30158.8579,0.0000,0.8988,4342.4872,0.0000,0.1176,8.2381,0.0000,0.0150,34509.5832,0.0000,1.0314,34509.5820,25,0
67090.0000,6709,2004,2.7000,4,1000,1000,1,30160.0872,0.0000,0.8987,4341.8399,0.0000,0.1176,8.2369,0.0000,0.0150,34510.1640,0.0000,1.0313,34510.1641,24,0
67100.0000,6710,2006,2.7000,6,1000,1000,1,30167.3578,0.0000,0.8987,4341.1928,0.0000,0.1176,8.2357,0.0000,0.0149,34516.7863,0.0000,1.0313,34516.7852,25,0
67110.0000,6711,2011,2.7000,11,1000,1000,1,30169.5523,0.0000,0.8988,4340.5460,0.0000,0.1176,8.2345,0.0000,0.0149,34518.3327,0.0000,1.0313,34518.3320,25,0
67120.0000,6712,2011,2.7000,11,1000,1000,1,30176.5183,0.0000,0.8988,4339.8993,0.0000,0.1176,8.2332,0.0000,0.0149,34524.6508,0.0000,1.0313,34524.6523,25,0
67130.0000,6713,2010,2.7000,10,1000,1000,1,30181.3134,0.0000,0.8988,4339.2528,0.0000,0.1175,8.2320,0.0000,0.0149,34528.7982,0.0000,1.0313,34528.7969,25,0
67140.0000,6714,2006,2.7000,6,1000,1000,1,30185.7073,0.0000,0.8988,4338.6065,0.0000,0.1175,8.2308,0.0000,0.0149,34532.5446,0.0000,1.0312,34532.5430,25,0
67150.0000,6715,2008,2.7000,8,1000,1000,1,30189.5866,0.0000,0.8988,4337.9604,0.0000,0.1175,8.2295,0.0000,0.0149,34535.7766,0.0000,1.0312,34535.7773,25,0
67160.0000,6716,2010,2.7000,10,1000,1000,1,30194.0788,0.0000,0.8989,4337.3145,0.0000,0.1175,8.2283,0.0000,0.0149,34539.6216,0.0000,1.0313,34539.6211,25,0
67170.0000,6717,2006,2.7000,6,1000,1000,1,30198.3378,0.0000,0.8989,4336.6687,0.0000,0.1175,8.2271,0.0000,0.0149,34543.2337,0.0000,1.0312,34543.2344,25,0
67180.0000,6718,2008,2.7000,8,1000,1000,1,30203.7996,0.0000,0.8989,4336.0232,0.0000,0.1174,8.2259,0.0000,0.0149,34548.0487,0.0000,1.0312,34548.0469,25,0
67190.0000,6719,2004,2.7000,4,1000,1000,1,30206.2352,0.0000,0.8989,4335.3779,0.0000,0.1174,8.2247,0.0000,0.0149,34549.8377,0.0000,1.0312,34549.8359,24,0
67200.0000,6720,2010,2.7000,10,1000,1000,1,30210.4174,0.0000,0.8989,4334.7327,0.0000,0.1174,8.2234,0.0000,0.0149,34553.3735,0.0000,1.0312,34553.3750,25,0
67210.0000,6721,2014,2.7000,14,1000,1000,1,30214.0889,0.0000,0.8989,4334.0878,0.0000,0.1174,8.2222,0.0000,0.0149,34556.3989,0.0000,1.0312,34556.3984,25,0
67220.0000,6722,2017,2.7000,17,1000,1000,1,30221.6250,0.0000,0.8989,4333.4430,0.0000,0.1174,8.2210,0.0000,0.0149,34563.2890,0.0000,1.0312,34563.2891,25,0
67230.0000,6723,2018,2.7000,18,1000,1000,1,30226.0708,0.0000,0.8989,4332.7984,0.0000,0.1174,8.2198,0.0000,0.0149,34567.0890,0.0000,1.0312,34567.0898,25,0
67240.0000,6724,2023,2.7000,23,1000,1000,1,30230.4322,0.0000,0.8990,4332.1541,0.0000,0.1173,8.2185,0.0000,0.0149,34570.8048,0.0000,1.0313,34570.8047,26,0
67250.0000,6725,2022,2.7000,22,1000,1000,1,30235.2808,0.0000,0.8990,4331.5099,0.0000,0.1173,8.2173,0.0000,0.0149,34575.0080,0.0000,1.0312,34575.0078,26,0
67260.0000,6726,2019,2.7000,19,1000,1000,1,30236.6777,0.0000,0.8990,4330.8659,0.0000,0.1173,8.2161,0.0000,0.0149,34575.7597,0.0000,1.0312,34575.7578,25,0
67270.0000,6727,2013,2.7000,13,1000,1000,1,30242.9334,0.0000,0.8990,4330.2221,0.0000,0.1173,8.2149,0.0000,0.0149,34581.3703,0.0000,1.0312,34581.3711,25,0
67280.0000,6728,2018,2.7000,18,1000,1000,1,30248.6064,0.0000,0.8990,4329.5785,0.0000,0.1173,8.2136,0.0000,0.0149,34586.3986,0.0000,1.0312,34586.3984,25,0
67290.0000,6729,2011,2.7000,11,1000,1000,1,30252.2467,0.0000,0.8990,4328.9350,0.0000,0.1173,8.2124,0.0000,0.0149,34589.3942,0.0000,1.0311,34589.3945,25,0
67300.0000,6730,2013,2.7000,13,1000,1000,1,30252.5367,0.0000,0.8990,4328.2918,0.0000,0.1172,8.2112,0.0000,0.0149,34589.0397,0.0000,1.0311,34589.0391,25,0
67310.0000,6731,2013,2.7000,13,1000,1000,1,30261.9748,0.0000,0.8990,4327.6488,0.0000,0.1172,8.2100,0.0000,0.0149,34597.8335,0.0000,1.0311,34597.8320,25,0
67320.0000,6732,2006,2.7000,6,1000,1000,1,30266.7922,0.0000,0.8990,4327.0059,0.0000,0.1172,8.2088,0.0000,0.0149,34602.0069,0.0000,1.0311,34602.0078,25,0
67330.0000,6733,2001,2.7000,1,1000,1000,1,30270.9433,0.0000,0.8990,4356.7081,0.0000,0.1172,8.2075,0.0000,0.0149,34635.8590,0.0000,1.0311,34635.8594,24,0
67340.0000,6734,2000,2.7000,2,998,1000,1,30272.3765,0.0000,0.8989,4356.0611,0.0000,0.1172,8.2063,0.0000,0.0149,34636.6440,0.0000,1.0310,34636.6445,24,0
67350.0000,6735,2002,2.7000,2,1000,1000,1,30279.8946,0.0000,0.8989,4356.8985,0.0000,0.1172,8.2051,0.0000,0.0149,34644.9982,0.0000,1.0310,34645.0000,24,0
67360.0000,6736,2003,2.7000,3,1000,1000,1,30284.4394,0.0000,0.8989,4357.8962,0.0000,0.1172,8.2039,0.0000,0.0149,34650.5395,0.0000,1.0310,34650.5391,24,0
67370.0000,6737,2004,2.7000,4,1000,1000,1,30289.2556,0.0000,0.8989,4358.0744,0.0000,0.1172,8.2027,0.0000,0.0149,34655.5327,0.0000,1.0310,34655.5312,24,0
67380.0000,6738,2003,2.7000,3,1000,1000,1,30292.6958,0.0000,0.8989,4357.4276,0.0000,0.1172,8.2015,0.0000,0.0149,34658.3249,0.0000,1.0310,34658.3242,24,0
67390.0000,6739,2006,2.7000,6,1000,1000,1,30297.4113,0.0000,0.8989,4356.7810,0.0000,0.1172,8.2002,0.0000,0.0149,34662.3926,0.0000,1.0310,34662.3945,25,0
67400.0000,6740,2003,2.7000,3,1000,1000,1,30302.6192,0.0000,0.8989,4356.1346,0.0000,0.1172,8.1990,0.0000,0.0149,34666.9529,0.0000,1.0310,34666.9531,24,0
67410.0000,6741,2004,2.7000,4,1000,1000,1,30306.2696,0.0000,0.8990,4360.8992,0.0000,0.1172,8.1978,0.0000,0.0149,34675.3666,0.0000,1.0311,34675.3672,24,0
67420.0000,6742,2009,2.7000,9,1000,1000,1,30310.9373,0.0000,0.8992,4360.2523,0.0000,0.1172,8.1966,0.0000,0.0149,34679.3863,0.0000,1.0312,34679.3867,25,0
67430.0000,6743,2002,2.7000,2,1000,1000,1,30316.0755,0.0000,0.8991,4359.6057,0.0000,0.1172,8.1954,0.0000,0.0149,34683.8766,0.0000,1.0311,34683.8750,24,0
67440.0000,6744,2005,2.7000,5,1000,1000,1,30320.6927,0.0000,0.8991,4358.9593,0.0000,0.1172,8.1942,0.0000,0.0149,34687.8462,0.0000,1.0312,34687.8477,24,0
67450.0000,6745,1999,2.7000,0,999,1000,1,30323.3514,0.0000,0.8991,4363.0508,0.0000,0.1172,8.1929,0.0000,0.0149,34694.5951,0.0000,1.0311,34694.5938,24,0
67460.0000,6746,2002,2.7000,2,1000,1000,1,30328.3874,0.0000,0.8991,4362.6627,0.0000,0.1172,8.1917,0.0000,0.0149,34699.2419,0.0000,1.0311,34699.2422,24,0
67470.0000,6747,2003,2.7000,4,999,1000,1,30333.6403,0.0000,0.8991,4364.0837,0.0000,0.1172,8.1905,0.0000,0.0149,34705.9145,0.0000,1.0312,34705.9141,24,0
67480.0000,6748,2008,2.7000,8,1000,1000,1,30337.0928,0.0000,0.8990,4363.7927,0.0000,0.1172,8.1893,0.0000,0.0149,34709.0748,0.0000,1.0311,34709.0742,25,0
67490.0000,6749,2009,2.7000,9,1000,1000,1,30341.8614,0.0000,0.8991,4363.1461,0.0000,0.1172,8.1881,0.0000,0.0149,34713.1955,0.0000,1.0311,34713.1953,25,0
67500.0000,6750,2006,2.7000,6,1000,1000,1,30347.3385,0.0000,0.8990,4362.4997,0.0000,0.1172,8.1869,0.0000,0.0149,34718.0250,0.0000,1.0311,34718.0234,25,0
67510.0000,6751,2006,2.7000,6,1000,1000,1,30352.1404,0.0000,0.8991,4361.8535,0.0000,0.1172,8.1857,0.0000,0.0149,34722.1795,0.0000,1.0311,34722.1797,25,0
67520.0000,6752,2012,2.7000,12,1000,1000,1,30355.8614,0.0000,0.8991,4361.2075,0.0000,0.1172,8.1845,0.0000,0.0149,34725.2533,0.0000,1.0311,34725.2539,25,0
67530.0000,6753,2017,2.7000,17,1000,1000,1,30360.9984,0.0000,0.8991,4360.5616,0.0000,0.1171,8.1832,0.0000,0.0149,34729.7432,0.0000,1.0311,34729.7422,25,0
67540.0000,6754,2023,2.7000,23,1000,1000,1,30365.6154,0.0000,0.8992,4359.9160,0.0000,0.1171,8.1820,0.0000,0.0149,34733.7134,0.0000,1.0312,34733.7148,26,0
67550.0000,6755,2025,2.7000,25,1000,1000,1,30368.9148,0.0000,0.8992,4359.2706,0.0000,0.1171,8.1808,0.0000,0.0148,34736.3662,0.0000,1.0311,34736.3672,26,0
67560.0000,6756,2030,2.7000,30,1000,1000,1,30374.4505,0.0000,0.8993,4358.6253,0.0000,0.1171,8.1796,0.0000,0.0148,34741.2555,0.0000,1.0312,34741.2539,26,0
67570.0000,6757,2021,2.7000,21,1000,1000,1,30376.7047,0.0000,0.8993,4357.9803,0.0000,0.1171,8.1784,0.0000,0.0148,34742.8633,0.0000,1.0312,34742.8633,26,0
67580.0000,6758,2021,2.7000,21,1000,1000,1,30382.9140,0.0000,0.8993,4357.3354,0.0000,0.1171,8.1772,0.0000,0.0148,34748.4266,0.0000,1.0312,34748.4258,26,0
67590.0000,6759,2016,2.7000,16,1000,1000,1,30387.9980,0.0000,0.8992,4356.6908,0.0000,0.1170,8.1760,0.0000,0.0148,34752.8648,0.0000,1.0311,34752.8633,25,0
67600.0000,6760,2017,2.7000,17,1000,1000,1,30392.3742,0.0000,0.8992,4356.0463,0.0000,0.1170,8.1748,0.0000,0.0148,34756.5952,0.0000,1.0311,34756.5938,25,0
67610.0000,6761,2016,2.7000,16,1000,1000,1,30393.2068,0.0000,0.8992,4355.4020,0.0000,0.1170,8.1736,0.0000,0.0148,34756.7823,0.0000,1.0311,34756.7812,25,0
67620.0000,6762,2014,2.7000,14,1000,1000,1,30401.5633,0.0000,0.8992,4354.7579,0.0000,0.1170,8.1723,0.0000,0.0148,34764.4935,0.0000,1.0311,34764.4922,25,0
67630.0000,6763,2010,2.7000,10,1000,1000,1,30406.1296,0.0000,0.8992,4354.1140,0.0000,0.1170,8.1711,0.0000,0.0148,34768.4147,0.0000,1.0310,34768.4141,25,0
67640.0000,6764,2010,2.7000,10,1000,1000,1,30410.5404,0.0000,0.8992,4353.4703,0.0000,0.1170,8.1699,0.0000,0.0148,34772.1806,0.0000,1.0310,34772.1797,25,0
67650.0000,6765,2011,2.7000,11,1000,1000,1,30414.0147,0.0000,0.8992,4352.8267,0.0000,0.1169,8.1687,0.0000,0.0148,34775.0101,0.0000,1.0310,34775.0117,25,0
67660.0000,6766,2010,2.7000,10,1000,1000,1,30419.1085,0.0000,0.8992,4352.1834,0.0000,0.1169,8.1675,0.0000,0.0148,34779.4594,0.0000,1.0310,34779.4609,25,0
67670.0000,6767,2000,2.7000,1,999,1000,1,30423.8621,0.0000,0.8991,4374.6780,0.0000,0.1169,8.1663,0.0000,0.0148,34806.7064,0.0000,1.0309,34806.7070,24,0
67680.0000,6768,2002,2.7000,2,1000,1000,1,30427.5805,0.0000,0.8991,4375.0784,0.0000,0.1170,8.1651,0.0000,0.0148,34810.8240,0.0000,1.0309,34810.8242,24,0
67690.0000,6769,1999,2.7000,0,999,1000,1,30430.0883,0.0000,0.8991,4375.0915,0.0000,0.1170,8.1639,0.0000,0.0148,34813.3437,0.0000,1.0308,34813.3438,24,0
67700.0000,6770,2005,2.7000,5,1000,1000,1,30437.3484,0.0000,0.8991,4375.2702,0.0000,0.1170,8.1627,0.0000,0.0148,34820.7813,0.0000,1.0309,34820.7812,24,0
67710.0000,6771,2003,2.7000,3,1000,1000,1,30441.5195,0.0000,0.8992,4374.6240,0.0000,0.1169,8.1615,0.0000,0.0148,34824.3050,0.0000,1.0309,34824.3047,24,0
67720.0000,6772,2007,2.7000,7,1000,1000,1,30446.1640,0.0000,0.8992,4373.9780,0.0000,0.1169,8.1603,0.0000,0.0148,34828.3023,0.0000,1.0309,34828.3008,25,0
67730.0000,6773,2003,2.7000,3,1000,1000,1,30450.6532,0.0000,0.8992,4373.3322,0.0000,0.1169,8.1591,0.0000,0.0148,34832.1445,0.0000,1.0309,34832.1445,24,0
67740.0000,6774,2000,2.7000,0,1000,1000,1,30455.2135,0.0000,0.8992,4372.6866,0.0000,0.1169,8.1579,0.0000,0.0148,34836.0580,0.0000,1.0309,34836.0586,24,0
67750.0000,6775,2003,2.7000,3,1000,1000,1,30459.6574,0.0000,0.8992,4378.0362,0.0000,0.1169,8.1567,0.0000,0.0148,34845.8503,0.0000,1.0309,34845.8516,24,0
67760.0000,6776,2004,2.7000,4,1000,1000,1,30464.5474,0.0000,0.8992,4377.3901,0.0000,0.1169,8.1555,0.0000,0.0148,34850.0929,0.0000,1.0309,34850.0938,24,0
67770.0000,6777,2002,2.7000,2,1000,1000,1,30468.6487,0.0000,0.8992,4379.6472,0.0000,0.1169,8.1543,0.0000,0.0148,34856.4502,0.0000,1.0309,34856.4492,24,0
67780.0000,6778,2003,2.7000,4,999,1000,1,30472.4985,0.0000,0.8992,4380.2401,0.0000,0.1169,8.1531,0.0000,0.0148,34860.8917,0.0000,1.0309,34860.8906,24,0
67790.0000,6779,2000,2.7000,0,1000,1000,1,30477.4516,0.0000,0.8992,4380.0357,0.0000,0.1169,8.1519,0.0000,0.0148,34865.6391,0.0000,1.0309,34865.6406,24,0
67800.0000,6780,2003,2.7000,3,1000,1000,1,30481.1823,0.0000,0.8991,4380.5682,0.0000,0.1169,8.1507,0.0000,0.0148,34869.9012,0.0000,1.0309,34869.9023,24,0
67810.0000,6781,2000,2.7000,0,1000,1000,1,30485.6476,0.0000,0.8991,4379.9222,0.0000,0.1169,8.1495,0.0000,0.0148,34873.7193,0.0000,1.0308,34873.7188,24,0
67820.0000,6782,2003,2.7000,3,1000,1000,1,30491.0482,0.0000,0.8991,4379.2764,0.0000,0.1169,8.1482,0.0000,0.0148,34878.4728,0.0000,1.0308,34878.4727,24,0
67830.0000,6783,2000,2.7000,0,1000,1000,1,30494.5601,0.0000,0.8991,4382.9912,0.0000,0.1169,8.1470,0.0000,0.0148,34885.6984,0.0000,1.0308,34885.6992,24,0
67840.0000,6784,2003,2.7000,4,999,1000,1,30500.5206,0.0000,0.8992,4383.5987,0.0000,0.1169,8.1458,0.0000,0.0148,34892.2651,0.0000,1.0309,34892.2656,24,0
67850.0000,6785,2005,2.7000,5,1000,1000,1,30504.8511,0.0000,0.8992,4382.9961,0.0000,0.1169,8.1446,0.0000,0.0148,34895.9919,0.0000,1.0309,34895.9922,24,0
67860.0000,6786,1996,2.7000,0,996,1000,1,30508.4603,0.0000,0.8991,4384.6345,0.0000,0.1170,8.1434,0.0000,0.0148,34901.2382,0.0000,1.0308,34901.2383,24,0
67870.0000,6787,1997,2.7000,2,995,1000,1,30513.6273,0.0000,0.8991,4385.0832,0.0000,0.1170,8.1422,0.0000,0.0148,34906.8527,0.0000,1.0309,34906.8516,24,0
67880.0000,6788,1999,2.7000,1,998,1000,1,30517.5818,0.0000,0.8991,4385.6616,0.0000,0.1171,8.1410,0.0000,0.0148,34911.3845,0.0000,1.0310,34911.3828,24,0
67890.0000,6789,2000,2.7000,3,997,1000,1,30522.6996,0.0000,0.8991,4386.1935,0.0000,0.1173,8.1398,0.0000,0.0148,34917.0330,0.0000,1.0311,34917.0312,24,0
67900.0000,6790,2004,2.7000,4,1000,1000,1,30527.0730,0.0000,0.8991,4386.0933,0.0000,0.1173,8.1386,0.0000,0.0148,34921.3050,0.0000,1.0312,34921.3047,24,0
67910.0000,6791,2000,2.7000,1,999,1000,1,30531.9719,0.0000,0.8991,4387.1723,0.0000,0.1173,8.1375,0.0000,0.0148,34927.2816,0.0000,1.0312,34927.2812,24,0
67920.0000,6792,2001,2.7000,1,1000,1000,1,30536.2510,0.0000,0.8991,4387.2769,0.0000,0.1173,8.1363,0.0000,0.0148,34931.6641,0.0000,1.0312,34931.6641,24,0
67930.0000,6793,2004,2.7000,4,1000,1000,1,30539.1111,0.0000,0.8991,4386.6310,0.0000,0.1173,8.1351,0.0000,0.0148,34933.8772,0.0000,1.0312,34933.8789,24,0
67940.0000,6794,1998,2.7000,0,998,1000,1,30543.0325,0.0000,0.8991,4385.9854,0.0000,0.1173,8.1339,0.0000,0.0148,34937.1517,0.0000,1.0311,34937.1523,24,0
67950.0000,6795,1999,2.7000,2,997,1000,1,30548.7888,0.0000,0.8991,4389.2647,0.0000,0.1174,8.1327,0.0000,0.0148,34946.1862,0.0000,1.0313,34946.1875,24,0
67960.0000,6796,2002,2.7000,2,1000,1000,1,30553.8252,0.0000,0.8991,4389.1675,0.0000,0.1175,8.1315,0.0000,0.0148,34951.1242,0.0000,1.0313,34951.1250,24,0
67970.0000,6797,2006,2.7000,6,1000,1000,1,30558.7807,0.0000,0.8992,4388.5218,0.0000,0.1174,8.1303,0.0000,0.0148,34955.4328,0.0000,1.0314,34955.4336,25,0
67980.0000,6798,2016,2.7000,16,1000,1000,1,30561.5468,0.0000,0.8992,4387.8762,0.0000,0.1174,8.1291,0.0000,0.0148,34957.5520,0.0000,1.0314,34957.5508,25,0
67990.0000,6799,2008,2.7000,8,1000,1000,1,30567.0823,0.0000,0.8993,4387.2308,0.0000,0.1174,8.1279,0.0000,0.0148,34962.4411,0.0000,1.0314,34962.4414,25,0
68000.0000,6800,2002,2.7000,2,1000,1000,1,30571.1948,0.0000,0.8992,4386.5857,0.0000,0.1174,8.1267,0.0000,0.0147,34965.9072,0.0000,1.0314,34965.9062,24,0
68010.0000,6801,2003,2.7000,3,1000,1000,1,30575.0143,0.0000,0.8993,4385.9407,0.0000,0.1174,8.1255,0.0000,0.0147,34969.0804,0.0000,1.0314,34969.0820,24,0
68020.0000,6802,2004,2.7000,4,1000,1000,1,30580.2480,0.0000,0.8993,4385.2959,0.0000,0.1174,8.1243,0.0000,0.0147,34973.6682,0.0000,1.0314,34973.6680,24,0
68030.0000,6803,2000,2.7000,0,1000,1000,1,30584.5935,0.0000,0.8992,4384.6513,0.0000,0.1173,8.1231,0.0000,0.0147,34977.3678,0.0000,1.0313,34977.3672,24,0
68040.0000,6804,2002,2.7000,2,1000,1000,1,30588.6692,0.0000,0.8992,4393.8159,0.0000,0.1174,8.1219,0.0000,0.0147,34990.6071,0.0000,1.0313,34990.6055,24,0
68050.0000,6805,2000,2.7000,0,1000,1000,1,30593.3153,0.0000,0.8991,4394.1609,0.0000,0.1174,8.1207,0.0000,0.0147,34995.5969,0.0000,1.0313,34995.5977,24,0
68060.0000,6806,1999,2.7000,0,999,1000,1,30598.5567,0.0000,0.8991,4395.0658,0.0000,0.1174,8.1195,0.0000,0.0147,35001.7420,0.0000,1.0312,35001.7422,24,0
68070.0000,6807,2002,2.7000,2,1000,1000,1,30603.4472,0.0000,0.8991,4394.8601,0.0000,0.1174,8.1183,0.0000,0.0147,35006.4257,0.0000,1.0312,35006.4258,24,0
68080.0000,6808,2002,2.7000,2,1000,1000,1,30608.3500,0.0000,0.8991,4396.0961,0.0000,0.1175,8.1171,0.0000,0.0147,35012.5633,0.0000,1.0313,35012.5625,24,0
68090.0000,6809,2009,2.7000,9,1000,1000,1,30612.7133,0.0000,0.8991,4395.4505,0.0000,0.1174,8.1159,0.0000,0.0147,35016.2797,0.0000,1.0313,35016.2812,25,0
68100.0000,6810,2018,2.7000,18,1000,1000,1,30617.3756,0.0000,0.8993,4394.8050,0.0000,0.1174,8.1147,0.0000,0.0147,35020.2954,0.0000,1.0314,35020.2969,25,0
68110.0000,6811,2014,2.7000,14,1000,1000,1,30620.7564,0.0000,0.8992,4394.1598,0.0000,0.1174,8.1136,0.0000,0.0147,35023.0297,0.0000,1.0314,35023.0312,25,0
68120.0000,6812,2002,2.7000,2,1000,1000,1,30624.7617,0.0000,0.8992,4393.5147,0.0000,0.1174,8.1124,0.0000,0.0147,35026.3888,0.0000,1.0313,35026.3906,24,0
68130.0000,6813,2004,2.7000,4,1000,1000,1,30629.4102,0.0000,0.8992,4392.8698,0.0000,0.1174,8.1112,0.0000,0.0147,35030.3912,0.0000,1.0313,35030.3906,24,0
68140.0000,6814,2007,2.7000,7,1000,1000,1,30635.0251,0.0000,0.8992,4392.2252,0.0000,0.1174,8.1100,0.0000,0.0147,35035.3602,0.0000,1.0313,35035.3594,25,0
68150.0000,6815,2003,2.7000,3,1000,1000,1,30638.5093,0.0000,0.8992,4391.5807,0.0000,0.1173,8.1088,0.0000,0.0147,35038.1987,0.0000,1.0313,35038.1992,24,0
68160.0000,6816,2000,2.7000,0,1000,1000,1,30643.3478,0.0000,0.8992,4390.9364,0.0000,0.1173,8.1076,0.0000,0.0147,35042.3917,0.0000,1.0312,35042.3906,24,0
68170.0000,6817,2003,2.7000,3,1000,1000,1,30648.7345,0.0000,0.8992,4400.4669,0.0000,0.1173,8.1064,0.0000,0.0147,35057.3079,0.0000,1.0313,35057.3086,24,0
68180.0000,6818,2001,2.7000,1,1000,1000,1,30652.0051,0.0000,0.8992,4401.1385,0.0000,0.1174,8.1052,0.0000,0.0147,35061.2488,0.0000,1.0313,35061.2500,24,0
68190.0000,6819,2010,2.7000,10,1000,1000,1,30657.2925,0.0000,0.8993,4400.4931,0.0000,0.1173,8.1040,0.0000,0.0147,35065.8896,0.0000,1.0313,35065.8906,25,0
68200.0000,6820,2010,2.7000,10,1000,1000,1,30662.0389,0.0000,0.8993,4399.8478,0.0000,0.1173,8.1028,0.0000,0.0147,35069.9896,0.0000,1.0313,35069.9883,25,0
68210.0000,6821,2006,2.7000,6,1000,1000,1,30665.7069,0.0000,0.8993,4399.2028,0.0000,0.1173,8.1017,0.0000,0.0147,35073.0113,0.0000,1.0313,35073.0117,25,0
68220.0000,6822,2014,2.7000,14,1000,1000,1,30670.5284,0.0000,0.8993,4398.5579,0.0000,0.1173,8.1005,0.0000,0.0147,35077.1868,0.0000,1.0313,35077.1875,25,0
68230.0000,6823,2016,2.7000,16,1000,1000,1,30675.7267,0.0000,0.8993,4397.9133,0.0000,0.1173,8.0993,0.0000,0.0147,35081.7392,0.0000,1.0313,35081.7383,25,0
68240.0000,6824,2023,2.7000,23,1000,1000,1,30679.7064,0.0000,0.8994,4397.2688,0.0000,0.1173,8.0981,0.0000,0.0147,35085.0733,0.0000,1.0314,35085.0742,26,0
68250.0000,6825,2019,2.7000,19,1000,1000,1,30684.4724,0.0000,0.8994,4396.6245,0.0000,0.1172,8.0969,0.0000,0.0147,35089.1938,0.0000,1.0314,35089.1953,25,0
68260.0000,6826,2013,2.7000,13,1000,1000,1,30689.2334,0.0000,0.8994,4395.9804,0.0000,0.1172,8.0957,0.0000,0.0147,35093.3095,0.0000,1.0313,35093.3086,25,0
68270.0000,6827,2018,2.7000,18,1000,1000,1,30693.2300,0.0000,0.8994,4395.3365,0.0000,0.1172,8.0945,0.0000,0.0147,35096.6611,0.0000,1.0313,35096.6602,25,0
68280.0000,6828,2017,2.7000,17,1000,1000,1,30697.0670,0.0000,0.8994,4394.6928,0.0000,0.1172,8.0934,0.0000,0.0147,35099.8531,0.0000,1.0313,35099.8516,25,0
68290.0000,6829,2017,2.7000,17,1000,1000,1,30702.1020,0.0000,0.8994,4394.0492,0.0000,0.1172,8.0922,0.0000,0.0147,35104.2435,0.0000,1.0313,35104.2422,25,0
68300.0000,6830,2019,2.7000,19,1000,1000,1,30707.0895,0.0000,0.8994,4393.4059,0.0000,0.1172,8.0910,0.0000,0.0147,35108.5864,0.0000,1.0313,35108.5859,25,0
68310.0000,6831,2016,2.7000,16,1000,1000,1,30709.6113,0.0000,0.8994,4392.7627,0.0000,0.1171,8.0898,0.0000,0.0147,35110.4638,0.0000,1.0313,35110.4648,25,0
68320.0000,6832,2016,2.7000,16,1000,1000,1,30713.6170,0.0000,0.8995,4392.1198,0.0000,0.1171,8.0886,0.0000,0.0147,35113.8254,0.0000,1.0313,35113.8242,25,0
68330.0000,6833,2015,2.7000,15,1000,1000,1,30720.7133,0.0000,0.8994,4391.4770,0.0000,0.1171,8.0874,0.0000,0.0147,35120.2777,0.0000,1.0312,35120.2773,25,0
68340.0000,6834,2010,2.7000,10,1000,1000,1,30723.4647,0.0000,0.8994,4390.8344,0.0000,0.1171,8.0862,0.0000,0.0147,35122.3853,0.0000,1.0312,35122.3867,25,0
68350.0000,6835,2009,2.7000,9,1000,1000,1,30729.3834,0.0000,0.8994,4390.1920,0.0000,0.1171,8.0851,0.0000,0.0147,35127.6604,0.0000,1.0312,35127.6602,25,0
68360.0000,6836,2011,2.7000,11,1000,1000,1,30733.9545,0.0000,0.8995,4389.5498,0.0000,0.1171,8.0839,0.0000,0.0147,35131.5881,0.0000,1.0312,35131.5898,25,0
68370.0000,6837,2012,2.7000,12,1000,1000,1,30738.7496,0.0000,0.8996,4388.9078,0.0000,0.1170,8.0827,0.0000,0.0147,35135.7401,0.0000,1.0313,35135.7383,25,0
68380.0000,6838,2009,2.7000,9,1000,1000,1,30743.3458,0.0000,0.8996,4388.2659,0.0000,0.1170,8.0815,0.0000,0.0147,35139.6933,0.0000,1.0313,35139.6914,25,0
68390.0000,6839,2004,2.7000,4,1000,1000,1,30746.4625,0.0000,0.8995,4387.6243,0.0000,0.1170,8.0803,0.0000,0.0147,35142.1671,0.0000,1.0312,35142.1680,24,0
68400.0000,6840,2006,2.7000,6,1000,1000,1,30751.6463,0.0000,0.8996,4386.9828,0.0000,0.1170,8.0792,0.0000,0.0147,35146.7082,0.0000,1.0313,35146.7070,25,0
68410.0000,6841,2013,2.7000,13,1000,1000,1,30756.7944,0.0000,0.8998,4386.3415,0.0000,0.1170,8.0780,0.0000,0.0147,35151.2139,0.0000,1.0314,35151.2148,25,0
68420.0000,6842,2010,2.7000,10,1000,1000,1,30761.2560,0.0000,0.8998,4385.7004,0.0000,0.1170,8.0768,0.0000,0.0147,35155.0332,0.0000,1.0314,35155.0352,25,0
68430.0000,6843,2010,2.7000,10,1000,1000,1,30763.3714,0.0000,0.8997,4385.0595,0.0000,0.1169,8.0756,0.0000,0.0147,35156.5066,0.0000,1.0313,35156.5078,25,0
68440.0000,6844,2015,2.7000,15,1000,1000,1,30769.0480,0.0000,0.8997,4384.4188,0.0000,0.1169,8.0744,0.0000,0.0147,35161.5413,0.0000,1.0313,35161.5430,25,0
68450.0000,6845,2018,2.7000,18,1000,1000,1,30774.8219,0.0000,0.8998,4383.7783,0.0000,0.1169,8.0733,0.0000,0.0147,35166.6735,0.0000,1.0313,35166.6719,25,0
68460.0000,6846,2016,2.7000,16,1000,1000,1,30779.0056,0.0000,0.8998,4383.1379,0.0000,0.1169,8.0721,0.0000,0.0147,35170.2156,0.0000,1.0313,35170.2148,25,0
68470.0000,6847,2013,2.7000,13,1000,1000,1,30782.5159,0.0000,0.8997,4382.4978,0.0000,0.1169,8.0709,0.0000,0.0146,35173.0846,0.0000,1.0313,35173.0859,25,0
68480.0000,6848,2011,2.7000,11,1000,1000,1,30787.5117,0.0000,0.8997,4381.8578,0.0000,0.1169,8.0697,0.0000,0.0146,35177.4392,0.0000,1.0312,35177.4375,25,0
68490.0000,6849,2012,2.7000,12,1000,1000,1,30791.5530,0.0000,0.8998,4381.2180,0.0000,0.1168,8.0685,0.0000,0.0146,35180.8395,0.0000,1.0312,35180.8398,25,0
68500.0000,6850,2013,2.7000,13,1000,1000,1,30797.0509,0.0000,0.8998,4380.5784,0.0000,0.1168,8.0674,0.0000,0.0146,35185.6967,0.0000,1.0313,35185.6953,25,0
68510.0000,6851,2018,2.7000,18,1000,1000,1,30800.2981,0.0000,0.8999,4379.9390,0.0000,0.1168,8.0662,0.0000,0.0146,35188.3033,0.0000,1.0313,35188.3047,25,0
68520.0000,6852,2012,2.7000,12,1000,1000,1,30803.6800,0.0000,0.8998,4379.2998,0.0000,0.1168,8.0650,0.0000,0.0146,35191.0448,0.0000,1.0312,35191.0430,25,0
68530.0000,6853,2013,2.7000,13,1000,1000,1,30809.7207,0.0000,0.8999,4378.6608,0.0000,0.1168,8.0638,0.0000,0.0146,35196.4453,0.0000,1.0313,35196.4453,25,0
68540.0000,6854,2020,2.7000,20,1000,1000,1,30815.1794,0.0000,0.8999,4378.0219,0.0000,0.1167,8.0627,0.0000,0.0146,35201.2640,0.0000,1.0313,35201.2656,25,0
68550.0000,6855,2015,2.7000,15,1000,1000,1,30817.9212,0.0000,0.8998,4377.3833,0.0000,0.1167,8.0615,0.0000,0.0146,35203.3659,0.0000,1.0312,35203.3672,25,0
68560.0000,6856,2015,2.7000,15,1000,1000,1,30822.7790,0.0000,0.8998,4376.7448,0.0000,0.1167,8.0603,0.0000,0.0146,35207.5841,0.0000,1.0312,35207.5859,25,0
68570.0000,6857,2017,2.7000,17,1000,1000,1,30828.2766,0.0000,0.8998,4376.1065,0.0000,0.1167,8.0591,0.0000,0.0146,35212.4422,0.0000,1.0312,35212.4414,25,0
68580.0000,6858,2015,2.7000,15,1000,1000,1,30833.3431,0.0000,0.8998,4375.4684,0.0000,0.1167,8.0580,0.0000,0.0146,35216.8695,0.0000,1.0311,35216.8711,25,0
68590.0000,6859,2015,2.7000,15,1000,1000,1,30836.1886,0.0000,0.8998,4374.8305,0.0000,0.1167,8.0568,0.0000,0.0146,35219.0758,0.0000,1.0311,35219.0742,25,0
68600.0000,6860,2019,2.7000,19,1000,1000,1,30841.6584,0.0000,0.8998,4374.1928,0.0000,0.1166,8.0556,0.0000,0.0146,35223.9068,0.0000,1.0311,35223.9062,25,0
68610.0000,6861,2020,2.7000,20,1000,1000,1,30846.8479,0.0000,0.8999,4373.5552,0.0000,0.1166,8.0544,0.0000,0.0146,35228.4576,0.0000,1.0311,35228.4570,25,0
68620.0000,6862,2017,2.7000,17,1000,1000,1,30851.3570,0.0000,0.8998,4372.9179,0.0000,0.1166,8.0533,0.0000,0.0146,35232.3281,0.0000,1.0311,35232.3281,25,0
68630.0000,6863,2016,2.7000,16,1000,1000,1,30855.5406,0.0000,0.8998,4372.2807,0.0000,0.1166,8.0521,0.0000,0.0146,35235.8734,0.0000,1.0310,35235.8750,25,0
68640.0000,6864,2016,2.7000,16,1000,1000,1,30859.8406,0.0000,0.8998,4371.6437,0.0000,0.1166,8.0509,0.0000,0.0146,35239.5352,0.0000,1.0310,35239.5352,25,0
68650.0000,6865,2014,2.7000,14,1000,1000,1,30864.5099,0.0000,0.8997,4371.0069,0.0000,0.1166,8.0497,0.0000,0.0146,35243.5666,0.0000,1.0309,35243.5664,25,0
68660.0000,6866,2013,2.7000,13,1000,1000,1,30868.9226,0.0000,0.8997,4370.3703,0.0000,0.1165,8.0486,0.0000,0.0146,35247.3415,0.0000,1.0309,35247.3398,25,0
68670.0000,6867,2016,2.7000,16,1000,1000,1,30873.4492,0.0000,0.8998,4369.7338,0.0000,0.1165,8.0474,0.0000,0.0146,35251.2304,0.0000,1.0309,35251.2305,25,0
68680.0000,6868,2016,2.7000,16,1000,1000,1,30876.9528,0.0000,0.8998,4369.0976,0.0000,0.1165,8.0462,0.0000,0.0146,35254.0966,0.0000,1.0309,35254.0977,25,0
68690.0000,6869,2016,2.7000,16,1000,1000,1,30882.5427,0.0000,0.8999,4368.4615,0.0000,0.1165,8.0450,0.0000,0.0146,35259.0493,0.0000,1.0310,35259.0508,25,0
68700.0000,6870,2011,2.7000,11,1000,1000,1,30886.6042,0.0000,0.8998,4367.8257,0.0000,0.1165,8.0439,0.0000,0.0146,35262.4738,0.0000,1.0309,35262.4727,25,0
68710.0000,6871,2009,2.7000,9,1000,1000,1,30891.7846,0.0000,0.8998,4367.1900,0.0000,0.1165,8.0427,0.0000,0.0146,35267.0173,0.0000,1.0309,35267.0156,25,0
68720.0000,6872,2008,2.7000,8,1000,1000,1,30895.6353,0.0000,0.8998,4366.5545,0.0000,0.1164,8.0415,0.0000,0.0146,35270.2313,0.0000,1.0309,35270.2305,25,0
68730.0000,6873,2005,2.7000,5,1000,1000,1,30900.7400,0.0000,0.8998,4365.9191,0.0000,0.1164,8.0404,0.0000,0.0146,35274.6996,0.0000,1.0308,35274.6992,24,0
68740.0000,6874,2009,2.7000,9,1000,1000,1,30905.0697,0.0000,0.8999,4365.2840,0.0000,0.1164,8.0392,0.0000,0.0146,35278.3930,0.0000,1.0309,35278.3945,25,0
68750.0000,6875,2006,2.7000,6,1000,1000,1,30908.7805,0.0000,0.8998,4364.6491,0.0000,0.1164,8.0380,0.0000,0.0146,35281.4676,0.0000,1.0308,35281.4688,25,0
68760.0000,6876,2005,2.7000,5,1000,1000,1,30913.9615,0.0000,0.8998,4364.0143,0.0000,0.1164,8.0369,0.0000,0.0146,35286.0127,0.0000,1.0308,35286.0117,24,0
68770.0000,6877,2004,2.7000,4,1000,1000,1,30918.6472,0.0000,0.8998,4432.1589,0.0000,0.1164,8.0357,0.0000,0.0146,35358.8417,0.0000,1.0308,35358.8398,24,0
68780.0000,6878,2000,2.7000,1,999,1000,1,30923.0765,0.0000,0.8998,4431.5145,0.0000,0.1164,8.0345,0.0000,0.0146,35362.6255,0.0000,1.0307,35362.6250,24,0
68790.0000,6879,1996,2.7000,0,996,1000,1,30918.5812,0.0000,0.8996,4433.4017,0.0000,0.1164,8.0334,0.0000,0.0146,35360.0163,0.0000,1.0306,35360.0156,24,0
68800.0000,6880,2000,2.7000,0,1000,1000,1,30932.1349,0.0000,0.8997,4433.4429,0.0000,0.1165,8.0322,0.0000,0.0146,35373.6100,0.0000,1.0307,35373.6094,24,0
68810.0000,6881,2003,2.7000,3,1000,1000,1,30935.8040,0.0000,0.8996,4432.7986,0.0000,0.1165,8.0310,0.0000,0.0146,35376.6336,0.0000,1.0307,35376.6328,24,0
68820.0000,6882,2006,2.7000,6,1000,1000,1,30941.4108,0.0000,0.8997,4432.1545,0.0000,0.1164,8.0298,0.0000,0.0146,35381.5951,0.0000,1.0307,35381.5938,25,0
68830.0000,6883,2002,2.7000,2,1000,1000,1,30945.2836,0.0000,0.8997,4431.5106,0.0000,0.1164,8.0287,0.0000,0.0146,35384.8229,0.0000,1.0307,35384.8242,24,0
68840.0000,6884,2005,2.7000,5,1000,1000,1,30949.0604,0.0000,0.8997,4430.8668,0.0000,0.1164,8.0275,0.0000,0.0146,35387.9548,0.0000,1.0307,35387.9531,24,0
68850.0000,6885,2003,2.7000,3,1000,1000,1,30952.7572,0.0000,0.8997,4430.2233,0.0000,0.1164,8.0264,0.0000,0.0146,35391.0068,0.0000,1.0306,35391.0078,24,0
68860.0000,6886,2006,2.7000,6,1000,1000,1,30958.4939,0.0000,0.8997,4436.6301,0.0000,0.1164,8.0252,0.0000,0.0146,35403.1492,0.0000,1.0307,35403.1484,25,0
68870.0000,6887,2012,2.7000,12,1000,1000,1,30963.6092,0.0000,0.8997,4435.9859,0.0000,0.1164,8.0240,0.0000,0.0146,35407.6191,0.0000,1.0306,35407.6172,25,0
68880.0000,6888,2011,2.7000,11,1000,1000,1,30968.4256,0.0000,0.8997,4435.3419,0.0000,0.1163,8.0229,0.0000,0.0146,35411.7904,0.0000,1.0306,35411.7891,25,0
68890.0000,6889,2013,2.7000,13,1000,1000,1,30972.1880,0.0000,0.8998,4434.6981,0.0000,0.1163,8.0217,0.0000,0.0146,35414.9078,0.0000,1.0307,35414.9062,25,0
68900.0000,6890,2010,2.7000,10,1000,1000,1,30973.3630,0.0000,0.8997,4434.0544,0.0000,0.1163,8.0205,0.0000,0.0146,35415.4380,0.0000,1.0306,35415.4375,25,0
68910.0000,6891,2006,2.7000,6,1000,1000,1,30981.5554,0.0000,0.8997,4433.4110,0.0000,0.1163,8.0194,0.0000,0.0146,35422.9857,0.0000,1.0305,35422.9844,25,0
68920.0000,6892,2000,2.7000,1,999,1000,1,30984.6481,0.0000,0.8997,4440.1289,0.0000,0.1163,8.0182,0.0000,0.0146,35432.7952,0.0000,1.0305,35432.7969,24,0
68930.0000,6893,2003,2.7000,4,999,1000,1,30990.4334,0.0000,0.8997,4440.6821,0.0000,0.1164,8.0170,0.0000,0.0146,35439.1325,0.0000,1.0307,35439.1328,24,0
68940.0000,6894,2001,2.7000,3,998,1000,1,30995.3442,0.0000,0.8997,4441.1637,0.0000,0.1165,8.0159,0.0000,0.0145,35444.5238,0.0000,1.0307,35444.5234,24,0
68950.0000,6895,2006,2.7000,6,1000,1000,1,30998.9447,0.0000,0.8998,4441.2336,0.0000,0.1165,8.0147,0.0000,0.0145,35448.1931,0.0000,1.0308,35448.1914,25,0
68960.0000,6896,2006,2.7000,6,1000,1000,1,31001.6494,0.0000,0.8998,4440.5896,0.0000,0.1165,8.0135,0.0000,0.0145,35450.2526,0.0000,1.0308,35450.2539,25,0
68970.0000,6897,1999,2.7000,0,999,1000,1,31007.9814,0.0000,0.8997,4442.6586,0.0000,0.1165,8.0124,0.0000,0.0145,35458.6523,0.0000,1.0308,35458.6523,24,0
68980.0000,6898,2000,2.7000,1,999,1000,1,31013.2846,0.0000,0.8997,4442.9380,0.0000,0.1166,8.0112,0.0000,0.0145,35464.2338,0.0000,1.0308,35464.2344,24,0
68990.0000,6899,2004,2.7000,4,1000,1000,1,31017.8000,0.0000,0.8997,4443.0392,0.0000,0.1166,8.0101,0.0000,0.0145,35468.8493,0.0000,1.0309,35468.8477,24,0
69000.0000,6900,2008,2.7000,8,1000,1000,1,31022.2861,0.0000,0.8998,4442.3953,0.0000,0.1166,8.0089,0.0000,0.0145,35472.6903,0.0000,1.0310,35472.6914,25,0
69010.0000,6901,2012,2.7000,12,1000,1000,1,31025.7702,0.0000,0.8998,4441.7516,0.0000,0.1166,8.0077,0.0000,0.0145,35475.5295,0.0000,1.0309,35475.5312,25,0
69020.0000,6902,2012,2.7000,12,1000,1000,1,31031.3483,0.0000,0.8998,4441.1080,0.0000,0.1166,8.0066,0.0000,0.0145,35480.4629,0.0000,1.0309,35480.4648,25,0
69030.0000,6903,2015,2.7000,15,1000,1000,1,31034.6936,0.0000,0.8999,4440.4647,0.0000,0.1166,8.0054,0.0000,0.0145,35483.1637,0.0000,1.0309,35483.1641,25,0
69040.0000,6904,2007,2.7000,7,1000,1000,1,31040.4586,0.0000,0.8998,4439.8215,0.0000,0.1165,8.0043,0.0000,0.0145,35488.2843,0.0000,1.0309,35488.2852,25,0
69050.0000,6905,2007,2.7000,7,1000,1000,1,31043.7772,0.0000,0.8997,4439.1785,0.0000,0.1165,8.0031,0.0000,0.0145,35490.9588,0.0000,1.0308,35490.9570,25,0
69060.0000,6906,2003,2.7000,3,1000,1000,1,31049.3781,0.0000,0.8997,4438.5357,0.0000,0.1165,8.0019,0.0000,0.0145,35495.9158,0.0000,1.0308,35495.9141,24,0
69070.0000,6907,2005,2.7000,5,1000,1000,1,31053.3998,0.0000,0.8998,4437.8931,0.0000,0.1165,8.0008,0.0000,0.0145,35499.2937,0.0000,1.0308,35499.2930,24,0
69080.0000,6908,2007,2.7000,7,1000,1000,1,31057.9181,0.0000,0.8998,4437.2507,0.0000,0.1165,7.9996,0.0000,0.0145,35503.1684,0.0000,1.0308,35503.1680,25,0
69090.0000,6909,2010,2.7000,10,1000,1000,1,31060.8585,0.0000,0.8998,4436.6084,0.0000,0.1165,7.9985,0.0000,0.0145,35505.4654,0.0000,1.0308,35505.4648,25,0
69100.0000,6910,2014,2.7000,14,1000,1000,1,31066.9708,0.0000,0.8998,4435.9664,0.0000,0.1164,7.9973,0.0000,0.0145,35510.9345,0.0000,1.0308,35510.9336,25,0
69110.0000,6911,2020,2.7000,20,1000,1000,1,31071.0817,0.0000,0.8999,4435.3245,0.0000,0.1164,7.9962,0.0000,0.0145,35514.4023,0.0000,1.0308,35514.4023,25,0
69120.0000,6912,2022,2.7000,22,1000,1000,1,31075.7503,0.0000,0.8999,4434.6828,0.0000,0.1164,7.9950,0.0000,0.0145,35518.4281,0.0000,1.0308,35518.4297,26,0
69130.0000,6913,2021,2.7000,21,1000,1000,1,31080.2357,0.0000,0.9000,4434.0413,0.0000,0.1164,7.9938,0.0000,0.0145,35522.2709,0.0000,1.0309,35522.2695,26,0
69140.0000,6914,2013,2.7000,13,1000,1000,1,31084.2639,0.0000,0.8999,4433.4000,0.0000,0.1164,7.9927,0.0000,0.0145,35525.6566,0.0000,1.0308,35525.6562,25,0
69150.0000,6915,2013,2.7000,13,1000,1000,1,31089.4671,0.0000,0.8999,4432.7589,0.0000,0.1164,7.9915,0.0000,0.0145,35530.2175,0.0000,1.0308,35530.2188,25,0
69160.0000,6916,2026,2.7000,26,1000,1000,1,31093.1808,0.0000,0.9000,4432.1179,0.0000,0.1163,7.9904,0.0000,0.0145,35533.2891,0.0000,1.0309,35533.2891,26,0
69170.0000,6917,2030,2.7000,30,1000,1000,1,31097.7665,0.0000,0.9000,4431.4772,0.0000,0.1163,7.9892,0.0000,0.0145,35537.2329,0.0000,1.0308,35537.2344,26,0
69180.0000,6918,2030,2.7000,30,1000,1000,1,31101.6632,0.0000,0.9000,4430.8366,0.0000,0.1163,7.9881,0.0000,0.0145,35540.4879,0.0000,1.0308,35540.4883,26,0
69190.0000,6919,2026,2.7000,26,1000,1000,1,31107.5714,0.0000,0.9000,4430.1962,0.0000,0.1163,7.9869,0.0000,0.0145,35545.7545,0.0000,1.0308,35545.7539,26,0
69200.0000,6920,2024,2.7000,24,1000,1000,1,31112.3290,0.0000,0.9000,4429.5560,0.0000,0.1163,7.9858,0.0000,0.0145,35549.8708,0.0000,1.0308,35549.8711,26,0
69210.0000,6921,2026,2.7000,26,1000,1000,1,31116.1323,0.0000,0.9000,4428.9160,0.0000,0.1163,7.9846,0.0000,0.0145,35553.0329,0.0000,1.0307,35553.0312,26,0
69220.0000,6922,2017,2.7000,17,1000,1000,1,31121.1036,0.0000,0.9000,4428.2762,0.0000,0.1162,7.9834,0.0000,0.0145,35557.3632,0.0000,1.0307,35557.3633,25,0
69230.0000,6923,2018,2.7000,18,1000,1000,1,31125.9967,0.0000,0.9000,4427.6365,0.0000,0.1162,7.9823,0.0000,0.0145,35561.6155,0.0000,1.0307,35561.6172,25,0
69240.0000,6924,2019,2.7000,19,1000,1000,1,31130.2068,0.0000,0.9000,4426.9970,0.0000,0.1162,7.9811,0.0000,0.0145,35565.1850,0.0000,1.0307,35565.1836,25,0
69250.0000,6925,2010,2.7000,10,1000,1000,1,31131.7969,0.0000,0.9000,4426.3578,0.0000,0.1162,7.9800,0.0000,0.0145,35566.1347,0.0000,1.0306,35566.1328,25,0
69260.0000,6926,2004,2.7000,4,1000,1000,1,31138.5679,0.0000,0.8999,4425.7187,0.0000,0.1162,7.9788,0.0000,0.0145,35572.2655,0.0000,1.0306,35572.2656,24,0
69270.0000,6927,2001,2.7000,1,1000,1000,1,31143.1426,0.0000,0.8999,4458.2324,0.0000,0.1162,7.9777,0.0000,0.0145,35609.3527,0.0000,1.0306,35609.3516,24,0
69280.0000,6928,2000,2.7000,2,998,1000,1,31148.1669,0.0000,0.8999,4458.5257,0.0000,0.1163,7.9765,0.0000,0.0145,35614.6691,0.0000,1.0306,35614.6680,24,0
69290.0000,6929,2002,2.7000,2,1000,1000,1,31152.4488,0.0000,0.8999,4459.3560,0.0000,0.1163,7.9754,0.0000,0.0145,35619.7802,0.0000,1.0307,35619.7812,24,0
69300.0000,6930,2001,2.7000,4,997,1000,1,31156.5699,0.0000,0.8999,4459.9319,0.0000,0.1163,7.9742,0.0000,0.0145,35624.4761,0.0000,1.0307,35624.4766,24,0
69310.0000,6931,2002,2.7000,2,1000,1000,1,31160.5905,0.0000,0.8999,4459.5203,0.0000,0.1163,7.9731,0.0000,0.0145,35628.0839,0.0000,1.0307,35628.0820,24,0
69320.0000,6932,2001,2.7000,1,1000,1000,1,31164.7592,0.0000,0.8998,4460.9649,0.0000,0.1163,7.9719,0.0000,0.0145,35633.6960,0.0000,1.0306,35633.6953,24,0
69330.0000,6933,2007,2.7000,7,1000,1000,1,31171.0007,0.0000,0.8999,4460.3215,0.0000,0.1163,7.9708,0.0000,0.0145,35639.2930,0.0000,1.0307,35639.2930,25,0
69340.0000,6934,2008,2.7000,8,1000,1000,1,31175.3256,0.0000,0.9000,4459.6782,0.0000,0.1163,7.9696,0.0000,0.0145,35642.9735,0.0000,1.0307,35642.9727,25,0
69350.0000,6935,2013,2.7000,13,1000,1000,1,31177.5209,0.0000,0.9000,4459.0351,0.0000,0.1163,7.9685,0.0000,0.0145,35644.5245,0.0000,1.0307,35644.5234,25,0
69360.0000,6936,2015,2.7000,15,1000,1000,1,31183.8005,0.0000,0.9000,4458.3923,0.0000,0.1162,7.9673,0.0000,0.0145,35650.1601,0.0000,1.0307,35650.1602,25,0
69370.0000,6937,2013,2.7000,13,1000,1000,1,31188.9122,0.0000,0.9001,4457.7496,0.0000,0.1162,7.9662,0.0000,0.0145,35654.6280,0.0000,1.0307,35654.6289,25,0
69380.0000,6938,2011,2.7000,11,1000,1000,1,31192.9792,0.0000,0.9001,4457.1070,0.0000,0.1162,7.9650,0.0000,0.0145,35658.0512,0.0000,1.0308,35658.0508,25,0
69390.0000,6939,2008,2.7000,8,1000,1000,1,31196.4957,0.0000,0.9001,4456.4647,0.0000,0.1162,7.9639,0.0000,0.0145,35660.9243,0.0000,1.0307,35660.9258,25,0
69400.0000,6940,2010,2.7000,10,1000,1000,1,31202.4252,0.0000,0.9001,4455.8226,0.0000,0.1162,7.9627,0.0000,0.0145,35666.2105,0.0000,1.0308,35666.2109,25,0
69410.0000,6941,2006,2.7000,6,1000,1000,1,31206.1359,0.0000,0.9001,4455.1806,0.0000,0.1162,7.9616,0.0000,0.0145,35669.2781,0.0000,1.0307,35669.2773,25,0
69420.0000,6942,2012,2.7000,12,1000,1000,1,31210.0435,0.0000,0.9001,4454.5388,0.0000,0.1161,7.9604,0.0000,0.0144,35672.5428,0.0000,1.0307,35672.5430,25,0
69430.0000,6943,2008,2.7000,8,1000,1000,1,31214.2964,0.0000,0.9001,4453.8973,0.0000,0.1161,7.9593,0.0000,0.0144,35676.1529,0.0000,1.0307,35676.1523,25,0
69440.0000,6944,2004,2.7000,4,1000,1000,1,31219.3037,0.0000,0.9001,4453.2559,0.0000,0.1161,7.9582,0.0000,0.0144,35680.5177,0.0000,1.0307,35680.5195,24,0
69450.0000,6945,1997,2.7000,0,997,1000,1,31222.4515,0.0000,0.9000,4467.7068,0.0000,0.1162,7.9570,0.0000,0.0144,35698.1154,0.0000,1.0306,35698.1172,24,0
69460.0000,6946,2001,2.7000,1,1000,1000,1,31229.2693,0.0000,0.9001,4468.2608,0.0000,0.1162,7.9559,0.0000,0.0144,35705.4859,0.0000,1.0307,35705.4844,24,0
69470.0000,6947,1999,2.7000,1,998,1000,1,31233.5652,0.0000,0.9000,4468.6356,0.0000,0.1162,7.9547,0.0000,0.0144,35710.1556,0.0000,1.0307,35710.1562,24,0
69480.0000,6948,2000,2.7000,0,1000,1000,1,31237.6536,0.0000,0.9001,4468.8227,0.0000,0.1163,7.9536,0.0000,0.0144,35714.4299,0.0000,1.0308,35714.4297,24,0
69490.0000,6949,2004,2.7000,4,1000,1000,1,31242.4228,0.0000,0.9001,4468.1797,0.0000,0.1163,7.9524,0.0000,0.0144,35718.5548,0.0000,1.0308,35718.5547,24,0
69500.0000,6950,2002,2.7000,2,1000,1000,1,31245.1756,0.0000,0.9001,4469.7516,0.0000,0.1163,7.9513,0.0000,0.0144,35722.8785,0.0000,1.0308,35722.8789,24,0
69510.0000,6951,1998,2.7000,2,996,1000,1,31251.3263,0.0000,0.9001,4470.6332,0.0000,0.1163,7.9501,0.0000,0.0144,35729.9096,0.0000,1.0308,35729.9102,24,0
69520.0000,6952,2004,2.7000,4,1000,1000,1,31254.4860,0.0000,0.9001,4470.7616,0.0000,0.1163,7.9490,0.0000,0.0144,35733.1967,0.0000,1.0309,35733.1953,24,0
69530.0000,6953,2002,2.7000,2,1000,1000,1,31259.4197,0.0000,0.9001,4470.1186,0.0000,0.1163,7.9479,0.0000,0.0144,35737.4862,0.0000,1.0309,35737.4844,24,0
69540.0000,6954,2001,2.7000,1,1000,1000,1,31265.4872,0.0000,0.9001,4469.4758,0.0000,0.1163,7.9467,0.0000,0.0144,35742.9097,0.0000,1.0308,35742.9102,24,0
69550.0000,6955,1999,2.7000,4,995,1000,1,31270.1506,0.0000,0.9001,4472.4739,0.0000,0.1163,7.9456,0.0000,0.0144,35750.5700,0.0000,1.0309,35750.5703,24,0
69560.0000,6956,2000,2.7000,0,1000,1000,1,31271.4082,0.0000,0.9000,4472.5557,0.0000,0.1164,7.9444,0.0000,0.0144,35751.9083,0.0000,1.0308,35751.9102,24,0
69570.0000,6957,2001,2.7000,3,998,1000,1,31278.7813,0.0000,0.9001,4471.9128,0.0000,0.1164,7.9433,0.0000,0.0144,35758.6374,0.0000,1.0309,35758.6367,24,0
69580.0000,6958,2000,2.7000,0,1000,1000,1,31281.7547,0.0000,0.9000,4474.0845,0.0000,0.1164,7.9421,0.0000,0.0144,35763.7814,0.0000,1.0309,35763.7812,24,0
69590.0000,6959,2001,2.7000,1,1000,1000,1,31286.5522,0.0000,0.9000,4474.9125,0.0000,0.1165,7.9410,0.0000,0.0144,35769.4057,0.0000,1.0309,35769.4062,24,0
69600.0000,6960,2004,2.7000,4,1000,1000,1,31291.2461,0.0000,0.9000,4474.2695,0.0000,0.1165,7.9399,0.0000,0.0144,35773.4555,0.0000,1.0309,35773.4570,24,0
69610.0000,6961,2000,2.7000,0,1000,1000,1,31293.7562,0.0000,0.8999,4473.6268,0.0000,0.1165,7.9387,0.0000,0.0144,35775.3216,0.0000,1.0308,35775.3203,24,0
69620.0000,6962,2005,2.7000,5,1000,1000,1,31301.3151,0.0000,0.9000,4476.1957,0.0000,0.1165,7.9376,0.0000,0.0144,35785.4483,0.0000,1.0309,35785.4492,24,0
69630.0000,6963,2004,2.7000,4,1000,1000,1,31305.2070,0.0000,0.8999,4475.5528,0.0000,0.1165,7.9364,0.0000,0.0144,35788.6963,0.0000,1.0308,35788.6953,24,0
69640.0000,6964,2000,2.7000,1,999,1000,1,31310.6006,0.0000,0.8999,4474.9101,0.0000,0.1165,7.9353,0.0000,0.0144,35793.4460,0.0000,1.0308,35793.4453,24,0
69650.0000,6965,2001,2.7000,1,1000,1000,1,31314.0654,0.0000,0.8999,4478.1065,0.0000,0.1165,7.9342,0.0000,0.0144,35800.1061,0.0000,1.0308,35800.1055,24,0
69660.0000,6966,1994,2.7000,0,994,1000,1,31319.0862,0.0000,0.8998,4478.5613,0.0000,0.1165,7.9330,0.0000,0.0144,35805.5805,0.0000,1.0307,35805.5820,24,0
69670.0000,6967,2000,2.7000,0,1000,1000,1,31320.6086,0.0000,0.8998,4479.1315,0.0000,0.1166,7.9319,0.0000,0.0144,35807.6719,0.0000,1.0308,35807.6719,24,0
69680.0000,6968,2004,2.7000,4,1000,1000,1,31328.1626,0.0000,0.8998,4479.3144,0.0000,0.1167,7.9307,0.0000,0.0144,35815.4078,0.0000,1.0308,35815.4062,24,0
69690.0000,6969,2004,2.7000,4,1000,1000,1,31330.2364,0.0000,0.8998,4478.6717,0.0000,0.1167,7.9296,0.0000,0.0144,35816.8377,0.0000,1.0308,35816.8359,24,0
69700.0000,6970,1998,2.7000,1,997,1000,1,31336.4857,0.0000,0.8997,4480.7096,0.0000,0.1167,7.9285,0.0000,0.0144,35825.1238,0.0000,1.0308,35825.1250,24,0
69710.0000,6971,2000,2.7000,0,1000,1000,1,31339.1108,0.0000,0.8997,4481.2950,0.0000,0.1167,7.9273,0.0000,0.0144,35828.3331,0.0000,1.0308,35828.3320,24,0
69720.0000,6972,2011,2.7000,11,1000,1000,1,31346.6635,0.0000,0.8998,4480.6522,0.0000,0.1167,7.9262,0.0000,0.0144,35835.2419,0.0000,1.0309,35835.2422,25,0
69730.0000,6973,2010,2.7000,10,1000,1000,1,31349.3567,0.0000,0.8998,4480.0097,0.0000,0.1167,7.9251,0.0000,0.0144,35837.2914,0.0000,1.0308,35837.2930,25,0
69740.0000,6974,2014,2.7000,14,1000,1000,1,31355.2265,0.0000,0.8998,4479.3673,0.0000,0.1167,7.9239,0.0000,0.0144,35842.5177,0.0000,1.0308,35842.5195,25,0
69750.0000,6975,2011,2.7000,11,1000,1000,1,31356.4445,0.0000,0.8997,4478.7251,0.0000,0.1167,7.9228,0.0000,0.0144,35843.0923,0.0000,1.0308,35843.0938,25,0
69760.0000,6976,2012,2.7000,12,1000,1000,1,31364.4380,0.0000,0.8997,4478.0830,0.0000,0.1167,7.9216,0.0000,0.0144,35850.4427,0.0000,1.0307,35850.4414,25,0
69770.0000,6977,2003,2.7000,3,1000,1000,1,31368.5154,0.0000,0.8997,4477.4412,0.0000,0.1166,7.9205,0.0000,0.0144,35853.8771,0.0000,1.0307,35853.8789,24,0
69780.0000,6978,2005,2.7000,7,998,1000,1,31372.7070,0.0000,0.8997,4484.9490,0.0000,0.1166,7.9194,0.0000,0.0144,35865.5754,0.0000,1.0307,35865.5742,25,0
69790.0000,6979,2010,2.7000,10,1000,1000,1,31375.9025,0.0000,0.8997,4484.4503,0.0000,0.1166,7.9182,0.0000,0.0144,35868.2710,0.0000,1.0307,35868.2695,25,0
69800.0000,6980,2013,2.7000,13,1000,1000,1,31382.4057,0.0000,0.8998,4483.8078,0.0000,0.1166,7.9171,0.0000,0.0144,35874.1306,0.0000,1.0308,35874.1289,25,0
69810.0000,6981,2017,2.7000,17,1000,1000,1,31385.1107,0.0000,0.8998,4483.1655,0.0000,0.1166,7.9160,0.0000,0.0144,35876.1921,0.0000,1.0307,35876.1914,25,0
69820.0000,6982,2024,2.7000,24,1000,1000,1,31391.6014,0.0000,0.8998,4482.5234,0.0000,0.1166,7.9148,0.0000,0.0144,35882.0397,0.0000,1.0308,35882.0391,26,0
69830.0000,6983,2025,2.7000,25,1000,1000,1,31395.8005,0.0000,0.8999,4481.8815,0.0000,0.1166,7.9137,0.0000,0.0144,35885.5957,0.0000,1.0308,35885.5938,26,0
69840.0000,6984,2016,2.7000,16,1000,1000,1,31400.2629,0.0000,0.8998,4481.2397,0.0000,0.1166,7.9126,0.0000,0.0144,35889.4152,0.0000,1.0308,35889.4141,25,0
69850.0000,6985,2022,2.7000,22,1000,1000,1,31404.8982,0.0000,0.8999,4480.5982,0.0000,0.1165,7.9114,0.0000,0.0144,35893.4079,0.0000,1.0308,35893.4062,26,0
69860.0000,6986,2014,2.7000,14,1000,1000,1,31407.5013,0.0000,0.8998,4479.9568,0.0000,0.1165,7.9103,0.0000,0.0144,35895.3684,0.0000,1.0307,35895.3672,25,0
69870.0000,6987,2008,2.7000,8,1000,1000,1,31414.0589,0.0000,0.8998,4479.3156,0.0000,0.1165,7.9092,0.0000,0.0144,35901.2837,0.0000,1.0306,35901.2852,25,0
69880.0000,6988,2008,2.7000,8,1000,1000,1,31418.6840,0.0000,0.8998,4478.6746,0.0000,0.1165,7.9080,0.0000,0.0144,35905.2667,0.0000,1.0306,35905.2656,25,0
69890.0000,6989,2016,2.7000,16,1000,1000,1,31420.9049,0.0000,0.8998,4478.0338,0.0000,0.1165,7.9069,0.0000,0.0144,35906.8457,0.0000,1.0306,35906.8438,25,0
69900.0000,6990,2010,2.7000,10,1000,1000,1,31427.6779,0.0000,0.8998,4477.3932,0.0000,0.1165,7.9058,0.0000,0.0143,35912.9768,0.0000,1.0306,35912.9766,25,0
69910.0000,6991,2008,2.7000,8,1000,1000,1,31430.5773,0.0000,0.8998,4476.7527,0.0000,0.1164,7.9047,0.0000,0.0143,35915.2347,0.0000,1.0306,35915.2344,25,0
69920.0000,6992,2008,2.7000,8,1000,1000,1,31436.5222,0.0000,0.8998,4476.1125,0.0000,0.1164,7.9035,0.0000,0.0143,35920.5382,0.0000,1.0306,35920.5391,25,0
69930.0000,6993,2000,2.7000,0,1000,1000,1,31439.1985,0.0000,0.8997,4492.8244,0.0000,0.1164,7.9024,0.0000,0.0143,35939.9254,0.0000,1.0305,35939.9258,24,0
69940.0000,6994,2001,2.7000,1,1000,1000,1,31442.5670,0.0000,0.8997,4492.4125,0.0000,0.1165,7.9013,0.0000,0.0143,35942.8808,0.0000,1.0305,35942.8789,24,0
69950.0000,6995,2000,2.7000,0,1000,1000,1,31448.0285,0.0000,0.8997,4493.2794,0.0000,0.1165,7.9001,0.0000,0.0143,35949.2080,0.0000,1.0305,35949.2070,24,0
69960.0000,6996,2002,2.7000,2,1000,1000,1,31453.8713,0.0000,0.8997,4494.1731,0.0000,0.1165,7.8990,0.0000,0.0143,35955.9434,0.0000,1.0305,35955.9453,24,0
69970.0000,6997,1997,2.7000,1,996,1000,1,31458.0093,0.0000,0.8997,4494.9151,0.0000,0.1165,7.8979,0.0000,0.0143,35960.8222,0.0000,1.0305,35960.8203,24,0
69980.0000,6998,2002,2.7000,2,1000,1000,1,31463.5735,0.0000,0.8996,4495.3708,0.0000,0.1166,7.8967,0.0000,0.0143,35966.8411,0.0000,1.0306,35966.8398,24,0
69990.0000,6999,2009,2.7000,9,1000,1000,1,31467.8873,0.0000,0.8997,4494.7286,0.0000,0.1166,7.8956,0.0000,0.0143,35970.5114,0.0000,1.0306,35970.5117,25,0
70000.0000,7000,2002,2.7000,2,1000,1000,1,31471.9976,0.0000,0.8996,4494.0865,0.0000,0.1166,7.8945,0.0000,0.0143,35973.9786,0.0000,1.0305,35973.9805,24,0
70010.0000,7001,2009,2.7000,9,1000,1000,1,31475.7534,0.0000,0.8996,4493.4445,0.0000,0.1165,7.8934,0.0000,0.0143,35977.0912,0.0000,1.0305,35977.0898,25,0
70020.0000,7002,2010,2.7000,10,1000,1000,1,31480.6379,0.0000,0.8996,4492.8028,0.0000,0.1165,7.8922,0.0000,0.0143,35981.3330,0.0000,1.0304,35981.3320,25,0
70030.0000,7003,2012,2.7000,12,1000,1000,1,31485.6245,0.0000,0.8996,4492.1612,0.0000,0.1165,7.8911,0.0000,0.0143,35985.6769,0.0000,1.0304,35985.6758,25,0
70040.0000,7004,2009,2.7000,9,1000,1000,1,31487.4513,0.0000,0.8996,4491.5199,0.0000,0.1165,7.8900,0.0000,0.0143,35986.8611,0.0000,1.0304,35986.8594,25,0
70050.0000,7005,2003,2.7000,3,1000,1000,1,31495.1142,0.0000,0.8996,4490.8787,0.0000,0.1165,7.8889,0.0000,0.0143,35993.8817,0.0000,1.0304,35993.8828,24,0
70060.0000,7006,2003,2.7000,3,1000,1000,1,31498.8425,0.0000,0.8996,4490.2377,0.0000,0.1165,7.8877,0.0000,0.0143,35996.9679,0.0000,1.0304,35996.9688,24,0
70070.0000,7007,2005,2.7000,5,1000,1000,1,31502.4238,0.0000,0.8995,4489.5969,0.0000,0.1164,7.8866,0.0000,0.0143,35999.9072,0.0000,1.0303,35999.9062,24,0
70080.0000,7008,2001,2.7000,1,1000,1000,1,31506.7095,0.0000,0.8995,4488.9562,0.0000,0.1164,7.8855,0.0000,0.0143,36003.5512,0.0000,1.0303,36003.5508,24,0
70090.0000,7009,2002,2.7000,2,1000,1000,1,31513.2153,0.0000,0.8996,4501.1789,0.0000,0.1165,7.8844,0.0000,0.0143,36022.2786,0.0000,1.0303,36022.2773,24,0
70100.0000,7010,2004,2.7000,4,1000,1000,1,31516.5660,0.0000,0.8995,4501.3822,0.0000,0.1165,7.8832,0.0000,0.0143,36025.8313,0.0000,1.0303,36025.8320,24,0
70110.0000,7011,2000,2.7000,1,999,1000,1,31521.5508,0.0000,0.8995,4502.1703,0.0000,0.1165,7.8821,0.0000,0.0143,36031.6032,0.0000,1.0303,36031.6016,24,0
70120.0000,7012,1999,2.7000,3,996,1000,1,31526.2279,0.0000,0.8995,4502.5537,0.0000,0.1166,7.8810,0.0000,0.0143,36036.6626,0.0000,1.0303,36036.6641,24,0
70130.0000,7013,1995,2.7000,1,994,1000,1,31529.9773,0.0000,0.8995,4503.0033,0.0000,0.1166,7.8799,0.0000,0.0143,36040.8604,0.0000,1.0304,36040.8594,24,0
70140.0000,7014,2003,2.7000,3,1000,1000,1,31533.7105,0.0000,0.8995,4503.6281,0.0000,0.1166,7.8787,0.0000,0.0143,36045.2173,0.0000,1.0304,36045.2188,24,0
70150.0000,7015,2005,2.7000,5,1000,1000,1,31540.1804,0.0000,0.8995,4502.9861,0.0000,0.1166,7.8776,0.0000,0.0143,36051.0442,0.0000,1.0304,36051.0430,24,0
70160.0000,7016,1998,2.7000,0,998,1000,1,31539.3205,0.0000,0.8995,4504.8326,0.0000,0.1166,7.8765,0.0000,0.0143,36052.0297,0.0000,1.0305,36052.0312,24,0
70170.0000,7017,2003,2.7000,3,1000,1000,1,31547.7438,0.0000,0.8996,4504.7346,0.0000,0.1166,7.8754,0.0000,0.0143,36060.3538,0.0000,1.0305,36060.3555,24,0
70180.0000,7018,2003,2.7000,3,1000,1000,1,31553.0052,0.0000,0.8996,4504.0927,0.0000,0.1166,7.8742,0.0000,0.0143,36064.9721,0.0000,1.0305,36064.9727,24,0
70190.0000,7019,1999,2.7000,0,999,1000,1,31555.6742,0.0000,0.8996,4503.4510,0.0000,0.1166,7.8731,0.0000,0.0143,36066.9984,0.0000,1.0305,36067.0000,24,0
70200.0000,7020,1996,2.7000,0,996,1000,1,31560.6237,0.0000,0.8996,4506.7342,0.0000,0.1167,7.8720,0.0000,0.0143,36075.2298,0.0000,1.0306,36075.2305,24,0
70210.0000,7021,2000,2.7000,0,1000,1000,1,31566.2996,0.0000,0.8995,4507.4575,0.0000,0.1169,7.8709,0.0000,0.0143,36081.6280,0.0000,1.0307,36081.6289,24,0
70220.0000,7022,1994,2.7000,0,994,1000,1,31570.3978,0.0000,0.8995,4507.9191,0.0000,0.1169,7.8698,0.0000,0.0143,36086.1866,0.0000,1.0307,36086.1875,24,0
70230.0000,7023,2005,2.7000,5,1000,1000,1,31575.5994,0.0000,0.8995,4508.2248,0.0000,0.1171,7.8686,0.0000,0.0143,36091.6928,0.0000,1.0309,36091.6914,24,0
70240.0000,7024,2009,2.7000,9,1000,1000,1,31580.0848,0.0000,0.8995,4507.5830,0.0000,0.1170,7.8675,0.0000,0.0143,36095.5353,0.0000,1.0309,36095.5352,25,0
70250.0000,7025,2006,2.7000,6,1000,1000,1,31584.5953,0.0000,0.8995,4506.9413,0.0000,0.1170,7.8664,0.0000,0.0143,36099.4030,0.0000,1.0308,36099.4023,25,0
70260.0000,7026,2010,2.7000,10,1000,1000,1,31589.3181,0.0000,0.8995,4506.2999,0.0000,0.1170,7.8653,0.0000,0.0143,36103.4833,0.0000,1.0308,36103.4844,25,0
70270.0000,7027,2011,2.7000,11,1000,1000,1,31593.4036,0.0000,0.8996,4505.6586,0.0000,0.1170,7.8642,0.0000,0.0143,36106.9263,0.0000,1.0309,36106.9258,25,0
70280.0000,7028,2018,2.7000,18,1000,1000,1,31598.5010,0.0000,0.8996,4505.0175,0.0000,0.1170,7.8630,0.0000,0.0143,36111.3815,0.0000,1.0309,36111.3828,25,0
70290.0000,7029,2020,2.7000,20,1000,1000,1,31602.7776,0.0000,0.8997,4504.3766,0.0000,0.1170,7.8619,0.0000,0.0143,36115.0161,0.0000,1.0309,36115.0156,25,0
70300.0000,7030,2028,2.7000,28,1000,1000,1,31607.0058,0.0000,0.8997,4503.7358,0.0000,0.1169,7.8608,0.0000,0.0143,36118.6024,0.0000,1.0309,36118.6016,26,0
70310.0000,7031,2020,2.7000,20,1000,1000,1,31611.8454,0.0000,0.8997,4503.0953,0.0000,0.1169,7.8597,0.0000,0.0143,36122.8003,0.0000,1.0309,36122.8008,25,0
70320.0000,7032,2016,2.7000,16,1000,1000,1,31615.6187,0.0000,0.8997,4502.4549,0.0000,0.1169,7.8586,0.0000,0.0143,36125.9322,0.0000,1.0308,36125.9336,25,0
70330.0000,7033,2014,2.7000,14,1000,1000,1,31616.6840,0.0000,0.8997,4501.8147,0.0000,0.1169,7.8574,0.0000,0.0143,36126.3561,0.0000,1.0308,36126.3555,25,0
70340.0000,7034,2006,2.7000,6,1000,1000,1,31624.3975,0.0000,0.8996,4501.1747,0.0000,0.1169,7.8563,0.0000,0.0143,36133.4286,0.0000,1.0308,36133.4297,25,0
70350.0000,7035,2005,2.7000,5,1000,1000,1,31630.1422,0.0000,0.8996,4500.5349,0.0000,0.1169,7.8552,0.0000,0.0143,36138.5323,0.0000,1.0308,36138.5312,24,0
70360.0000,7036,2007,2.7000,7,1000,1000,1,31634.3092,0.0000,0.8997,4514.8218,0.0000,0.1169,7.8541,0.0000,0.0143,36156.9851,0.0000,1.0308,36156.9844,25,0
70370.0000,7037,2006,2.7000,6,1000,1000,1,31638.9890,0.0000,0.8997,4514.1803,0.0000,0.1168,7.8530,0.0000,0.0143,36161.0222,0.0000,1.0308,36161.0234,25,0
70380.0000,7038,2000,2.7000,0,1000,1000,1,31642.9263,0.0000,0.8996,4516.2202,0.0000,0.1169,7.8519,0.0000,0.0143,36166.9983,0.0000,1.0307,36167.0000,24,0
70390.0000,7039,2001,2.7000,1,1000,1000,1,31647.2731,0.0000,0.8995,4516.8275,0.0000,0.1169,7.8507,0.0000,0.0142,36171.9513,0.0000,1.0307,36171.9531,24,0
70400.0000,7040,2002,2.7000,2,1000,1000,1,31652.6691,0.0000,0.8995,4516.9872,0.0000,0.1169,7.8496,0.0000,0.0142,36177.5060,0.0000,1.0307,36177.5078,24,0
70410.0000,7041,2002,2.7000,2,1000,1000,1,31656.2898,0.0000,0.8996,4516.3457,0.0000,0.1169,7.8485,0.0000,0.0142,36180.4840,0.0000,1.0307,36180.4844,24,0
70420.0000,7042,2007,2.7000,7,1000,1000,1,31661.2415,0.0000,0.8996,4515.7043,0.0000,0.1169,7.8474,0.0000,0.0142,36184.7932,0.0000,1.0308,36184.7930,25,0
70430.0000,7043,2004,2.7000,4,1000,1000,1,31666.0716,0.0000,0.8996,4515.0632,0.0000,0.1169,7.8463,0.0000,0.0142,36188.9811,0.0000,1.0308,36188.9805,24,0
70440.0000,7044,2001,2.7000,1,1000,1000,1,31669.5578,0.0000,0.8996,4519.4822,0.0000,0.1169,7.8452,0.0000,0.0142,36196.8852,0.0000,1.0307,36196.8867,24,0
70450.0000,7045,1999,2.7000,1,998,1000,1,31674.2998,0.0000,0.8996,4518.8407,0.0000,0.1169,7.8441,0.0000,0.0142,36200.9846,0.0000,1.0307,36200.9844,24,0
70460.0000,7046,2006,2.7000,6,1000,1000,1,31678.6093,0.0000,0.8996,4520.0771,0.0000,0.1169,7.8429,0.0000,0.0142,36206.5293,0.0000,1.0308,36206.5312,25,0
70470.0000,7047,2007,2.7000,7,1000,1000,1,31684.1990,0.0000,0.8996,4519.4357,0.0000,0.1169,7.8418,0.0000,0.0142,36211.4765,0.0000,1.0307,36211.4766,25,0
70480.0000,7048,2004,2.7000,4,1000,1000,1,31687.4080,0.0000,0.8995,4518.7944,0.0000,0.1169,7.8407,0.0000,0.0142,36214.0431,0.0000,1.0306,36214.0430,24,0
70490.0000,7049,2005,2.7000,5,1000,1000,1,31692.8088,0.0000,0.8995,4518.1534,0.0000,0.1169,7.8396,0.0000,0.0142,36218.8018,0.0000,1.0306,36218.8008,24,0
70500.0000,7050,2003,2.7000,3,1000,1000,1,31696.5013,0.0000,0.8995,4522.1846,0.0000,0.1169,7.8385,0.0000,0.0142,36226.5243,0.0000,1.0306,36226.5234,24,0
70510.0000,7051,2001,2.7000,1,1000,1000,1,31701.8984,0.0000,0.8994,4523.1923,0.0000,0.1169,7.8374,0.0000,0.0142,36232.9281,0.0000,1.0306,36232.9297,24,0
70520.0000,7052,2000,2.7000,0,1000,1000,1,31704.9642,0.0000,0.8994,4522.5509,0.0000,0.1169,7.8363,0.0000,0.0142,36235.3514,0.0000,1.0305,36235.3516,24,0
70530.0000,7053,2004,2.7000,4,1000,1000,1,31710.4446,0.0000,0.8994,4523.6425,0.0000,0.1169,7.8352,0.0000,0.0142,36241.9222,0.0000,1.0306,36241.9219,24,0
70540.0000,7054,2003,2.7000,3,1000,1000,1,31713.6136,0.0000,0.8994,4523.0012,0.0000,0.1169,7.8341,0.0000,0.0142,36244.4489,0.0000,1.0306,36244.4492,24,0
70550.0000,7055,2000,2.7000,0,1000,1000,1,31719.1452,0.0000,0.8994,4525.3560,0.0000,0.1169,7.8329,0.0000,0.0142,36252.3341,0.0000,1.0306,36252.3359,24,0
70560.0000,7056,2003,2.7000,3,1000,1000,1,31724.0159,0.0000,0.8995,4525.5375,0.0000,0.1170,7.8318,0.0000,0.0142,36257.3853,0.0000,1.0307,36257.3867,24,0
70570.0000,7057,2000,2.7000,0,1000,1000,1,31726.1731,0.0000,0.8995,4526.4526,0.0000,0.1169,7.8307,0.0000,0.0142,36260.4564,0.0000,1.0306,36260.4570,24,0
70580.0000,7058,2007,2.7000,7,1000,1000,1,31733.0708,0.0000,0.8995,4526.7203,0.0000,0.1170,7.8296,0.0000,0.0142,36267.6208,0.0000,1.0307,36267.6211,25,0
70590.0000,7059,2014,2.7000,14,1000,1000,1,31737.9344,0.0000,0.8995,4526.0790,0.0000,0.1170,7.8285,0.0000,0.0142,36271.8420,0.0000,1.0307,36271.8438,25,0
70600.0000,7060,2015,2.7000,15,1000,1000,1,31742.0619,0.0000,0.8995,4525.4379,0.0000,0.1170,7.8274,0.0000,0.0142,36275.3273,0.0000,1.0307,36275.3281,25,0
70610.0000,7061,2017,2.7000,17,1000,1000,1,31744.0162,0.0000,0.8995,4524.7970,0.0000,0.1169,7.8263,0.0000,0.0142,36276.6395,0.0000,1.0307,36276.6406,25,0
70620.0000,7062,2011,2.7000,11,1000,1000,1,31750.9309,0.0000,0.8995,4524.1563,0.0000,0.1169,7.8252,0.0000,0.0142,36282.9124,0.0000,1.0307,36282.9141,25,0
70630.0000,7063,2005,2.7000,5,1000,1000,1,31753.1520,0.0000,0.8995,4523.5158,0.0000,0.1169,7.8241,0.0000,0.0142,36284.4918,0.0000,1.0306,36284.4922,24,0
70640.0000,7064,2004,2.7000,4,1000,1000,1,31760.4795,0.0000,0.8995,4522.8754,0.0000,0.1169,7.8230,0.0000,0.0142,36291.1779,0.0000,1.0306,36291.1797,24,0
70650.0000,7065,2009,2.7000,9,1000,1000,1,31764.9991,0.0000,0.8996,4522.2352,0.0000,0.1169,7.8219,0.0000,0.0142,36295.0562,0.0000,1.0307,36295.0547,25,0
70660.0000,7066,2002,2.7000,2,1000,1000,1,31768.7260,0.0000,0.8995,4521.5952,0.0000,0.1169,7.8208,0.0000,0.0142,36298.1419,0.0000,1.0306,36298.1406,24,0
70670.0000,7067,2004,2.7000,4,1000,1000,1,31774.0871,0.0000,0.8995,4520.9554,0.0000,0.1168,7.8196,0.0000,0.0142,36302.8622,0.0000,1.0306,36302.8633,24,0
70680.0000,7068,2001,2.7000,1,1000,1000,1,31774.5810,0.0000,0.8994,4520.3158,0.0000,0.1168,7.8185,0.0000,0.0142,36302.7153,0.0000,1.0305,36302.7148,24,0
70690.0000,7069,2003,2.7000,3,1000,1000,1,31782.8163,0.0000,0.8995,4519.6763,0.0000,0.1168,7.8174,0.0000,0.0142,36310.3101,0.0000,1.0305,36310.3086,24,0
70700.0000,7070,2001,2.7000,1,1000,1000,1,31785.4932,0.0000,0.8995,4519.0370,0.0000,0.1168,7.8163,0.0000,0.0142,36312.3466,0.0000,1.0304,36312.3477,24,0
70710.0000,7071,2007,2.7000,7,1000,1000,1,31791.3232,0.0000,0.8995,4532.9019,0.0000,0.1168,7.8152,0.0000,0.0142,36332.0403,0.0000,1.0305,36332.0391,25,0
70720.0000,7072,2008,2.7000,8,1000,1000,1,31796.1247,0.0000,0.8995,4532.2610,0.0000,0.1168,7.8141,0.0000,0.0142,36336.1998,0.0000,1.0304,36336.1992,25,0
70730.0000,7073,2000,2.7000,0,1000,1000,1,31797.8975,0.0000,0.8994,4531.6202,0.0000,0.1168,7.8130,0.0000,0.0142,36337.3307,0.0000,1.0304,36337.3320,24,0
70740.0000,7074,2000,2.7000,0,1000,1000,1,31803.9759,0.0000,0.8994,4534.8056,0.0000,0.1168,7.8119,0.0000,0.0142,36346.5934,0.0000,1.0303,36346.5938,24,0
70750.0000,7075,2001,2.7000,1,1000,1000,1,31808.9237,0.0000,0.8994,4534.1646,0.0000,0.1167,7.8108,0.0000,0.0142,36350.8991,0.0000,1.0303,36350.8984,24,0
70760.0000,7076,1997,2.7000,0,997,1000,1,31811.0402,0.0000,0.8993,4536.4164,0.0000,0.1169,7.8097,0.0000,0.0142,36355.2662,0.0000,1.0303,36355.2656,24,0
70770.0000,7077,2000,2.7000,0,1000,1000,1,31818.1961,0.0000,0.8993,4536.2587,0.0000,0.1169,7.8086,0.0000,0.0142,36362.2634,0.0000,1.0304,36362.2617,24,0
70780.0000,7078,2000,2.7000,0,1000,1000,1,31820.0402,0.0000,0.8992,4537.4145,0.0000,0.1170,7.8075,0.0000,0.0142,36365.2622,0.0000,1.0304,36365.2617,24,0
70790.0000,7079,2005,2.7000,5,1000,1000,1,31827.4688,0.0000,0.8993,4537.9886,0.0000,0.1171,7.8064,0.0000,0.0142,36373.2637,0.0000,1.0305,36373.2656,24,0
70800.0000,7080,2006,2.7000,6,1000,1000,1,31832.6249,0.0000,0.8993,4537.3476,0.0000,0.1171,7.8053,0.0000,0.0142,36377.7778,0.0000,1.0305,36377.7773,25,0
70810.0000,7081,2004,2.7000,4,1000,1000,1,31836.6578,0.0000,0.8994,4539.0813,0.0000,0.1171,7.8042,0.0000,0.0142,36383.5432,0.0000,1.0306,36383.5430,24,0
70820.0000,7082,2002,2.7000,2,1000,1000,1,31841.0725,0.0000,0.8994,4538.4404,0.0000,0.1171,7.8031,0.0000,0.0142,36387.3160,0.0000,1.0306,36387.3164,24,0
70830.0000,7083,2005,2.7000,5,1000,1000,1,31844.6627,0.0000,0.8994,4537.7996,0.0000,0.1170,7.8020,0.0000,0.0142,36390.2643,0.0000,1.0306,36390.2656,24,0
70840.0000,7084,2002,2.7000,2,1000,1000,1,31850.2630,0.0000,0.8994,4537.1590,0.0000,0.1170,7.8009,0.0000,0.0142,36395.2229,0.0000,1.0306,36395.2227,24,0
70850.0000,7085,2007,2.7000,7,1000,1000,1,31854.2002,0.0000,0.8995,4540.3392,0.0000,0.1170,7.7998,0.0000,0.0142,36402.3392,0.0000,1.0307,36402.3398,25,0
70860.0000,7086,2012,2.7000,12,1000,1000,1,31856.9624,0.0000,0.8995,4539.6985,0.0000,0.1170,7.7987,0.0000,0.0142,36404.4596,0.0000,1.0307,36404.4609,25,0
70870.0000,7087,2011,2.7000,11,1000,1000,1,31863.5736,0.0000,0.8995,4539.0579,0.0000,0.1170,7.7976,0.0000,0.0142,36410.4292,0.0000,1.0307,36410.4297,25,0
70880.0000,7088,2015,2.7000,15,1000,1000,1,31868.5106,0.0000,0.8996,4538.4175,0.0000,0.1170,7.7965,0.0000,0.0142,36414.7247,0.0000,1.0307,36414.7266,25,0
70890.0000,7089,2012,2.7000,12,1000,1000,1,31871.8740,0.0000,0.8996,4537.7773,0.0000,0.1170,7.7954,0.0000,0.0141,36417.4467,0.0000,1.0307,36417.4453,25,0
70900.0000,7090,2011,2.7000,11,1000,1000,1,31876.6458,0.0000,0.8996,4537.1373,0.0000,0.1169,7.7943,0.0000,0.0141,36421.5774,0.0000,1.0306,36421.5781,25,0
70910.0000,7091,2013,2.7000,13,1000,1000,1,31881.3124,0.0000,0.8996,4536.4975,0.0000,0.1169,7.7932,0.0000,0.0141,36425.6030,0.0000,1.0307,36425.6016,25,0
70920.0000,7092,2000,2.7000,0,1000,1000,1,31884.7475,0.0000,0.8995,4535.8578,0.0000,0.1169,7.7921,0.0000,0.0141,36428.3974,0.0000,1.0306,36428.3984,24,0
70930.0000,7093,1998,2.7000,1,997,1000,1,31890.7071,0.0000,0.8995,4545.2682,0.0000,0.1169,7.7910,0.0000,0.0141,36443.7662,0.0000,1.0306,36443.7656,24,0
70940.0000,7094,2003,2.7000,3,1000,1000,1,31894.8533,0.0000,0.8996,4544.9535,0.0000,0.1170,7.7899,0.0000,0.0141,36447.5967,0.0000,1.0307,36447.5977,24,0
70950.0000,7095,2008,2.7000,8,1000,1000,1,31900.0654,0.0000,0.8996,4544.3130,0.0000,0.1170,7.7888,0.0000,0.0141,36452.1671,0.0000,1.0307,36452.1680,25,0
70960.0000,7096,2009,2.7000,9,1000,1000,1,31903.8217,0.0000,0.8996,4543.6725,0.0000,0.1169,7.7877,0.0000,0.0141,36455.2819,0.0000,1.0307,36455.2812,25,0
70970.0000,7097,2002,2.7000,2,1000,1000,1,31908.8285,0.0000,0.8996,4543.0323,0.0000,0.1169,7.7866,0.0000,0.0141,36459.6475,0.0000,1.0307,36459.6484,24,0
70980.0000,7098,1999,2.7000,0,999,1000,1,31911.6694,0.0000,0.8996,4542.3923,0.0000,0.1169,7.7855,0.0000,0.0141,36461.8472,0.0000,1.0306,36461.8477,24,0
70990.0000,7099,2003,2.7000,3,1000,1000,1,31916.9046,0.0000,0.8996,4547.8135,0.0000,0.1169,7.7844,0.0000,0.0141,36472.5024,0.0000,1.0307,36472.5039,24,0
71000.0000,7100,2005,2.7000,5,1000,1000,1,31922.3308,0.0000,0.8996,4547.1729,0.0000,0.1169,7.7833,0.0000,0.0141,36477.2870,0.0000,1.0307,36477.2852,24,0
71010.0000,7101,2002,2.7000,2,1000,1000,1,31926.6900,0.0000,0.8996,4546.5326,0.0000,0.1169,7.7822,0.0000,0.0141,36481.0048,0.0000,1.0306,36481.0039,24,0
71020.0000,7102,2005,2.7000,5,1000,1000,1,31928.8526,0.0000,0.8996,4545.8924,0.0000,0.1169,7.7811,0.0000,0.0141,36482.5261,0.0000,1.0306,36482.5273,24,0
71030.0000,7103,2003,2.7000,3,1000,1000,1,31935.7031,0.0000,0.8996,4545.2524,0.0000,0.1168,7.7800,0.0000,0.0141,36488.7355,0.0000,1.0306,36488.7344,24,0
71040.0000,7104,2005,2.7000,5,1000,1000,1,31940.6252,0.0000,0.8996,4544.6126,0.0000,0.1168,7.7789,0.0000,0.0141,36493.0167,0.0000,1.0306,36493.0156,24,0
71050.0000,7105,2006,2.7000,6,1000,1000,1,31944.9110,0.0000,0.8997,4543.9730,0.0000,0.1168,7.7778,0.0000,0.0141,36496.6618,0.0000,1.0306,36496.6602,25,0
71060.0000,7106,2009,2.7000,9,1000,1000,1,31947.8198,0.0000,0.8997,4543.3335,0.0000,0.1168,7.7767,0.0000,0.0141,36498.9301,0.0000,1.0306,36498.9297,25,0
71070.0000,7107,2001,2.7000,1,1000,1000,1,31947.5669,0.0000,0.8996,4542.6942,0.0000,0.1168,7.7756,0.0000,0.0141,36498.0368,0.0000,1.0305,36498.0352,24,0
71080.0000,7108,2001,2.7000,1,1000,1000,1,31958.5752,0.0000,0.8997,4542.0551,0.0000,0.1168,7.7745,0.0000,0.0141,36508.4049,0.0000,1.0305,36508.4062,24,0
71090.0000,7109,2000,2.7000,0,1000,1000,1,31961.6236,0.0000,0.8996,4553.4636,0.0000,0.1168,7.7734,0.0000,0.0141,36522.8607,0.0000,1.0305,36522.8594,24,0
71100.0000,7110,1999,2.7000,0,999,1000,1,31965.3824,0.0000,0.8996,4553.8371,0.0000,0.1168,7.7724,0.0000,0.0141,36526.9918,0.0000,1.0305,36526.9922,24,0
71110.0000,7111,2001,2.7000,1,1000,1000,1,31971.2481,0.0000,0.8997,4554.8735,0.0000,0.1168,7.7713,0.0000,0.0141,36533.8929,0.0000,1.0306,36533.8945,24,0
71120.0000,7112,2002,2.7000,3,999,1000,1,31976.1440,0.0000,0.8997,4555.3872,0.0000,0.1169,7.7702,0.0000,0.0141,36539.3014,0.0000,1.0306,36539.3008,24,0
71130.0000,7113,2003,2.7000,4,999,1000,1,31979.1706,0.0000,0.8997,4554.8684,0.0000,0.1169,7.7691,0.0000,0.0141,36541.8081,0.0000,1.0306,36541.8086,24,0
71140.0000,7114,2010,2.7000,10,1000,1000,1,31985.4698,0.0000,0.8997,4555.4277,0.0000,0.1169,7.7680,0.0000,0.0141,36548.6655,0.0000,1.0307,36548.6641,25,0
71150.0000,7115,2000,2.7000,0,1000,1000,1,31985.7999,0.0000,0.8997,4554.7875,0.0000,0.1168,7.7669,0.0000,0.0141,36548.3543,0.0000,1.0306,36548.3555,24,0
71160.0000,7116,2006,2.7000,6,1000,1000,1,31994.1453,0.0000,0.8998,4557.2467,0.0000,0.1168,7.7658,0.0000,0.0141,36559.1578,0.0000,1.0307,36559.1562,25,0
71170.0000,7117,2002,2.7000,2,1000,1000,1,31998.8364,0.0000,0.8997,4556.6064,0.0000,0.1168,7.7647,0.0000,0.0141,36563.2074,0.0000,1.0306,36563.2070,24,0
71180.0000,7118,2004,2.7000,4,1000,1000,1,32003.5032,0.0000,0.8998,4555.9662,0.0000,0.1168,7.7636,0.0000,0.0141,36567.2330,0.0000,1.0307,36567.2344,24,0
71190.0000,7119,2000,2.7000,1,999,1000,1,32008.0081,0.0000,0.8997,4559.1514,0.0000,0.1168,7.7625,0.0000,0.0141,36574.9220,0.0000,1.0307,36574.9219,24,0
71200.0000,7120,2005,2.7000,5,1000,1000,1,32012.1582,0.0000,0.8997,4558.6431,0.0000,0.1168,7.7614,0.0000,0.0141,36578.5628,0.0000,1.0307,36578.5625,24,0
71210.0000,7121,2008,2.7000,8,1000,1000,1,32017.0728,0.0000,0.8998,4558.0030,0.0000,0.1168,7.7603,0.0000,0.0141,36582.8362,0.0000,1.0307,36582.8359,25,0
71220.0000,7122,2004,2.7000,4,1000,1000,1,32020.3866,0.0000,0.8997,4557.3630,0.0000,0.1168,7.7593,0.0000,0.0141,36585.5088,0.0000,1.0306,36585.5078,24,0
71230.0000,7123,2004,2.7000,4,1000,1000,1,32024.7482,0.0000,0.8997,4556.7232,0.0000,0.1168,7.7582,0.0000,0.0141,36589.2296,0.0000,1.0306,36589.2305,24,0
71240.0000,7124,2002,2.7000,2,1000,1000,1,32028.4091,0.0000,0.8997,4556.0835,0.0000,0.1168,7.7571,0.0000,0.0141,36592.2497,0.0000,1.0306,36592.2500,24,0
71250.0000,7125,2004,2.7000,4,1000,1000,1,32034.7369,0.0000,0.8997,4555.4441,0.0000,0.1168,7.7560,0.0000,0.0141,36597.9370,0.0000,1.0306,36597.9375,24,0
71260.0000,7126,2004,2.7000,4,1000,1000,1,32039.3268,0.0000,0.8998,4554.8048,0.0000,0.1167,7.7549,0.0000,0.0141,36601.8865,0.0000,1.0306,36601.8867,24,0
71270.0000,7127,2012,2.7000,12,1000,1000,1,32043.8317,0.0000,0.8999,4554.1657,0.0000,0.1167,7.7538,0.0000,0.0141,36605.7512,0.0000,1.0307,36605.7500,25,0
71280.0000,7128,2015,2.7000,15,1000,1000,1,32047.8175,0.0000,0.8999,4553.5268,0.0000,0.1167,7.7527,0.0000,0.0141,36609.0970,0.0000,1.0307,36609.0977,25,0
71290.0000,7129,2014,2.7000,14,1000,1000,1,32053.1272,0.0000,0.8998,4552.8881,0.0000,0.1167,7.7516,0.0000,0.0141,36613.7669,0.0000,1.0306,36613.7656,25,0
71300.0000,7130,2026,2.7000,26,1000,1000,1,32057.3412,0.0000,0.8999,4552.2495,0.0000,0.1167,7.7506,0.0000,0.0141,36617.3413,0.0000,1.0307,36617.3398,26,0
71310.0000,7131,2026,2.7000,26,1000,1000,1,32061.2275,0.0000,0.9000,4551.6112,0.0000,0.1167,7.7495,0.0000,0.0141,36620.5881,0.0000,1.0307,36620.5898,26,0
71320.0000,7132,2024,2.7000,24,1000,1000,1,32066.0850,0.0000,0.9000,4550.9730,0.0000,0.1166,7.7484,0.0000,0.0141,36624.8064,0.0000,1.0307,36624.8047,26,0
71330.0000,7133,2022,2.7000,22,1000,1000,1,32071.0349,0.0000,0.8999,4550.3349,0.0000,0.1166,7.7473,0.0000,0.0141,36629.1172,0.0000,1.0306,36629.1172,26,0
71340.0000,7134,2023,2.7000,23,1000,1000,1,32075.6973,0.0000,0.9000,4549.6971,0.0000,0.1166,7.7462,0.0000,0.0141,36633.1406,0.0000,1.0306,36633.1406,26,0
71350.0000,7135,2016,2.7000,16,1000,1000,1,32079.8195,0.0000,0.8999,4549.0594,0.0000,0.1166,7.7451,0.0000,0.0141,36636.6241,0.0000,1.0306,36636.6250,25,0
71360.0000,7136,2021,2.7000,21,1000,1000,1,32084.6556,0.0000,0.9000,4548.4220,0.0000,0.1166,7.7440,0.0000,0.0141,36640.8216,0.0000,1.0306,36640.8203,26,0
71370.0000,7137,2020,2.7000,20,1000,1000,1,32087.0127,0.0000,0.8999,4547.7847,0.0000,0.1166,7.7429,0.0000,0.0141,36642.5403,0.0000,1.0306,36642.5391,25,0
71380.0000,7138,2018,2.7000,18,1000,1000,1,32093.0532,0.0000,0.8999,4547.1475,0.0000,0.1165,7.7419,0.0000,0.0141,36647.9426,0.0000,1.0305,36647.9414,25,0
71390.0000,7139,2021,2.7000,21,1000,1000,1,32098.2121,0.0000,0.9000,4546.5106,0.0000,0.1165,7.7408,0.0000,0.0140,36652.4635,0.0000,1.0306,36652.4648,26,0
71400.0000,7140,2018,2.7000,18,1000,1000,1,32101.8671,0.0000,0.9000,4545.8738,0.0000,0.1165,7.7397,0.0000,0.0140,36655.4806,0.0000,1.0306,36655.4805,25,0
71410.0000,7141,2015,2.7000,15,1000,1000,1,32106.3230,0.0000,0.9000,4545.2372,0.0000,0.1165,7.7386,0.0000,0.0140,36659.2988,0.0000,1.0305,36659.3008,25,0
71420.0000,7142,2008,2.7000,8,1000,1000,1,32111.1040,0.0000,0.9000,4544.6008,0.0000,0.1165,7.7375,0.0000,0.0140,36663.4423,0.0000,1.0305,36663.4414,25,0
71430.0000,7143,2003,2.7000,3,1000,1000,1,32115.3947,0.0000,0.9000,4543.9646,0.0000,0.1165,7.7364,0.0000,0.0140,36667.0958,0.0000,1.0305,36667.0977,24,0
71440.0000,7144,2008,2.7000,8,1000,1000,1,32120.1099,0.0000,0.9000,4543.3285,0.0000,0.1164,7.7354,0.0000,0.0140,36671.1738,0.0000,1.0305,36671.1719,25,0
71450.0000,7145,2006,2.7000,6,1000,1000,1,32125.1224,0.0000,0.9000,4542.6927,0.0000,0.1164,7.7343,0.0000,0.0140,36675.5494,0.0000,1.0305,36675.5508,25,0
71460.0000,7146,2005,2.7000,5,1000,1000,1,32128.9770,0.0000,0.9000,4542.0570,0.0000,0.1164,7.7332,0.0000,0.0140,36678.7672,0.0000,1.0305,36678.7656,24,0
71470.0000,7147,1999,2.7000,0,999,1000,1,32131.8787,0.0000,0.8999,4541.4215,0.0000,0.1164,7.7321,0.0000,0.0140,36681.0322,0.0000,1.0304,36681.0312,24,0
71480.0000,7148,2006,2.7000,6,1000,1000,1,32137.5423,0.0000,0.9000,4573.4032,0.0000,0.1164,7.7310,0.0000,0.0140,36718.6765,0.0000,1.0304,36718.6758,25,0
71490.0000,7149,2009,2.7000,9,1000,1000,1,32142.3773,0.0000,0.9000,4572.7634,0.0000,0.1164,7.7300,0.0000,0.0140,36722.8707,0.0000,1.0304,36722.8711,25,0
71500.0000,7150,2010,2.7000,10,1000,1000,1,32146.6428,0.0000,0.9000,4572.1239,0.0000,0.1164,7.7289,0.0000,0.0140,36726.4955,0.0000,1.0304,36726.4961,25,0
71510.0000,7151,2007,2.7000,7,1000,1000,1,32152.1643,0.0000,0.9000,4571.4845,0.0000,0.1163,7.7278,0.0000,0.0140,36731.3766,0.0000,1.0304,36731.3750,25,0
71520.0000,7152,2004,2.7000,4,1000,1000,1,32156.7265,0.0000,0.9001,4570.8453,0.0000,0.1163,7.7267,0.0000,0.0140,36735.2985,0.0000,1.0304,36735.2969,24,0
71530.0000,7153,2009,2.7000,9,1000,1000,1,32160.6107,0.0000,0.9001,4570.2063,0.0000,0.1163,7.7256,0.0000,0.0140,36738.5427,0.0000,1.0304,36738.5430,25,0
71540.0000,7154,1997,2.7000,0,997,1000,1,32163.5958,0.0000,0.9000,4577.5448,0.0000,0.1163,7.7245,0.0000,0.0140,36748.8651,0.0000,1.0304,36748.8633,24,0
71550.0000,7155,2004,2.7000,4,1000,1000,1,32170.2542,0.0000,0.9001,4577.4163,0.0000,0.1164,7.7235,0.0000,0.0140,36755.3940,0.0000,1.0305,36755.3945,24,0
71560.0000,7156,2002,2.7000,2,1000,1000,1,32174.3752,0.0000,0.9001,4578.0798,0.0000,0.1164,7.7224,0.0000,0.0140,36760.1774,0.0000,1.0305,36760.1758,24,0
71570.0000,7157,1996,2.7000,1,995,1000,1,32179.1126,0.0000,0.9000,4577.4401,0.0000,0.1164,7.7213,0.0000,0.0140,36764.2741,0.0000,1.0304,36764.2734,24,0
71580.0000,7158,2000,2.7000,0,1000,1000,1,32182.9539,0.0000,0.9000,4579.2781,0.0000,0.1164,7.7202,0.0000,0.0140,36769.9522,0.0000,1.0305,36769.9531,24,0
71590.0000,7159,2000,2.7000,3,997,1000,1,32187.9958,0.0000,0.9001,4580.1375,0.0000,0.1164,7.7192,0.0000,0.0140,36775.8525,0.0000,1.0305,36775.8516,24,0
71600.0000,7160,2007,2.7000,7,1000,1000,1,32192.1774,0.0000,0.9001,4579.7908,0.0000,0.1165,7.7181,0.0000,0.0140,36779.6863,0.0000,1.0305,36779.6875,25,0
71610.0000,7161,2003,2.7000,3,1000,1000,1,32196.5392,0.0000,0.9000,4579.1513,0.0000,0.1164,7.7170,0.0000,0.0140,36783.4075,0.0000,1.0305,36783.4062,24,0
71620.0000,7162,2000,2.7000,0,1000,1000,1,32197.6725,0.0000,0.9000,4578.5119,0.0000,0.1164,7.7159,0.0000,0.0140,36783.9004,0.0000,1.0304,36783.8984,24,0
71630.0000,7163,2008,2.7000,8,1000,1000,1,32205.3610,0.0000,0.9001,4581.4035,0.0000,0.1164,7.7148,0.0000,0.0140,36794.4794,0.0000,1.0305,36794.4805,25,0
71640.0000,7164,1998,2.7000,0,998,1000,1,32210.7681,0.0000,0.9000,4580.7640,0.0000,0.1164,7.7138,0.0000,0.0140,36799.2459,0.0000,1.0304,36799.2461,24,0
71650.0000,7165,2002,2.7000,2,1000,1000,1,32215.0011,0.0000,0.9000,4582.3945,0.0000,0.1164,7.7127,0.0000,0.0140,36805.1083,0.0000,1.0304,36805.1094,24,0
71660.0000,7166,2000,2.7000,1,999,1000,1,32219.6153,0.0000,0.9000,4583.8339,0.0000,0.1164,7.7116,0.0000,0.0140,36811.1609,0.0000,1.0304,36811.1602,24,0
71670.0000,7167,2004,2.7000,4,1000,1000,1,32223.9269,0.0000,0.9000,4583.5461,0.0000,0.1164,7.7105,0.0000,0.0140,36815.1836,0.0000,1.0305,36815.1836,24,0
71680.0000,7168,2003,2.7000,3,1000,1000,1,32228.6156,0.0000,0.9000,4582.9067,0.0000,0.1164,7.7095,0.0000,0.0140,36819.2317,0.0000,1.0304,36819.2305,24,0
71690.0000,7169,2003,2.7000,3,1000,1000,1,32232.5744,0.0000,0.9000,4585.4181,0.0000,0.1164,7.7084,0.0000,0.0140,36825.7009,0.0000,1.0304,36825.6992,24,0
71700.0000,7170,2010,2.7000,10,1000,1000,1,32237.6581,0.0000,0.9001,4584.7786,0.0000,0.1164,7.7073,0.0000,0.0140,36830.1440,0.0000,1.0304,36830.1445,25,0
71710.0000,7171,2004,2.7000,4,1000,1000,1,32241.5209,0.0000,0.9001,4584.1392,0.0000,0.1164,7.7062,0.0000,0.0140,36833.3663,0.0000,1.0304,36833.3672,24,0
71720.0000,7172,2000,2.7000,0,1000,1000,1,32244.3417,0.0000,0.9001,4583.5000,0.0000,0.1164,7.7052,0.0000,0.0140,36835.5469,0.0000,1.0304,36835.5469,24,0
71730.0000,7173,2000,2.7000,0,1000,1000,1,32249.8313,0.0000,0.9001,4586.5754,0.0000,0.1164,7.7041,0.0000,0.0140,36844.1109,0.0000,1.0304,36844.1094,24,0
71740.0000,7174,2001,2.7000,1,1000,1000,1,32254.8373,0.0000,0.9001,4587.4007,0.0000,0.1164,7.7030,0.0000,0.0140,36849.9410,0.0000,1.0305,36849.9414,24,0
71750.0000,7175,2000,2.7000,0,1000,1000,1,32259.4832,0.0000,0.9001,4588.1932,0.0000,0.1164,7.7019,0.0000,0.0140,36855.3783,0.0000,1.0305,36855.3789,24,0
71760.0000,7176,2002,2.7000,2,1000,1000,1,32264.8552,0.0000,0.9001,4588.8562,0.0000,0.1164,7.7009,0.0000,0.0140,36861.4123,0.0000,1.0305,36861.4141,24,0
71770.0000,7177,2006,2.7000,6,1000,1000,1,32268.7725,0.0000,0.9002,4588.2168,0.0000,0.1164,7.6998,0.0000,0.0140,36864.6892,0.0000,1.0306,36864.6875,25,0
71780.0000,7178,2003,2.7000,3,1000,1000,1,32273.3194,0.0000,0.9001,4587.5776,0.0000,0.1164,7.6987,0.0000,0.0140,36868.5958,0.0000,1.0305,36868.5977,24,0
71790.0000,7179,2002,2.7000,2,1000,1000,1,32277.2505,0.0000,0.9001,4590.5545,0.0000,0.1164,7.6976,0.0000,0.0140,36875.5027,0.0000,1.0305,36875.5039,24,0
71800.0000,7180,2007,2.7000,7,1000,1000,1,32282.2697,0.0000,0.9002,4590.7561,0.0000,0.1165,7.6966,0.0000,0.0140,36880.7223,0.0000,1.0306,36880.7227,25,0
71810.0000,7181,2012,2.7000,12,1000,1000,1,32285.8411,0.0000,0.9002,4590.1168,0.0000,0.1164,7.6955,0.0000,0.0140,36883.6534,0.0000,1.0306,36883.6523,25,0
71820.0000,7182,2013,2.7000,13,1000,1000,1,32291.5439,0.0000,0.9003,4589.4777,0.0000,0.1164,7.6944,0.0000,0.0140,36888.7160,0.0000,1.0306,36888.7148,25,0
71830.0000,7183,2013,2.7000,13,1000,1000,1,32296.4063,0.0000,0.9003,4588.8387,0.0000,0.1164,7.6934,0.0000,0.0140,36892.9384,0.0000,1.0306,36892.9375,25,0
71840.0000,7184,2020,2.7000,20,1000,1000,1,32300.6519,0.0000,0.9004,4588.2000,0.0000,0.1164,7.6923,0.0000,0.0140,36896.5442,0.0000,1.0307,36896.5430,25,0
71850.0000,7185,2018,2.7000,18,1000,1000,1,32305.2429,0.0000,0.9004,4587.5614,0.0000,0.1164,7.6912,0.0000,0.0140,36900.4956,0.0000,1.0308,36900.4961,25,0
71860.0000,7186,2007,2.7000,7,1000,1000,1,32307.7088,0.0000,0.9003,4586.9230,0.0000,0.1164,7.6902,0.0000,0.0140,36902.3220,0.0000,1.0307,36902.3203,25,0
71870.0000,7187,2006,2.7000,6,1000,1000,1,32314.0716,0.0000,0.9003,4586.2848,0.0000,0.1163,7.6891,0.0000,0.0140,36908.0454,0.0000,1.0306,36908.0469,25,0
71880.0000,7188,2007,2.7000,7,1000,1000,1,32316.5157,0.0000,0.9003,4585.6467,0.0000,0.1163,7.6880,0.0000,0.0140,36909.8504,0.0000,1.0306,36909.8516,25,0
71890.0000,7189,2007,2.7000,7,1000,1000,1,32323.3400,0.0000,0.9003,4585.0089,0.0000,0.1163,7.6869,0.0000,0.0140,36916.0358,0.0000,1.0306,36916.0352,25,0
71900.0000,7190,2008,2.7000,8,1000,1000,1,32326.9152,0.0000,0.9003,4584.3712,0.0000,0.1163,7.6859,0.0000,0.0139,36918.9723,0.0000,1.0306,36918.9727,25,0
71910.0000,7191,2009,2.7000,9,1000,1000,1,32332.4559,0.0000,0.9004,4583.7337,0.0000,0.1163,7.6848,0.0000,0.0139,36923.8743,0.0000,1.0306,36923.8750,25,0
71920.0000,7192,2001,2.7000,1,1000,1000,1,32336.6374,0.0000,0.9004,4597.2728,0.0000,0.1163,7.6837,0.0000,0.0139,36941.5940,0.0000,1.0307,36941.5938,24,0
71930.0000,7193,2005,2.7000,5,1000,1000,1,32341.1384,0.0000,0.9004,4597.3724,0.0000,0.1163,7.6827,0.0000,0.0139,36946.1934,0.0000,1.0307,36946.1953,24,0
71940.0000,7194,2000,2.7000,0,1000,1000,1,32344.4139,0.0000,0.9003,4596.7333,0.0000,0.1163,7.6816,0.0000,0.0139,36948.8288,0.0000,1.0306,36948.8281,24,0
71950.0000,7195,2006,2.7000,6,1000,1000,1,32350.4900,0.0000,0.9003,4598.2090,0.0000,0.1163,7.6805,0.0000,0.0139,36956.3796,0.0000,1.0306,36956.3789,25,0
71960.0000,7196,2011,2.7000,11,1000,1000,1,32354.8623,0.0000,0.9003,4597.5700,0.0000,0.1163,7.6795,0.0000,0.0139,36960.1118,0.0000,1.0306,36960.1133,25,0
71970.0000,7197,2018,2.7000,18,1000,1000,1,32359.0085,0.0000,0.9003,4596.9312,0.0000,0.1163,7.6784,0.0000,0.0139,36963.6181,0.0000,1.0306,36963.6172,25,0
71980.0000,7198,2028,2.7000,28,1000,1000,1,32363.5940,0.0000,0.9004,4596.2926,0.0000,0.1163,7.6773,0.0000,0.0139,36967.5639,0.0000,1.0307,36967.5625,26,0
71990.0000,7199,2028,2.7000,28,1000,1000,1,32368.5055,0.0000,0.9004,4595.6541,0.0000,0.1163,7.6763,0.0000,0.0139,36971.8359,0.0000,1.0306,36971.8359,26,0
72000.0000,7200,2018,2.7000,18,1000,1000,1,32370.9409,0.0000,0.9003,4595.0158,0.0000,0.1163,7.6752,0.0000,0.0139,36973.6319,0.0000,1.0305,36973.6328,25,0
72010.0000,7201,2017,2.7000,17,1000,1000,1,32377.5371,0.0000,0.9003,4594.3777,0.0000,0.1162,7.6741,0.0000,0.0139,36979.5889,0.0000,1.0305,36979.5898,25,0
72020.0000,7202,2019,2.7000,19,1000,1000,1,32381.8577,0.0000,0.9004,4593.7398,0.0000,0.1162,7.6731,0.0000,0.0139,36983.2705,0.0000,1.0305,36983.2695,25,0
72030.0000,7203,2012,2.7000,12,1000,1000,1,32385.3707,0.0000,0.9004,4593.1020,0.0000,0.1162,7.6720,0.0000,0.0139,36986.1448,0.0000,1.0305,36986.1445,25,0
72040.0000,7204,2011,2.7000,11,1000,1000,1,32390.2912,0.0000,0.9004,4592.4644,0.0000,0.1162,7.6709,0.0000,0.0139,36990.4266,0.0000,1.0305,36990.4258,25,0
72050.0000,7205,2016,2.7000,16,1000,1000,1,32395.2556,0.0000,0.9004,4591.8270,0.0000,0.1162,7.6699,0.0000,0.0139,36994.7525,0.0000,1.0305,36994.7539,25,0
72060.0000,7206,2012,2.7000,12,1000,1000,1,32398.9816,0.0000,0.9003,4591.1898,0.0000,0.1162,7.6688,0.0000,0.0139,36997.8402,0.0000,1.0304,36997.8398,25,0
72070.0000,7207,2001,2.7000,1,1000,1000,1,32402.9802,0.0000,0.9003,4590.5528,0.0000,0.1162,7.6677,0.0000,0.0139,37001.2007,0.0000,1.0304,37001.1992,24,0
72080.0000,7208,1995,2.7000,0,995,1000,1,32408.2785,0.0000,0.9002,4605.7181,0.0000,0.1162,7.6667,0.0000,0.0139,37021.6632,0.0000,1.0304,37021.6641,24,0
72090.0000,7209,2004,2.7000,4,1000,1000,1,32412.7026,0.0000,0.9003,4605.7517,0.0000,0.1163,7.6656,0.0000,0.0139,37026.1199,0.0000,1.0304,37026.1211,24,0
72100.0000,7210,2005,2.7000,5,1000,1000,1,32417.8296,0.0000,0.9003,4605.1129,0.0000,0.1163,7.6646,0.0000,0.0139,37030.6070,0.0000,1.0305,37030.6055,24,0
72110.0000,7211,2011,2.7000,11,1000,1000,1,32422.5067,0.0000,0.9004,4604.4742,0.0000,0.1162,7.6635,0.0000,0.0139,37034.6445,0.0000,1.0306,37034.6445,25,0
72120.0000,7212,2011,2.7000,11,1000,1000,1,32426.1846,0.0000,0.9005,4603.8358,0.0000,0.1162,7.6624,0.0000,0.0139,37037.6828,0.0000,1.0306,37037.6836,25,0
72130.0000,7213,2004,2.7000,4,1000,1000,1,32430.8753,0.0000,0.9005,4603.1975,0.0000,0.1162,7.6614,0.0000,0.0139,37041.7342,0.0000,1.0306,37041.7344,24,0
72140.0000,7214,2002,2.7000,2,1000,1000,1,32435.6259,0.0000,0.9004,4602.5594,0.0000,0.1162,7.6603,0.0000,0.0139,37045.8457,0.0000,1.0305,37045.8438,24,0
72150.0000,7215,2002,2.7000,2,1000,1000,1,32436.8852,0.0000,0.9004,4601.9215,0.0000,0.1162,7.6592,0.0000,0.0139,37046.4659,0.0000,1.0305,37046.4648,24,0
72160.0000,7216,2002,2.7000,2,1000,1000,1,32445.1117,0.0000,0.9004,4610.0133,0.0000,0.1162,7.6582,0.0000,0.0139,37062.7832,0.0000,1.0305,37062.7812,24,0
72170.0000,7217,2006,2.7000,6,1000,1000,1,32449.4377,0.0000,0.9004,4610.0514,0.0000,0.1162,7.6571,0.0000,0.0139,37067.1462,0.0000,1.0306,37067.1445,25,0
72180.0000,7218,2008,2.7000,8,1000,1000,1,32453.4600,0.0000,0.9005,4609.4127,0.0000,0.1162,7.6561,0.0000,0.0139,37070.5288,0.0000,1.0305,37070.5273,25,0
72190.0000,7219,2001,2.7000,1,1000,1000,1,32458.4280,0.0000,0.9004,4611.2213,0.0000,0.1162,7.6550,0.0000,0.0139,37077.3043,0.0000,1.0305,37077.3047,24,0
72200.0000,7220,2006,2.7000,6,1000,1000,1,32463.0206,0.0000,0.9005,4611.7128,0.0000,0.1162,7.6539,0.0000,0.0139,37082.3873,0.0000,1.0306,37082.3867,25,0
72210.0000,7221,2005,2.7000,5,1000,1000,1,32467.5053,0.0000,0.9005,4611.0742,0.0000,0.1162,7.6529,0.0000,0.0139,37086.2323,0.0000,1.0306,37086.2305,24,0
72220.0000,7222,2007,2.7000,7,1000,1000,1,32472.1801,0.0000,0.9005,4610.4357,0.0000,0.1162,7.6518,0.0000,0.0139,37090.2676,0.0000,1.0306,37090.2695,25,0
72230.0000,7223,2012,2.7000,12,1000,1000,1,32476.5531,0.0000,0.9005,4609.7974,0.0000,0.1162,7.6508,0.0000,0.0139,37094.0012,0.0000,1.0306,37094.0000,25,0
72240.0000,7224,2017,2.7000,17,1000,1000,1,32480.6575,0.0000,0.9006,4609.1593,0.0000,0.1162,7.6497,0.0000,0.0139,37097.4665,0.0000,1.0306,37097.4648,25,0
72250.0000,7225,2009,2.7000,9,1000,1000,1,32483.6985,0.0000,0.9005,4608.5213,0.0000,0.1161,7.6486,0.0000,0.0139,37099.8684,0.0000,1.0305,37099.8672,25,0
72260.0000,7226,2004,2.7000,4,1000,1000,1,32489.3767,0.0000,0.9005,4607.8835,0.0000,0.1161,7.6476,0.0000,0.0139,37104.9078,0.0000,1.0305,37104.9062,24,0
72270.0000,7227,2002,2.7000,2,1000,1000,1,32493.9664,0.0000,0.9005,4607.2459,0.0000,0.1161,7.6465,0.0000,0.0139,37108.8589,0.0000,1.0305,37108.8594,24,0
72280.0000,7228,2009,2.7000,9,1000,1000,1,32499.0682,0.0000,0.9006,4606.6085,0.0000,0.1161,7.6455,0.0000,0.0139,37113.3222,0.0000,1.0305,37113.3203,25,0
72290.0000,7229,2005,2.7000,5,1000,1000,1,32503.4643,0.0000,0.9005,4605.9713,0.0000,0.1161,7.6444,0.0000,0.0139,37117.0800,0.0000,1.0305,37117.0781,24,0
72300.0000,7230,2007,2.7000,7,1000,1000,1,32508.0483,0.0000,0.9006,4605.3342,0.0000,0.1161,7.6434,0.0000,0.0139,37121.0259,0.0000,1.0305,37121.0273,25,0
72310.0000,7231,2014,2.7000,14,1000,1000,1,32512.6010,0.0000,0.9006,4604.6973,0.0000,0.1160,7.6423,0.0000,0.0139,37124.9406,0.0000,1.0305,37124.9414,25,0
72320.0000,7232,2018,2.7000,18,1000,1000,1,32517.1248,0.0000,0.9006,4604.0606,0.0000,0.1160,7.6412,0.0000,0.0139,37128.8267,0.0000,1.0305,37128.8281,25,0
72330.0000,7233,2020,2.7000,20,1000,1000,1,32521.0815,0.0000,0.9007,4603.4241,0.0000,0.1160,7.6402,0.0000,0.0139,37132.1458,0.0000,1.0305,37132.1445,25,0
72340.0000,7234,2018,2.7000,18,1000,1000,1,32523.1959,0.0000,0.9006,4602.7877,0.0000,0.1160,7.6391,0.0000,0.0139,37133.6228,0.0000,1.0305,37133.6211,25,0
72350.0000,7235,2019,2.7000,19,1000,1000,1,32529.6953,0.0000,0.9007,4602.1516,0.0000,0.1160,7.6381,0.0000,0.0139,37139.4849,0.0000,1.0305,37139.4844,25,0
72360.0000,7236,2021,2.7000,21,1000,1000,1,32534.7239,0.0000,0.9007,4601.5155,0.0000,0.1160,7.6370,0.0000,0.0139,37143.8764,0.0000,1.0305,37143.8750,26,0
72370.0000,7237,2019,2.7000,19,1000,1000,1,32539.6724,0.0000,0.9007,4600.8797,0.0000,0.1159,7.6360,0.0000,0.0139,37148.1881,0.0000,1.0305,37148.1875,25,0
72380.0000,7238,2021,2.7000,21,1000,1000,1,32540.5320,0.0000,0.9007,4600.2441,0.0000,0.1159,7.6349,0.0000,0.0139,37148.4110,0.0000,1.0305,37148.4102,26,0
72390.0000,7239,2018,2.7000,18,1000,1000,1,32545.7074,0.0000,0.9007,4599.6086,0.0000,0.1159,7.6338,0.0000,0.0139,37152.9498,0.0000,1.0304,37152.9492,25,0
72400.0000,7240,2016,2.7000,16,1000,1000,1,32552.3262,0.0000,0.9006,4598.9733,0.0000,0.1159,7.6328,0.0000,0.0139,37158.9322,0.0000,1.0304,37158.9336,25,0
72410.0000,7241,2010,2.7000,10,1000,1000,1,32557.0058,0.0000,0.9006,4598.3381,0.0000,0.1159,7.6317,0.0000,0.0139,37162.9757,0.0000,1.0303,37162.9766,25,0
72420.0000,7242,2013,2.7000,13,1000,1000,1,32561.4255,0.0000,0.9006,4597.7032,0.0000,0.1159,7.6307,0.0000,0.0138,37166.7594,0.0000,1.0303,37166.7578,25,0
72430.0000,7243,2015,2.7000,15,1000,1000,1,32565.5238,0.0000,0.9006,4597.0684,0.0000,0.1158,7.6296,0.0000,0.0138,37170.2218,0.0000,1.0303,37170.2227,25,0
72440.0000,7244,2011,2.7000,11,1000,1000,1,32571.0651,0.0000,0.9006,4596.4338,0.0000,0.1158,7.6286,0.0000,0.0138,37175.1275,0.0000,1.0302,37175.1289,25,0
72450.0000,7245,2010,2.7000,10,1000,1000,1,32573.4455,0.0000,0.9005,4595.7994,0.0000,0.1158,7.6275,0.0000,0.0138,37176.8724,0.0000,1.0302,37176.8711,25,0
72460.0000,7246,2008,2.7000,8,1000,1000,1,32580.1563,0.0000,0.9005,4595.1651,0.0000,0.1158,7.6265,0.0000,0.0138,37182.9479,0.0000,1.0301,37182.9492,25,0
72470.0000,7247,2011,2.7000,11,1000,1000,1,32583.4138,0.0000,0.9005,4594.5310,0.0000,0.1158,7.6254,0.0000,0.0138,37185.5702,0.0000,1.0301,37185.5703,25,0
72480.0000,7248,2011,2.7000,11,1000,1000,1,32588.1694,0.0000,0.9005,4593.8971,0.0000,0.1158,7.6244,0.0000,0.0138,37189.6909,0.0000,1.0301,37189.6914,25,0
72490.0000,7249,2007,2.7000,7,1000,1000,1,32592.5049,0.0000,0.9004,4593.2634,0.0000,0.1158,7.6233,0.0000,0.0138,37193.3917,0.0000,1.0300,37193.3906,25,0
72500.0000,7250,2007,2.7000,7,1000,1000,1,32597.4136,0.0000,0.9005,4592.6299,0.0000,0.1157,7.6223,0.0000,0.0138,37197.6657,0.0000,1.0301,37197.6641,25,0
72510.0000,7251,2009,2.7000,9,1000,1000,1,32602.5780,0.0000,0.9005,4591.9965,0.0000,0.1157,7.6212,0.0000,0.0138,37202.1957,0.0000,1.0301,37202.1953,25,0
72520.0000,7252,2007,2.7000,7,1000,1000,1,32606.3476,0.0000,0.9005,4591.3633,0.0000,0.1157,7.6202,0.0000,0.0138,37205.3310,0.0000,1.0300,37205.3320,25,0
72530.0000,7253,2010,2.7000,10,1000,1000,1,32610.8342,0.0000,0.9005,4590.7302,0.0000,0.1157,7.6191,0.0000,0.0138,37209.1836,0.0000,1.0300,37209.1836,25,0
72540.0000,7254,2014,2.7000,14,1000,1000,1,32615.5862,0.0000,0.9005,4590.0974,0.0000,0.1157,7.6181,0.0000,0.0138,37213.3016,0.0000,1.0300,37213.3008,25,0
72550.0000,7255,2008,2.7000,8,1000,1000,1,32619.2536,0.0000,0.9005,4589.4647,0.0000,0.1157,7.6170,0.0000,0.0138,37216.3353,0.0000,1.0300,37216.3359,25,0
72560.0000,7256,2018,2.7000,18,1000,1000,1,32623.8682,0.0000,0.9006,4588.8322,0.0000,0.1156,7.6160,0.0000,0.0138,37220.3164,0.0000,1.0300,37220.3164,25,0
72570.0000,7257,2013,2.7000,13,1000,1000,1,32629.5493,0.0000,0.9005,4588.1999,0.0000,0.1156,7.6149,0.0000,0.0138,37225.3641,0.0000,1.0300,37225.3633,25,0
72580.0000,7258,2006,2.7000,6,1000,1000,1,32634.0085,0.0000,0.9005,4587.5677,0.0000,0.1156,7.6139,0.0000,0.0138,37229.1901,0.0000,1.0299,37229.1914,25,0
72590.0000,7259,2006,2.7000,6,1000,1000,1,32637.4139,0.0000,0.9005,4586.9357,0.0000,0.1156,7.6128,0.0000,0.0138,37231.9624,0.0000,1.0299,37231.9609,25,0
72600.0000,7260,2000,2.7000,1,999,1000,1,32643.1934,0.0000,0.9005,4632.9628,0.0000,0.1156,7.6118,0.0000,0.0138,37283.7679,0.0000,1.0299,37283.7695,24,0
72610.0000,7261,1998,2.7000,0,998,1000,1,32646.5340,0.0000,0.9004,4632.8088,0.0000,0.1156,7.6107,0.0000,0.0138,37286.9535,0.0000,1.0299,37286.9531,24,0
72620.0000,7262,2000,2.7000,0,1000,1000,1,32650.9876,0.0000,0.9005,4633.7260,0.0000,0.1157,7.6097,0.0000,0.0138,37292.3232,0.0000,1.0300,37292.3242,24,0
72630.0000,7263,2004,2.7000,4,1000,1000,1,32656.7882,0.0000,0.9005,4633.6826,0.0000,0.1157,7.6086,0.0000,0.0138,37298.0794,0.0000,1.0301,37298.0781,24,0
72640.0000,7264,2002,2.7000,2,1000,1000,1,32661.0238,0.0000,0.9005,4633.0447,0.0000,0.1157,7.6076,0.0000,0.0138,37301.6761,0.0000,1.0300,37301.6758,24,0
72650.0000,7265,1997,2.7000,0,997,1000,1,32665.2558,0.0000,0.9004,4635.3628,0.0000,0.1158,7.6065,0.0000,0.0138,37308.2251,0.0000,1.0301,37308.2266,24,0
72660.0000,7266,2004,2.7000,4,1000,1000,1,32670.4220,0.0000,0.9005,4635.8487,0.0000,0.1159,7.6055,0.0000,0.0138,37313.8762,0.0000,1.0302,37313.8750,24,0
72670.0000,7267,2003,2.7000,3,1000,1000,1,32673.8411,0.0000,0.9005,4635.2108,0.0000,0.1159,7.6044,0.0000,0.0138,37316.6564,0.0000,1.0301,37316.6562,24,0
72680.0000,7268,2004,2.7000,4,1000,1000,1,32679.0175,0.0000,0.9005,4636.8137,0.0000,0.1159,7.6034,0.0000,0.0138,37323.4346,0.0000,1.0302,37323.4336,24,0
72690.0000,7269,2003,2.7000,3,1000,1000,1,32682.4031,0.0000,0.9005,4636.1758,0.0000,0.1159,7.6023,0.0000,0.0138,37326.1812,0.0000,1.0302,37326.1797,24,0
72700.0000,7270,2007,2.7000,7,1000,1000,1,32687.7058,0.0000,0.9006,4635.5381,0.0000,0.1159,7.6013,0.0000,0.0138,37330.8452,0.0000,1.0302,37330.8438,25,0
72710.0000,7271,2002,2.7000,2,1000,1000,1,32692.6971,0.0000,0.9005,4634.9006,0.0000,0.1158,7.6003,0.0000,0.0138,37335.1980,0.0000,1.0302,37335.1992,24,0
72720.0000,7272,1997,2.7000,1,996,1000,1,32697.0547,0.0000,0.9005,4634.2632,0.0000,0.1158,7.5992,0.0000,0.0138,37338.9171,0.0000,1.0301,37338.9180,24,0
72730.0000,7273,2010,2.7000,10,1000,1000,1,32702.1549,0.0000,0.9006,4638.7681,0.0000,0.1159,7.5982,0.0000,0.0138,37348.5212,0.0000,1.0302,37348.5195,25,0
72740.0000,7274,2019,2.7000,19,1000,1000,1,32706.3703,0.0000,0.9007,4638.1304,0.0000,0.1159,7.5971,0.0000,0.0138,37352.0978,0.0000,1.0303,37352.0977,25,0
72750.0000,7275,2015,2.7000,15,1000,1000,1,32711.1186,0.0000,0.9007,4637.4929,0.0000,0.1158,7.5961,0.0000,0.0138,37356.2075,0.0000,1.0303,37356.2070,25,0
72760.0000,7276,2017,2.7000,17,1000,1000,1,32713.9595,0.0000,0.9007,4636.8555,0.0000,0.1158,7.5950,0.0000,0.0138,37358.4100,0.0000,1.0303,37358.4102,25,0
72770.0000,7277,2018,2.7000,18,1000,1000,1,32718.4947,0.0000,0.9007,4636.2183,0.0000,0.1158,7.5940,0.0000,0.0138,37362.3070,0.0000,1.0303,37362.3086,25,0
72780.0000,7278,2018,2.7000,18,1000,1000,1,32724.2902,0.0000,0.9008,4635.5813,0.0000,0.1158,7.5929,0.0000,0.0138,37367.4644,0.0000,1.0303,37367.4648,25,0
72790.0000,7279,2023,2.7000,23,1000,1000,1,32728.5407,0.0000,0.9008,4634.9444,0.0000,0.1158,7.5919,0.0000,0.0138,37371.0770,0.0000,1.0303,37371.0781,26,0
72800.0000,7280,2018,2.7000,18,1000,1000,1,32731.6186,0.0000,0.9008,4634.3078,0.0000,0.1158,7.5909,0.0000,0.0138,37373.5172,0.0000,1.0303,37373.5156,25,0
72810.0000,7281,2014,2.7000,14,1000,1000,1,32735.0244,0.0000,0.9007,4633.6713,0.0000,0.1157,7.5898,0.0000,0.0138,37376.2855,0.0000,1.0302,37376.2852,25,0
72820.0000,7282,2009,2.7000,9,1000,1000,1,32741.7965,0.0000,0.9006,4633.0350,0.0000,0.1157,7.5888,0.0000,0.0138,37382.4202,0.0000,1.0301,37382.4219,25,0
72830.0000,7283,2007,2.7000,7,1000,1000,1,32747.2047,0.0000,0.9006,4632.3988,0.0000,0.1157,7.5877,0.0000,0.0138,37387.1912,0.0000,1.0301,37387.1914,25,0
72840.0000,7284,2012,2.7000,12,1000,1000,1,32751.5632,0.0000,0.9006,4631.7628,0.0000,0.1157,7.5867,0.0000,0.0138,37390.9127,0.0000,1.0301,37390.9141,25,0
72850.0000,7285,2021,2.7000,21,1000,1000,1,32756.2025,0.0000,0.9007,4631.1270,0.0000,0.1157,7.5856,0.0000,0.0138,37394.9152,0.0000,1.0302,37394.9141,26,0
72860.0000,7286,2021,2.7000,21,1000,1000,1,32759.7802,0.0000,0.9007,4630.4914,0.0000,0.1157,7.5846,0.0000,0.0138,37397.8562,0.0000,1.0302,37397.8555,26,0
72870.0000,7287,2021,2.7000,21,1000,1000,1,32764.3889,0.0000,0.9008,4629.8560,0.0000,0.1156,7.5836,0.0000,0.0138,37401.8284,0.0000,1.0302,37401.8281,26,0
72880.0000,7288,2025,2.7000,25,1000,1000,1,32769.7463,0.0000,0.9008,4629.2207,0.0000,0.1156,7.5825,0.0000,0.0138,37406.5495,0.0000,1.0302,37406.5508,26,0
72890.0000,7289,2023,2.7000,23,1000,1000,1,32772.3554,0.0000,0.9007,4628.5856,0.0000,0.1156,7.5815,0.0000,0.0138,37408.5225,0.0000,1.0301,37408.5234,26,0
72900.0000,7290,2022,2.7000,22,1000,1000,1,32778.1256,0.0000,0.9007,4627.9507,0.0000,0.1156,7.5804,0.0000,0.0138,37413.6567,0.0000,1.0301,37413.6562,26,0
72910.0000,7291,2017,2.7000,17,1000,1000,1,32782.2650,0.0000,0.9007,4627.3159,0.0000,0.1156,7.5794,0.0000,0.0138,37417.1603,0.0000,1.0301,37417.1602,25,0
72920.0000,7292,2021,2.7000,21,1000,1000,1,32786.3935,0.0000,0.9008,4626.6814,0.0000,0.1156,7.5784,0.0000,0.0138,37420.6532,0.0000,1.0301,37420.6523,26,0
72930.0000,7293,2022,2.7000,22,1000,1000,1,32791.2204,0.0000,0.9008,4626.0470,0.0000,0.1155,7.5773,0.0000,0.0138,37424.8447,0.0000,1.0301,37424.8438,26,0
72940.0000,7294,2019,2.7000,19,1000,1000,1,32795.1517,0.0000,0.9008,4625.4127,0.0000,0.1155,7.5763,0.0000,0.0138,37428.1407,0.0000,1.0301,37428.1406,25,0
72950.0000,7295,2018,2.7000,18,1000,1000,1,32800.0976,0.0000,0.9008,4624.7787,0.0000,0.1155,7.5752,0.0000,0.0137,37432.4516,0.0000,1.0301,37432.4531,25,0
72960.0000,7296,2020,2.7000,20,1000,1000,1,32805.8131,0.0000,0.9008,4624.1448,0.0000,0.1155,7.5742,0.0000,0.0137,37437.5321,0.0000,1.0301,37437.5312,25,0
72970.0000,7297,2017,2.7000,17,1000,1000,1,32809.1597,0.0000,0.9008,4623.5111,0.0000,0.1155,7.5732,0.0000,0.0137,37440.2440,0.0000,1.0301,37440.2422,25,0
72980.0000,7298,2016,2.7000,16,1000,1000,1,32813.4957,0.0000,0.9008,4622.8776,0.0000,0.1155,7.5721,0.0000,0.0137,37443.9454,0.0000,1.0300,37443.9453,25,0
72990.0000,7299,2008,2.7000,8,1000,1000,1,32818.9483,0.0000,0.9008,4622.2442,0.0000,0.1155,7.5711,0.0000,0.0137,37448.7636,0.0000,1.0300,37448.7617,25,0
73000.0000,7300,1999,2.7000,1,998,1000,1,32823.6256,0.0000,0.9007,4653.7587,0.0000,0.1155,7.5701,0.0000,0.0137,37484.9543,0.0000,1.0299,37484.9531,24,0
73010.0000,7301,2004,2.7000,4,1000,1000,1,32828.1581,0.0000,0.9007,4653.1562,0.0000,0.1155,7.5690,0.0000,0.0137,37488.8833,0.0000,1.0299,37488.8828,24,0
73020.0000,7302,2000,2.7000,0,1000,1000,1,32827.9587,0.0000,0.9006,4652.5189,0.0000,0.1154,7.5680,0.0000,0.0137,37488.0456,0.0000,1.0298,37488.0469,24,0
73030.0000,7303,2000,2.7000,1,999,1000,1,32837.2856,0.0000,0.9007,4655.1148,0.0000,0.1155,7.5669,0.0000,0.0137,37499.9674,0.0000,1.0299,37499.9688,24,0
73040.0000,7304,2003,2.7000,3,1000,1000,1,32841.5945,0.0000,0.9007,4654.8983,0.0000,0.1155,7.5659,0.0000,0.0137,37504.0587,0.0000,1.0299,37504.0586,24,0
73050.0000,7305,2004,2.7000,4,1000,1000,1,32845.9732,0.0000,0.9007,4655.8921,0.0000,0.1155,7.5649,0.0000,0.0137,37509.4301,0.0000,1.0299,37509.4297,24,0
73060.0000,7306,2003,2.7000,3,1000,1000,1,32848.6238,0.0000,0.9007,4656.3534,0.0000,0.1155,7.5638,0.0000,0.0137,37512.5411,0.0000,1.0299,37512.5430,24,0
73070.0000,7307,2002,2.7000,2,1000,1000,1,32855.3896,0.0000,0.9007,4655.7161,0.0000,0.1155,7.5628,0.0000,0.0137,37518.6685,0.0000,1.0299,37518.6680,24,0
73080.0000,7308,2003,2.7000,3,1000,1000,1,32859.3700,0.0000,0.9007,4657.4012,0.0000,0.1155,7.5618,0.0000,0.0137,37524.3330,0.0000,1.0299,37524.3320,24,0
73090.0000,7309,2008,2.7000,8,1000,1000,1,32863.6040,0.0000,0.9007,4656.7640,0.0000,0.1155,7.5607,0.0000,0.0137,37527.9287,0.0000,1.0299,37527.9297,25,0
73100.0000,7310,2008,2.7000,8,1000,1000,1,32869.0384,0.0000,0.9007,4656.1269,0.0000,0.1155,7.5597,0.0000,0.0137,37532.7251,0.0000,1.0299,37532.7266,25,0
73110.0000,7311,2014,2.7000,14,1000,1000,1,32873.5492,0.0000,0.9007,4655.4901,0.0000,0.1155,7.5587,0.0000,0.0137,37536.5979,0.0000,1.0299,37536.5977,25,0
73120.0000,7312,2016,2.7000,16,1000,1000,1,32878.0463,0.0000,0.9008,4654.8534,0.0000,0.1154,7.5576,0.0000,0.0137,37540.4573,0.0000,1.0299,37540.4570,25,0
73130.0000,7313,2020,2.7000,20,1000,1000,1,32882.5250,0.0000,0.9008,4654.2168,0.0000,0.1154,7.5566,0.0000,0.0137,37544.2985,0.0000,1.0300,37544.2969,25,0
73140.0000,7314,2024,2.7000,24,1000,1000,1,32886.5845,0.0000,0.9008,4653.5805,0.0000,0.1154,7.5556,0.0000,0.0137,37547.7206,0.0000,1.0300,37547.7188,26,0
73150.0000,7315,2032,2.7000,32,1000,1000,1,32890.7570,0.0000,0.9009,4652.9443,0.0000,0.1154,7.5545,0.0000,0.0137,37551.2559,0.0000,1.0300,37551.2539,26,0
73160.0000,7316,2028,2.7000,28,1000,1000,1,32895.2720,0.0000,0.9009,4652.3083,0.0000,0.1154,7.5535,0.0000,0.0137,37555.1338,0.0000,1.0300,37555.1328,26,0
73170.0000,7317,2040,2.7000,40,1000,1000,1,32900.0842,0.0000,0.9010,4651.6725,0.0000,0.1154,7.5525,0.0000,0.0137,37559.3092,0.0000,1.0301,37559.3086,26,0
73180.0000,7318,2032,2.7000,32,1000,1000,1,32904.8760,0.0000,0.9010,4651.0369,0.0000,0.1153,7.5514,0.0000,0.0137,37563.4643,0.0000,1.0301,37563.4648,26,0
73190.0000,7319,2033,2.7000,33,1000,1000,1,32909.5993,0.0000,0.9010,4650.4014,0.0000,0.1153,7.5504,0.0000,0.0137,37567.5511,0.0000,1.0301,37567.5508,26,0
73200.0000,7320,2027,2.7000,27,1000,1000,1,32913.6499,0.0000,0.9010,4649.7661,0.0000,0.1153,7.5494,0.0000,0.0137,37570.9654,0.0000,1.0300,37570.9648,26,0
73210.0000,7321,2026,2.7000,26,1000,1000,1,32918.4627,0.0000,0.9010,4649.1310,0.0000,0.1153,7.5483,0.0000,0.0137,37575.1420,0.0000,1.0300,37575.1406,26,0
73220.0000,7322,2025,2.7000,25,1000,1000,1,32922.6992,0.0000,0.9010,4648.4960,0.0000,0.1153,7.5473,0.0000,0.0137,37578.7425,0.0000,1.0300,37578.7422,26,0
73230.0000,7323,2018,2.7000,18,1000,1000,1,32925.0949,0.0000,0.9010,4647.8612,0.0000,0.1153,7.5463,0.0000,0.0137,37580.5024,0.0000,1.0299,37580.5039,25,0
73240.0000,7324,2021,2.7000,21,1000,1000,1,32931.6522,0.0000,0.9010,4647.2266,0.0000,0.1153,7.5453,0.0000,0.0137,37586.4241,0.0000,1.0300,37586.4258,26,0
73250.0000,7325,2020,2.7000,20,1000,1000,1,32936.7078,0.0000,0.9010,4646.5922,0.0000,0.1152,7.5442,0.0000,0.0137,37590.8442,0.0000,1.0299,37590.8438,25,0
73260.0000,7326,2022,2.7000,22,1000,1000,1,32939.9208,0.0000,0.9010,4645.9579,0.0000,0.1152,7.5432,0.0000,0.0137,37593.4220,0.0000,1.0299,37593.4219,26,0
73270.0000,7327,2018,2.7000,18,1000,1000,1,32944.9910,0.0000,0.9010,4645.3238,0.0000,0.1152,7.5422,0.0000,0.0137,37597.8570,0.0000,1.0299,37597.8555,25,0
73280.0000,7328,2024,2.7000,24,1000,1000,1,32949.7646,0.0000,0.9011,4644.6899,0.0000,0.1152,7.5411,0.0000,0.0137,37601.9957,0.0000,1.0299,37601.9961,26,0
73290.0000,7329,2024,2.7000,24,1000,1000,1,32954.3276,0.0000,0.9010,4644.0562,0.0000,0.1152,7.5401,0.0000,0.0137,37605.9239,0.0000,1.0299,37605.9258,26,0
73300.0000,7330,2026,2.7000,26,1000,1000,1,32959.0873,0.0000,0.9010,4643.4226,0.0000,0.1152,7.5391,0.0000,0.0137,37610.0490,0.0000,1.0299,37610.0508,26,0
73310.0000,7331,2032,2.7000,32,1000,1000,1,32963.8336,0.0000,0.9011,4642.7892,0.0000,0.1151,7.5380,0.0000,0.0137,37614.1609,0.0000,1.0299,37614.1602,26,0
73320.0000,7332,2034,2.7000,34,1000,1000,1,32967.9590,0.0000,0.9011,4642.1560,0.0000,0.1151,7.5370,0.0000,0.0137,37617.6521,0.0000,1.0299,37617.6523,26,0
73330.0000,7333,2039,2.7000,39,1000,1000,1,32972.5172,0.0000,0.9011,4641.5230,0.0000,0.1151,7.5360,0.0000,0.0137,37621.5761,0.0000,1.0299,37621.5742,26,0
73340.0000,7334,2033,2.7000,33,1000,1000,1,32971.0207,0.0000,0.9011,4640.8901,0.0000,0.1151,7.5350,0.0000,0.0137,37619.4457,0.0000,1.0298,37619.4453,26,0
73350.0000,7335,2028,2.7000,28,1000,1000,1,32981.3550,0.0000,0.9010,4640.2574,0.0000,0.1151,7.5339,0.0000,0.0137,37629.1463,0.0000,1.0298,37629.1445,26,0
73360.0000,7336,2023,2.7000,23,1000,1000,1,32986.1177,0.0000,0.9010,4639.6248,0.0000,0.1151,7.5329,0.0000,0.0137,37633.2755,0.0000,1.0298,37633.2773,26,0
73370.0000,7337,2020,2.7000,20,1000,1000,1,32990.8644,0.0000,0.9011,4638.9925,0.0000,0.1150,7.5319,0.0000,0.0137,37637.3888,0.0000,1.0298,37637.3906,25,0
73380.0000,7338,2022,2.7000,22,1000,1000,1,32993.9078,0.0000,0.9010,4638.3603,0.0000,0.1150,7.5309,0.0000,0.0137,37639.7990,0.0000,1.0297,37639.8008,26,0
73390.0000,7339,2013,2.7000,13,1000,1000,1,32999.8290,0.0000,0.9010,4637.7283,0.0000,0.1150,7.5298,0.0000,0.0137,37645.0871,0.0000,1.0297,37645.0859,25,0
73400.0000,7340,2008,2.7000,8,1000,1000,1,33004.0599,0.0000,0.9009,4637.0964,0.0000,0.1150,7.5288,0.0000,0.0137,37648.6851,0.0000,1.0296,37648.6836,25,0
73410.0000,7341,2005,2.7000,5,1000,1000,1,33008.7886,0.0000,0.9009,4636.4648,0.0000,0.1150,7.5278,0.0000,0.0137,37652.7812,0.0000,1.0296,37652.7812,24,0
73420.0000,7342,2000,2.7000,0,1000,1000,1,33011.9705,0.0000,0.9009,4635.8333,0.0000,0.1150,7.5268,0.0000,0.0137,37655.3305,0.0000,1.0296,37655.3320,24,0
73430.0000,7343,2001,2.7000,1,1000,1000,1,33015.9348,0.0000,0.9008,4675.7160,0.0000,0.1150,7.5257,0.0000,0.0137,37699.1765,0.0000,1.0295,37699.1758,24,0
73440.0000,7344,2001,2.7000,1,1000,1000,1,33022.2574,0.0000,0.9009,4675.0793,0.0000,0.1150,7.5247,0.0000,0.0137,37704.8614,0.0000,1.0295,37704.8633,24,0
73450.0000,7345,1999,2.7000,0,999,1000,1,33025.2773,0.0000,0.9009,4676.6922,0.0000,0.1150,7.5237,0.0000,0.0137,37709.4933,0.0000,1.0295,37709.4922,24,0
73460.0000,7346,2002,2.7000,2,1000,1000,1,33031.3105,0.0000,0.9009,4676.8097,0.0000,0.1150,7.5227,0.0000,0.0137,37715.6429,0.0000,1.0295,37715.6445,24,0
73470.0000,7347,1998,2.7000,0,998,1000,1,33032.4107,0.0000,0.9008,4677.7166,0.0000,0.1150,7.5216,0.0000,0.0137,37717.6490,0.0000,1.0295,37717.6484,24,0
73480.0000,7348,1998,2.7000,0,998,1000,1,33036.8280,0.0000,0.9008,4677.5248,0.0000,0.1150,7.5206,0.0000,0.0136,37721.8734,0.0000,1.0295,37721.8750,24,0
73490.0000,7349,2000,2.7000,2,998,1000,1,33043.1108,0.0000,0.9007,4678.8871,0.0000,0.1152,7.5196,0.0000,0.0136,37729.5175,0.0000,1.0296,37729.5156,24,0
73500.0000,7350,2002,2.7000,2,1000,1000,1,33049.4856,0.0000,0.9007,4679.4829,0.0000,0.1152,7.5186,0.0000,0.0136,37736.4870,0.0000,1.0296,37736.4883,24,0
73510.0000,7351,2004,2.7000,4,1000,1000,1,33054.0470,0.0000,0.9008,4678.8463,0.0000,0.1152,7.5175,0.0000,0.0136,37740.4108,0.0000,1.0297,37740.4102,24,0
73520.0000,7352,1995,2.7000,0,995,1000,1,33055.5556,0.0000,0.9007,4678.2099,0.0000,0.1152,7.5165,0.0000,0.0136,37741.2820,0.0000,1.0296,37741.2812,24,0
73530.0000,7353,2003,2.7000,3,1000,1000,1,33062.0264,0.0000,0.9007,4680.3409,0.0000,0.1153,7.5155,0.0000,0.0136,37749.8828,0.0000,1.0296,37749.8828,24,0
73540.0000,7354,2004,2.7000,4,1000,1000,1,33067.5163,0.0000,0.9007,4679.7045,0.0000,0.1152,7.5145,0.0000,0.0136,37754.7353,0.0000,1.0296,37754.7344,24,0
73550.0000,7355,2007,2.7000,7,1000,1000,1,33071.0753,0.0000,0.9007,4679.0682,0.0000,0.1152,7.5135,0.0000,0.0136,37757.6569,0.0000,1.0295,37757.6562,25,0
73560.0000,7356,2009,2.7000,9,1000,1000,1,33075.2308,0.0000,0.9007,4678.4321,0.0000,0.1152,7.5124,0.0000,0.0136,37761.1754,0.0000,1.0296,37761.1758,25,0
73570.0000,7357,2012,2.7000,12,1000,1000,1,33079.4765,0.0000,0.9007,4677.7962,0.0000,0.1152,7.5114,0.0000,0.0136,37764.7841,0.0000,1.0296,37764.7852,25,0
73580.0000,7358,2011,2.7000,11,1000,1000,1,33084.8556,0.0000,0.9007,4677.1605,0.0000,0.1152,7.5104,0.0000,0.0136,37769.5265,0.0000,1.0295,37769.5273,25,0
73590.0000,7359,2001,2.7000,1,1000,1000,1,33088.0030,0.0000,0.9007,4676.5249,0.0000,0.1152,7.5094,0.0000,0.0136,37772.0373,0.0000,1.0294,37772.0391,24,0
73600.0000,7360,2004,2.7000,4,1000,1000,1,33094.0894,0.0000,0.9007,4684.4128,0.0000,0.1152,7.5083,0.0000,0.0136,37786.0106,0.0000,1.0294,37786.0117,24,0
73610.0000,7361,2007,2.7000,7,1000,1000,1,33098.8489,0.0000,0.9006,4683.7764,0.0000,0.1151,7.5073,0.0000,0.0136,37790.1326,0.0000,1.0294,37790.1328,25,0
73620.0000,7362,2002,2.7000,2,1000,1000,1,33103.2588,0.0000,0.9006,4683.1402,0.0000,0.1151,7.5063,0.0000,0.0136,37793.9053,0.0000,1.0294,37793.9062,24,0
73630.0000,7363,1996,2.7000,0,996,1000,1,33105.7779,0.0000,0.9006,4685.9278,0.0000,0.1151,7.5053,0.0000,0.0136,37799.2110,0.0000,1.0293,37799.2109,24,0
73640.0000,7364,1998,2.7000,1,997,1000,1,33112.7097,0.0000,0.9005,4686.7343,0.0000,0.1152,7.5043,0.0000,0.0136,37806.9483,0.0000,1.0293,37806.9492,24,0
73650.0000,7365,1996,2.7000,2,994,1000,1,33116.9361,0.0000,0.9005,4686.4438,0.0000,0.1152,7.5032,0.0000,0.0136,37810.8831,0.0000,1.0293,37810.8828,24,0
73660.0000,7366,2002,2.7000,2,1000,1000,1,33121.7081,0.0000,0.9004,4687.4760,0.0000,0.1153,7.5022,0.0000,0.0136,37816.6864,0.0000,1.0294,37816.6875,24,0
73670.0000,7367,1996,2.7000,0,996,1000,1,33124.8381,0.0000,0.9004,4688.1825,0.0000,0.1153,7.5012,0.0000,0.0136,37820.5218,0.0000,1.0293,37820.5234,24,0
73680.0000,7368,2004,2.7000,4,1000,1000,1,33128.8997,0.0000,0.9004,4688.5071,0.0000,0.1154,7.5002,0.0000,0.0136,37824.9070,0.0000,1.0294,37824.9062,24,0
73690.0000,7369,2006,2.7000,6,1000,1000,1,33134.4762,0.0000,0.9005,4687.8708,0.0000,0.1154,7.4992,0.0000,0.0136,37829.8462,0.0000,1.0295,37829.8477,25,0
73700.0000,7370,2007,2.7000,7,1000,1000,1,33139.5179,0.0000,0.9005,4687.2347,0.0000,0.1154,7.4982,0.0000,0.0136,37834.2508,0.0000,1.0294,37834.2500,25,0
73710.0000,7371,2009,2.7000,9,1000,1000,1,33144.1754,0.0000,0.9005,4686.5988,0.0000,0.1153,7.4971,0.0000,0.0136,37838.2714,0.0000,1.0295,37838.2695,25,0
73720.0000,7372,2008,2.7000,8,1000,1000,1,33145.5032,0.0000,0.9005,4685.9631,0.0000,0.1153,7.4961,0.0000,0.0136,37838.9625,0.0000,1.0294,37838.9609,25,0
73730.0000,7373,2006,2.7000,6,1000,1000,1,33152.2993,0.0000,0.9004,4685.3276,0.0000,0.1153,7.4951,0.0000,0.0136,37845.1220,0.0000,1.0293,37845.1211,25,0
73740.0000,7374,2007,2.7000,7,1000,1000,1,33156.3259,0.0000,0.9004,4684.6922,0.0000,0.1153,7.4941,0.0000,0.0136,37848.5122,0.0000,1.0293,37848.5117,25,0
73750.0000,7375,2016,2.7000,16,1000,1000,1,33161.3282,0.0000,0.9005,4684.0570,0.0000,0.1153,7.4931,0.0000,0.0136,37852.8782,0.0000,1.0294,37852.8789,25,0
73760.0000,7376,2011,2.7000,11,1000,1000,1,33166.5759,0.0000,0.9005,4683.4219,0.0000,0.1153,7.4921,0.0000,0.0136,37857.4899,0.0000,1.0294,37857.4883,25,0
73770.0000,7377,2013,2.7000,13,1000,1000,1,33170.9273,0.0000,0.9006,4682.7870,0.0000,0.1153,7.4910,0.0000,0.0136,37861.2054,0.0000,1.0294,37861.2070,25,0
73780.0000,7378,2013,2.7000,13,1000,1000,1,33172.2022,0.0000,0.9005,4682.1524,0.0000,0.1152,7.4900,0.0000,0.0136,37861.8445,0.0000,1.0293,37861.8438,25,0
73790.0000,7379,2011,2.7000,11,1000,1000,1,33180.1644,0.0000,0.9006,4681.5178,0.0000,0.1152,7.4890,0.0000,0.0136,37869.1712,0.0000,1.0294,37869.1719,25,0
73800.0000,7380,2018,2.7000,18,1000,1000,1,33183.4996,0.0000,0.9006,4680.8835,0.0000,0.1152,7.4880,0.0000,0.0136,37871.8711,0.0000,1.0294,37871.8711,25,0
73810.0000,7381,2014,2.7000,14,1000,1000,1,33187.7134,0.0000,0.9005,4680.2493,0.0000,0.1152,7.4870,0.0000,0.0136,37875.4497,0.0000,1.0293,37875.4492,25,0
73820.0000,7382,2007,2.7000,7,1000,1000,1,33191.4697,0.0000,0.9005,4679.6153,0.0000,0.1152,7.4860,0.0000,0.0136,37878.5709,0.0000,1.0293,37878.5703,25,0
73830.0000,7383,2003,2.7000,3,1000,1000,1,33198.1715,0.0000,0.9005,4678.9815,0.0000,0.1152,7.4850,0.0000,0.0136,37884.6379,0.0000,1.0292,37884.6367,24,0
73840.0000,7384,2004,2.7000,4,1000,1000,1,33202.4379,0.0000,0.9006,4678.3478,0.0000,0.1151,7.4839,0.0000,0.0136,37888.2696,0.0000,1.0293,37888.2695,24,0
73850.0000,7385,2003,2.7000,3,1000,1000,1,33206.4998,0.0000,0.9006,4677.7143,0.0000,0.1151,7.4829,0.0000,0.0136,37891.6971,0.0000,1.0293,37891.6953,24,0
73860.0000,7386,2003,2.7000,3,1000,1000,1,33211.7494,0.0000,0.9006,4697.9389,0.0000,0.1151,7.4819,0.0000,0.0136,37917.1702,0.0000,1.0293,37917.1719,24,0
73870.0000,7387,1999,2.7000,0,999,1000,1,33214.6095,0.0000,0.9005,4698.4773,0.0000,0.1152,7.4809,0.0000,0.0136,37920.5677,0.0000,1.0292,37920.5664,24,0
73880.0000,7388,2002,2.7000,2,1000,1000,1,33220.7674,0.0000,0.9005,4698.1804,0.0000,0.1152,7.4799,0.0000,0.0136,37926.4276,0.0000,1.0293,37926.4258,24,0
73890.0000,7389,1998,2.7000,0,998,1000,1,33220.8020,0.0000,0.9005,4699.6349,0.0000,0.1152,7.4789,0.0000,0.0136,37927.9158,0.0000,1.0293,37927.9141,24,0
73900.0000,7390,2000,2.7000,0,1000,1000,1,33228.3475,0.0000,0.9004,4700.1544,0.0000,0.1153,7.4779,0.0000,0.0136,37935.9797,0.0000,1.0293,37935.9805,24,0
73910.0000,7391,2002,2.7000,2,1000,1000,1,33232.8442,0.0000,0.9004,4700.1070,0.0000,0.1154,7.4769,0.0000,0.0136,37940.4280,0.0000,1.0294,37940.4297,24,0
73920.0000,7392,2002,2.7000,2,1000,1000,1,33238.1957,0.0000,0.9004,4700.3525,0.0000,0.1154,7.4758,0.0000,0.0136,37946.0240,0.0000,1.0294,37946.0234,24,0
73930.0000,7393,1999,2.7000,0,999,1000,1,33242.7179,0.0000,0.9004,4699.7167,0.0000,0.1154,7.4748,0.0000,0.0136,37949.9094,0.0000,1.0293,37949.9102,24,0
73940.0000,7394,2001,2.7000,1,1000,1000,1,33245.5551,0.0000,0.9003,4701.6310,0.0000,0.1154,7.4738,0.0000,0.0136,37954.6599,0.0000,1.0293,37954.6602,24,0
73950.0000,7395,2001,2.7000,1,1000,1000,1,33251.5864,0.0000,0.9003,4701.7760,0.0000,0.1154,7.4728,0.0000,0.0136,37960.8353,0.0000,1.0293,37960.8359,24,0
73960.0000,7396,2001,2.7000,1,1000,1000,1,33256.8739,0.0000,0.9003,4703.1448,0.0000,0.1154,7.4718,0.0000,0.0136,37967.4905,0.0000,1.0293,37967.4922,24,0
73970.0000,7397,2005,2.7000,5,1000,1000,1,33259.6742,0.0000,0.9003,4702.5090,0.0000,0.1154,7.4708,0.0000,0.0136,37969.6540,0.0000,1.0292,37969.6523,24,0
73980.0000,7398,2004,2.7000,4,1000,1000,1,33263.7282,0.0000,0.9003,4701.8733,0.0000,0.1154,7.4698,0.0000,0.0136,37973.0713,0.0000,1.0293,37973.0703,24,0
73990.0000,7399,2004,2.7000,4,1000,1000,1,33269.1931,0.0000,0.9003,4701.2379,0.0000,0.1153,7.4688,0.0000,0.0136,37977.8998,0.0000,1.0292,37977.8984,24,0
74000.0000,7400,2008,2.7000,8,1000,1000,1,33274.0036,0.0000,0.9004,4700.6026,0.0000,0.1153,7.4678,0.0000,0.0136,37982.0740,0.0000,1.0293,37982.0742,25,0
74010.0000,7401,2008,2.7000,8,1000,1000,1,33279.4948,0.0000,0.9004,4699.9674,0.0000,0.1153,7.4668,0.0000,0.0136,37986.9290,0.0000,1.0293,37986.9297,25,0
74020.0000,7402,2017,2.7000,17,1000,1000,1,33283.8762,0.0000,0.9005,4699.3325,0.0000,0.1153,7.4657,0.0000,0.0136,37990.6744,0.0000,1.0293,37990.6758,25,0
74030.0000,7403,2014,2.7000,14,1000,1000,1,33287.1587,0.0000,0.9004,4698.6977,0.0000,0.1153,7.4647,0.0000,0.0135,37993.3211,0.0000,1.0293,37993.3203,25,0
74040.0000,7404,2009,2.7000,9,1000,1000,1,33292.4050,0.0000,0.9004,4698.0631,0.0000,0.1153,7.4637,0.0000,0.0135,37997.9318,0.0000,1.0292,37997.9336,25,0
74050.0000,7405,2017,2.7000,17,1000,1000,1,33297.2234,0.0000,0.9005,4697.4286,0.0000,0.1152,7.4627,0.0000,0.0135,38002.1148,0.0000,1.0293,38002.1133,25,0
74060.0000,7406,2013,2.7000,13,1000,1000,1,33297.6835,0.0000,0.9004,4696.7943,0.0000,0.1152,7.4617,0.0000,0.0135,38001.9396,0.0000,1.0292,38001.9414,25,0
74070.0000,7407,2010,2.7000,10,1000,1000,1,33305.7999,0.0000,0.9004,4696.1602,0.0000,0.1152,7.4607,0.0000,0.0135,38009.4209,0.0000,1.0291,38009.4219,25,0
74080.0000,7408,2011,2.7000,11,1000,1000,1,33311.0579,0.0000,0.9005,4695.5263,0.0000,0.1152,7.4597,0.0000,0.0135,38014.0439,0.0000,1.0292,38014.0430,25,0
74090.0000,7409,2010,2.7000,10,1000,1000,1,33314.0907,0.0000,0.9005,4694.8926,0.0000,0.1152,7.4587,0.0000,0.0135,38016.4420,0.0000,1.0292,38016.4414,25,0
74100.0000,7410,2009,2.7000,9,1000,1000,1,33317.8879,0.0000,0.9005,4694.2590,0.0000,0.1152,7.4577,0.0000,0.0135,38019.6046,0.0000,1.0292,38019.6055,25,0
74110.0000,7411,2001,2.7000,1,1000,1000,1,33320.3253,0.0000,0.9004,4693.6256,0.0000,0.1152,7.4567,0.0000,0.0135,38021.4076,0.0000,1.0291,38021.4062,24,0
74120.0000,7412,2001,2.7000,1,1000,1000,1,33328.8216,0.0000,0.9004,4692.9923,0.0000,0.1151,7.4557,0.0000,0.0135,38029.2696,0.0000,1.0291,38029.2695,24,0
74130.0000,7413,2008,2.7000,8,1000,1000,1,33333.1884,0.0000,0.9005,4692.3592,0.0000,0.1151,7.4547,0.0000,0.0135,38033.0023,0.0000,1.0292,38033.0039,25,0
74140.0000,7414,2002,2.7000,2,1000,1000,1,33337.8624,0.0000,0.9005,4691.7263,0.0000,0.1151,7.4537,0.0000,0.0135,38037.0424,0.0000,1.0291,38037.0430,24,0
74150.0000,7415,2009,2.7000,9,1000,1000,1,33341.2631,0.0000,0.9005,4691.0936,0.0000,0.1151,7.4527,0.0000,0.0135,38039.8094,0.0000,1.0291,38039.8086,25,0
74160.0000,7416,2009,2.7000,9,1000,1000,1,33345.4162,0.0000,0.9005,4690.4610,0.0000,0.1151,7.4516,0.0000,0.0135,38043.3288,0.0000,1.0291,38043.3281,25,0
74170.0000,7417,2000,2.7000,0,1000,1000,1,33349.9838,0.0000,0.9005,4689.8286,0.0000,0.1151,7.4506,0.0000,0.0135,38047.2631,0.0000,1.0291,38047.2617,24,0
74180.0000,7418,1999,2.7000,1,998,1000,1,33355.3942,0.0000,0.9004,4714.5807,0.0000,0.1151,7.4496,0.0000,0.0135,38077.4245,0.0000,1.0290,38077.4258,24,0
74190.0000,7419,2005,2.7000,5,1000,1000,1,33359.8181,0.0000,0.9004,4714.6402,0.0000,0.1152,7.4486,0.0000,0.0135,38081.9069,0.0000,1.0291,38081.9062,24,0
74200.0000,7420,2005,2.7000,5,1000,1000,1,33364.8659,0.0000,0.9004,4714.0048,0.0000,0.1151,7.4476,0.0000,0.0135,38086.3183,0.0000,1.0290,38086.3164,24,0
74210.0000,7421,2008,2.7000,8,1000,1000,1,33369.2767,0.0000,0.9004,4713.3695,0.0000,0.1151,7.4466,0.0000,0.0135,38090.0929,0.0000,1.0290,38090.0938,25,0
74220.0000,7422,2009,2.7000,9,1000,1000,1,33373.0829,0.0000,0.9005,4712.7345,0.0000,0.1151,7.4456,0.0000,0.0135,38093.2630,0.0000,1.0291,38093.2617,25,0
74230.0000,7423,2012,2.7000,12,1000,1000,1,33378.3898,0.0000,0.9005,4712.0996,0.0000,0.1151,7.4446,0.0000,0.0135,38097.9340,0.0000,1.0291,38097.9336,25,0
74240.0000,7424,2009,2.7000,9,1000,1000,1,33383.1941,0.0000,0.9005,4711.4649,0.0000,0.1151,7.4436,0.0000,0.0135,38102.1026,0.0000,1.0291,38102.1016,25,0
74250.0000,7425,2010,2.7000,10,1000,1000,1,33387.6802,0.0000,0.9005,4710.8303,0.0000,0.1151,7.4426,0.0000,0.0135,38105.9531,0.0000,1.0291,38105.9531,25,0
74260.0000,7426,2006,2.7000,6,1000,1000,1,33392.1235,0.0000,0.9004,4710.1960,0.0000,0.1151,7.4416,0.0000,0.0135,38109.7611,0.0000,1.0290,38109.7617,25,0
74270.0000,7427,2001,2.7000,1,1000,1000,1,33396.4542,0.0000,0.9004,4719.1524,0.0000,0.1151,7.4406,0.0000,0.0135,38123.0473,0.0000,1.0290,38123.0469,24,0
74280.0000,7428,1994,2.7000,2,992,1000,1,33400.1531,0.0000,0.9004,4719.4717,0.0000,0.1151,7.4396,0.0000,0.0135,38127.0644,0.0000,1.0290,38127.0625,24,0
74290.0000,7429,2004,2.7000,4,1000,1000,1,33405.0454,0.0000,0.9004,4720.2449,0.0000,0.1152,7.4386,0.0000,0.0135,38132.7290,0.0000,1.0291,38132.7305,24,0
74300.0000,7430,2005,2.7000,5,1000,1000,1,33408.8165,0.0000,0.9004,4719.6096,0.0000,0.1152,7.4376,0.0000,0.0135,38135.8637,0.0000,1.0291,38135.8633,24,0
74310.0000,7431,1998,2.7000,0,998,1000,1,33413.1808,0.0000,0.9004,4721.2627,0.0000,0.1152,7.4366,0.0000,0.0135,38141.8802,0.0000,1.0291,38141.8789,24,0
74320.0000,7432,2004,2.7000,4,1000,1000,1,33417.2852,0.0000,0.9004,4720.9574,0.0000,0.1152,7.4356,0.0000,0.0135,38145.6783,0.0000,1.0291,38145.6797,24,0
74330.0000,7433,2003,2.7000,3,1000,1000,1,33423.4282,0.0000,0.9003,4722.1641,0.0000,0.1152,7.4346,0.0000,0.0135,38153.0269,0.0000,1.0291,38153.0273,24,0
74340.0000,7434,2003,2.7000,3,1000,1000,1,33428.0808,0.0000,0.9003,4722.8642,0.0000,0.1152,7.4336,0.0000,0.0135,38158.3786,0.0000,1.0291,38158.3789,24,0
74350.0000,7435,2004,2.7000,4,1000,1000,1,33432.2564,0.0000,0.9003,4723.2555,0.0000,0.1152,7.4326,0.0000,0.0135,38162.9445,0.0000,1.0291,38162.9453,24,0
74360.0000,7436,1999,2.7000,3,996,1000,1,33436.6677,0.0000,0.9004,4723.8464,0.0000,0.1153,7.4316,0.0000,0.0135,38167.9457,0.0000,1.0291,38167.9453,24,0
74370.0000,7437,2008,2.7000,8,1000,1000,1,33441.7453,0.0000,0.9004,4724.2607,0.0000,0.1153,7.4306,0.0000,0.0135,38173.4366,0.0000,1.0292,38173.4375,25,0
74380.0000,7438,2002,2.7000,2,1000,1000,1,33445.9315,0.0000,0.9003,4723.6256,0.0000,0.1153,7.4296,0.0000,0.0135,38176.9867,0.0000,1.0291,38176.9883,24,0
74390.0000,7439,2006,2.7000,6,1000,1000,1,33449.6043,0.0000,0.9004,4722.9906,0.0000,0.1153,7.4286,0.0000,0.0135,38180.0235,0.0000,1.0291,38180.0234,25,0
74400.0000,7440,2004,2.7000,4,1000,1000,1,33453.8279,0.0000,0.9003,4722.3558,0.0000,0.1153,7.4276,0.0000,0.0135,38183.6113,0.0000,1.0291,38183.6094,24,0
74410.0000,7441,2000,2.7000,0,1000,1000,1,33458.0585,0.0000,0.9003,4726.4911,0.0000,0.1153,7.4266,0.0000,0.0135,38191.9762,0.0000,1.0291,38191.9766,24,0
74420.0000,7442,2001,2.7000,1,1000,1000,1,33462.8953,0.0000,0.9003,4726.5978,0.0000,0.1153,7.4256,0.0000,0.0135,38196.9187,0.0000,1.0291,38196.9180,24,0
74430.0000,7443,2000,2.7000,0,1000,1000,1,33466.3913,0.0000,0.9002,4727.4576,0.0000,0.1154,7.4246,0.0000,0.0135,38201.2736,0.0000,1.0291,38201.2734,24,0
74440.0000,7444,2005,2.7000,5,1000,1000,1,33472.5252,0.0000,0.9002,4727.1501,0.0000,0.1154,7.4236,0.0000,0.0135,38207.0989,0.0000,1.0291,38207.0977,24,0
74450.0000,7445,2000,2.7000,0,1000,1000,1,33477.2893,0.0000,0.9002,4728.1484,0.0000,0.1154,7.4226,0.0000,0.0135,38212.8603,0.0000,1.0291,38212.8594,24,0
74460.0000,7446,1999,2.7000,0,999,1000,1,33479.4406,0.0000,0.9001,4729.0143,0.0000,0.1154,7.4216,0.0000,0.0135,38215.8766,0.0000,1.0290,38215.8750,24,0
74470.0000,7447,2008,2.7000,8,1000,1000,1,33486.5005,0.0000,0.9002,4728.5829,0.0000,0.1154,7.4206,0.0000,0.0135,38222.5040,0.0000,1.0291,38222.5039,25,0
74480.0000,7448,2005,2.7000,5,1000,1000,1,33490.4471,0.0000,0.9002,4727.9480,0.0000,0.1154,7.4196,0.0000,0.0135,38225.8147,0.0000,1.0291,38225.8164,24,0
74490.0000,7449,2003,2.7000,3,1000,1000,1,33493.7518,0.0000,0.9002,4727.3133,0.0000,0.1154,7.4186,0.0000,0.0135,38228.4837,0.0000,1.0291,38228.4844,24,0
74500.0000,7450,2003,2.7000,3,1000,1000,1,33500.1514,0.0000,0.9002,4730.5887,0.0000,0.1154,7.4176,0.0000,0.0135,38238.1578,0.0000,1.0291,38238.1562,24,0
74510.0000,7451,2002,2.7000,2,1000,1000,1,33502.9313,0.0000,0.9002,4731.3938,0.0000,0.1154,7.4166,0.0000,0.0135,38241.7417,0.0000,1.0291,38241.7422,24,0
74520.0000,7452,2002,2.7000,2,1000,1000,1,33509.1792,0.0000,0.9002,4730.7589,0.0000,0.1154,7.4157,0.0000,0.0135,38247.3538,0.0000,1.0290,38247.3555,24,0
74530.0000,7453,2000,2.7000,1,999,1000,1,33513.6431,0.0000,0.9001,4732.5999,0.0000,0.1154,7.4147,0.0000,0.0135,38253.6577,0.0000,1.0290,38253.6562,24,0
74540.0000,7454,2002,2.7000,2,1000,1000,1,33518.0700,0.0000,0.9002,4733.2449,0.0000,0.1154,7.4137,0.0000,0.0135,38258.7285,0.0000,1.0291,38258.7305,24,0
74550.0000,7455,2006,2.7000,6,1000,1000,1,33521.9005,0.0000,0.9003,4732.6100,0.0000,0.1154,7.4127,0.0000,0.0135,38261.9232,0.0000,1.0291,38261.9219,25,0
74560.0000,7456,2002,2.7000,2,1000,1000,1,33527.1927,0.0000,0.9002,4734.2835,0.0000,0.1155,7.4117,0.0000,0.0135,38268.8879,0.0000,1.0291,38268.8867,24,0
74570.0000,7457,2008,2.7000,8,1000,1000,1,33531.1895,0.0000,0.9003,4733.6486,0.0000,0.1154,7.4107,0.0000,0.0135,38272.2489,0.0000,1.0292,38272.2500,25,0
74580.0000,7458,2000,2.7000,0,1000,1000,1,33534.5675,0.0000,0.9002,4735.2420,0.0000,0.1154,7.4097,0.0000,0.0134,38277.2192,0.0000,1.0291,38277.2188,24,0
74590.0000,7459,2000,2.7000,0,1000,1000,1,33538.3572,0.0000,0.9001,4735.6476,0.0000,0.1155,7.4087,0.0000,0.0134,38281.4135,0.0000,1.0291,38281.4141,24,0
74600.0000,7460,2002,2.7000,2,1000,1000,1,33545.4015,0.0000,0.9002,4735.4977,0.0000,0.1155,7.4077,0.0000,0.0134,38288.3069,0.0000,1.0291,38288.3086,24,0
74610.0000,7461,2002,2.7000,2,1000,1000,1,33549.8059,0.0000,0.9002,4736.8307,0.0000,0.1155,7.4067,0.0000,0.0134,38294.0433,0.0000,1.0291,38294.0430,24,0
74620.0000,7462,1997,2.7000,0,997,1000,1,33551.4370,0.0000,0.9001,4737.3641,0.0000,0.1156,7.4057,0.0000,0.0134,38296.2068,0.0000,1.0291,38296.2070,24,0
74630.0000,7463,2003,2.7000,3,1000,1000,1,33558.2767,0.0000,0.9000,4737.6856,0.0000,0.1157,7.4047,0.0000,0.0134,38303.3671,0.0000,1.0292,38303.3672,24,0
74640.0000,7464,2002,2.7000,2,1000,1000,1,33562.7661,0.0000,0.9000,4738.0659,0.0000,0.1157,7.4037,0.0000,0.0134,38308.2357,0.0000,1.0291,38308.2344,24,0
74650.0000,7465,2000,2.7000,0,1000,1000,1,33565.5924,0.0000,0.9000,4738.8061,0.0000,0.1157,7.4027,0.0000,0.0134,38311.8012,0.0000,1.0291,38311.8008,24,0
74660.0000,7466,2000,2.7000,1,999,1000,1,33571.8361,0.0000,0.8999,4739.4662,0.0000,0.1158,7.4017,0.0000,0.0134,38318.7041,0.0000,1.0291,38318.7031,24,0
74670.0000,7467,2001,2.7000,1,1000,1000,1,33576.5904,0.0000,0.8999,4739.8268,0.0000,0.1158,7.4008,0.0000,0.0134,38323.8180,0.0000,1.0292,38323.8164,24,0
74680.0000,7468,1998,2.7000,0,998,1000,1,33577.7660,0.0000,0.8999,4740.2675,0.0000,0.1158,7.3998,0.0000,0.0134,38325.4333,0.0000,1.0291,38325.4336,24,0
74690.0000,7469,2008,2.7000,8,1000,1000,1,33585.4226,0.0000,0.8999,4740.1150,0.0000,0.1158,7.3988,0.0000,0.0134,38332.9364,0.0000,1.0292,38332.9375,25,0
74700.0000,7470,2009,2.7000,9,1000,1000,1,33589.6660,0.0000,0.8999,4739.4804,0.0000,0.1158,7.3978,0.0000,0.0134,38336.5442,0.0000,1.0292,38336.5430,25,0
74710.0000,7471,2009,2.7000,9,1000,1000,1,33593.1767,0.0000,0.9000,4738.8460,0.0000,0.1158,7.3968,0.0000,0.0134,38339.4195,0.0000,1.0292,38339.4180,25,0
74720.0000,7472,2010,2.7000,10,1000,1000,1,33599.2764,0.0000,0.9000,4738.2118,0.0000,0.1158,7.3958,0.0000,0.0134,38344.8840,0.0000,1.0292,38344.8828,25,0
74730.0000,7473,2009,2.7000,9,1000,1000,1,33603.6739,0.0000,0.9000,4737.5778,0.0000,0.1158,7.3948,0.0000,0.0134,38348.6465,0.0000,1.0292,38348.6445,25,0
74740.0000,7474,2007,2.7000,7,1000,1000,1,33607.5991,0.0000,0.9000,4736.9439,0.0000,0.1158,7.3938,0.0000,0.0134,38351.9368,0.0000,1.0292,38351.9375,25,0
74750.0000,7475,2005,2.7000,5,1000,1000,1,33612.7070,0.0000,0.8999,4736.3102,0.0000,0.1157,7.3928,0.0000,0.0134,38356.4101,0.0000,1.0291,38356.4102,24,0
74760.0000,7476,1999,2.7000,0,999,1000,1,33615.3508,0.0000,0.8999,4744.6341,0.0000,0.1157,7.3918,0.0000,0.0134,38367.3768,0.0000,1.0291,38367.3750,24,0
74770.0000,7477,2003,2.7000,3,1000,1000,1,33621.3289,0.0000,0.8999,4744.3687,0.0000,0.1158,7.3909,0.0000,0.0134,38373.0884,0.0000,1.0291,38373.0898,24,0
74780.0000,7478,2000,2.7000,0,1000,1000,1,33624.5243,0.0000,0.8999,4743.7342,0.0000,0.1157,7.3899,0.0000,0.0134,38375.6483,0.0000,1.0290,38375.6484,24,0
74790.0000,7479,2006,2.7000,6,1000,1000,1,33630.5622,0.0000,0.8999,4743.1000,0.0000,0.1157,7.3889,0.0000,0.0134,38381.0511,0.0000,1.0291,38381.0508,25,0
74800.0000,7480,2003,2.7000,3,1000,1000,1,33634.9189,0.0000,0.9000,4742.4658,0.0000,0.1157,7.3879,0.0000,0.0134,38384.7726,0.0000,1.0291,38384.7734,24,0
74810.0000,7481,2004,2.7000,4,1000,1000,1,33639.2171,0.0000,0.8999,4747.2266,0.0000,0.1157,7.3869,0.0000,0.0134,38393.8306,0.0000,1.0291,38393.8320,24,0
74820.0000,7482,2003,2.7000,3,1000,1000,1,33642.5794,0.0000,0.8999,4747.5994,0.0000,0.1158,7.3859,0.0000,0.0134,38397.5648,0.0000,1.0291,38397.5664,24,0
74830.0000,7483,2005,2.7000,5,1000,1000,1,33648.5015,0.0000,0.8998,4746.9650,0.0000,0.1157,7.3849,0.0000,0.0134,38402.8514,0.0000,1.0290,38402.8516,24,0
74840.0000,7484,2012,2.7000,12,1000,1000,1,33652.2040,0.0000,0.8999,4746.3307,0.0000,0.1157,7.3839,0.0000,0.0134,38405.9186,0.0000,1.0290,38405.9180,25,0
74850.0000,7485,2008,2.7000,8,1000,1000,1,33656.6526,0.0000,0.8999,4745.6966,0.0000,0.1157,7.3830,0.0000,0.0134,38409.7321,0.0000,1.0290,38409.7305,25,0
74860.0000,7486,2002,2.7000,2,1000,1000,1,33661.7461,0.0000,0.8998,4749.8666,0.0000,0.1157,7.3820,0.0000,0.0134,38418.9946,0.0000,1.0289,38418.9961,24,0
74870.0000,7487,2006,2.7000,6,1000,1000,1,33666.0968,0.0000,0.8998,4749.2322,0.0000,0.1157,7.3810,0.0000,0.0134,38422.7100,0.0000,1.0289,38422.7109,25,0
74880.0000,7488,2005,2.7000,5,1000,1000,1,33670.4192,0.0000,0.8998,4748.5979,0.0000,0.1157,7.3800,0.0000,0.0134,38426.3971,0.0000,1.0289,38426.3984,24,0
74890.0000,7489,2001,2.7000,1,1000,1000,1,33675.5886,0.0000,0.8997,4751.2411,0.0000,0.1157,7.3790,0.0000,0.0134,38434.2087,0.0000,1.0288,38434.2070,24,0
74900.0000,7490,2003,2.7000,3,1000,1000,1,33680.2676,0.0000,0.8998,4751.7341,0.0000,0.1158,7.3780,0.0000,0.0134,38439.3797,0.0000,1.0289,38439.3789,24,0
74910.0000,7491,2003,2.7000,3,1000,1000,1,33683.7787,0.0000,0.8997,4751.0998,0.0000,0.1157,7.3770,0.0000,0.0134,38442.2556,0.0000,1.0289,38442.2539,24,0
74920.0000,7492,2002,2.7000,2,1000,1000,1,33688.9824,0.0000,0.8998,4752.9687,0.0000,0.1157,7.3761,0.0000,0.0134,38449.3272,0.0000,1.0289,38449.3281,24,0
74930.0000,7493,2005,2.7000,5,1000,1000,1,33693.9731,0.0000,0.8998,4752.3344,0.0000,0.1157,7.3751,0.0000,0.0134,38453.6826,0.0000,1.0289,38453.6836,24,0
74940.0000,7494,2003,2.7000,3,1000,1000,1,33697.4956,0.0000,0.8997,4751.7003,0.0000,0.1157,7.3741,0.0000,0.0134,38456.5699,0.0000,1.0288,38456.5703,24,0
74950.0000,7495,2003,2.7000,3,1000,1000,1,33702.7744,0.0000,0.8997,4751.0663,0.0000,0.1157,7.3731,0.0000,0.0134,38461.2138,0.0000,1.0288,38461.2148,24,0
74960.0000,7496,2000,2.7000,0,1000,1000,1,33707.4152,0.0000,0.8997,4755.1378,0.0000,0.1157,7.3721,0.0000,0.0134,38469.9251,0.0000,1.0288,38469.9258,24,0
74970.0000,7497,2002,2.7000,2,1000,1000,1,33711.6329,0.0000,0.8997,4755.1046,0.0000,0.1157,7.3711,0.0000,0.0134,38474.1087,0.0000,1.0288,38474.1094,24,0
74980.0000,7498,2005,2.7000,5,1000,1000,1,33716.3250,0.0000,0.8997,4754.4704,0.0000,0.1157,7.3702,0.0000,0.0134,38478.1656,0.0000,1.0288,38478.1641,24,0
74990.0000,7499,2002,2.7000,2,1000,1000,1,33720.9840,0.0000,0.8998,4753.8364,0.0000,0.1157,7.3692,0.0000,0.0134,38482.1896,0.0000,1.0288,38482.1914,24,0
75000.0000,7500,2003,2.7000,3,1000,1000,1,33723.8994,0.0000,0.8997,4753.2026,0.0000,0.1157,7.3682,0.0000,0.0134,38484.4702,0.0000,1.0288,38484.4688,24,0
75010.0000,7501,1998,2.7000,0,998,1000,1,33728.9891,0.0000,0.8997,4757.6822,0.0000,0.1157,7.3672,0.0000,0.0134,38494.0386,0.0000,1.0288,38494.0391,24,0
75020.0000,7502,2001,2.7000,1,1000,1000,1,33731.9975,0.0000,0.8997,4758.0436,0.0000,0.1158,7.3662,0.0000,0.0134,38497.4073,0.0000,1.0288,38497.4062,24,0
75030.0000,7503,2005,2.7000,5,1000,1000,1,33738.6876,0.0000,0.8997,4758.4341,0.0000,0.1158,7.3652,0.0000,0.0134,38504.4870,0.0000,1.0288,38504.4883,24,0
75040.0000,7504,2001,2.7000,1,1000,1000,1,33743.0816,0.0000,0.8996,4759.0070,0.0000,0.1159,7.3643,0.0000,0.0134,38509.4528,0.0000,1.0288,38509.4531,24,0
75050.0000,7505,2002,2.7000,2,1000,1000,1,33747.2855,0.0000,0.8996,4759.4999,0.0000,0.1159,7.3633,0.0000,0.0134,38514.1487,0.0000,1.0289,38514.1484,24,0
75060.0000,7506,2009,2.7000,9,1000,1000,1,33751.8780,0.0000,0.8997,4758.8658,0.0000,0.1158,7.3623,0.0000,0.0134,38518.1061,0.0000,1.0289,38518.1055,25,0
75070.0000,7507,2017,2.7000,17,1000,1000,1,33756.9184,0.0000,0.8999,4758.2319,0.0000,0.1158,7.3613,0.0000,0.0134,38522.5115,0.0000,1.0291,38522.5117,25,0
75080.0000,7508,2012,2.7000,12,1000,1000,1,33760.8371,0.0000,0.8999,4757.5981,0.0000,0.1158,7.3603,0.0000,0.0134,38525.7955,0.0000,1.0290,38525.7969,25,0
75090.0000,7509,2015,2.7000,15,1000,1000,1,33765.3724,0.0000,0.8999,4756.9645,0.0000,0.1158,7.3594,0.0000,0.0134,38529.6962,0.0000,1.0290,38529.6953,25,0
75100.0000,7510,2016,2.7000,16,1000,1000,1,33769.7719,0.0000,0.8999,4756.3311,0.0000,0.1158,7.3584,0.0000,0.0134,38533.4614,0.0000,1.0290,38533.4609,25,0
75110.0000,7511,2010,2.7000,10,1000,1000,1,33774.5537,0.0000,0.8998,4755.6979,0.0000,0.1158,7.3574,0.0000,0.0134,38537.6090,0.0000,1.0289,38537.6094,25,0
75120.0000,7512,2006,2.7000,6,1000,1000,1,33778.3158,0.0000,0.8998,4755.0648,0.0000,0.1157,7.3564,0.0000,0.0134,38540.7370,0.0000,1.0289,38540.7383,25,0
75130.0000,7513,2015,2.7000,15,1000,1000,1,33783.5752,0.0000,0.8999,4754.4319,0.0000,0.1157,7.3554,0.0000,0.0134,38545.3625,0.0000,1.0289,38545.3633,25,0
75140.0000,7514,2016,2.7000,16,1000,1000,1,33788.4204,0.0000,0.8999,4753.7991,0.0000,0.1157,7.3545,0.0000,0.0133,38549.5740,0.0000,1.0289,38549.5742,25,0
75150.0000,7515,2011,2.7000,11,1000,1000,1,33792.1577,0.0000,0.8999,4753.1665,0.0000,0.1157,7.3535,0.0000,0.0133,38552.6778,0.0000,1.0289,38552.6797,25,0
75160.0000,7516,2004,2.7000,4,1000,1000,1,33796.3155,0.0000,0.8999,4752.5341,0.0000,0.1157,7.3525,0.0000,0.0133,38556.2022,0.0000,1.0289,38556.2031,24,0
75170.0000,7517,2003,2.7000,3,1000,1000,1,33801.7189,0.0000,0.8999,4751.9019,0.0000,0.1157,7.3515,0.0000,0.0133,38560.9723,0.0000,1.0289,38560.9727,24,0
75180.0000,7518,2002,2.7000,2,1000,1000,1,33805.8106,0.0000,0.8999,4766.6278,0.0000,0.1157,7.3505,0.0000,0.0133,38579.7890,0.0000,1.0289,38579.7891,24,0
75190.0000,7519,2000,2.7000,0,1000,1000,1,33809.2990,0.0000,0.8999,4765.9938,0.0000,0.1157,7.3496,0.0000,0.0133,38582.6425,0.0000,1.0289,38582.6406,24,0
75200.0000,7520,2002,2.7000,2,1000,1000,1,33814.4459,0.0000,0.8999,4767.2736,0.0000,0.1157,7.3486,0.0000,0.0133,38589.0680,0.0000,1.0289,38589.0664,24,0
75210.0000,7521,2008,2.7000,8,1000,1000,1,33819.7714,0.0000,0.8999,4767.5188,0.0000,0.1157,7.3476,0.0000,0.0133,38594.6378,0.0000,1.0289,38594.6367,25,0
75220.0000,7522,2004,2.7000,4,1000,1000,1,33823.6505,0.0000,0.8999,4766.8850,0.0000,0.1157,7.3466,0.0000,0.0133,38597.8822,0.0000,1.0289,38597.8828,24,0
75230.0000,7523,2006,2.7000,6,1000,1000,1,33828.8591,0.0000,0.8999,4766.2513,0.0000,0.1156,7.3457,0.0000,0.0133,38602.4561,0.0000,1.0289,38602.4570,25,0
75240.0000,7524,2010,2.7000,10,1000,1000,1,33831.8007,0.0000,0.9000,4765.6179,0.0000,0.1156,7.3447,0.0000,0.0133,38604.7633,0.0000,1.0289,38604.7617,25,0
75250.0000,7525,2008,2.7000,8,1000,1000,1,33838.0211,0.0000,0.9000,4764.9846,0.0000,0.1156,7.3437,0.0000,0.0133,38610.3494,0.0000,1.0289,38610.3477,25,0
75260.0000,7526,2004,2.7000,4,1000,1000,1,33842.0639,0.0000,0.9000,4770.6848,0.0000,0.1156,7.3427,0.0000,0.0133,38620.0915,0.0000,1.0290,38620.0898,24,0
75270.0000,7527,2003,2.7000,3,1000,1000,1,33846.6668,0.0000,0.9000,4770.0510,0.0000,0.1156,7.3418,0.0000,0.0133,38624.0595,0.0000,1.0289,38624.0586,24,0
75280.0000,7528,2006,2.7000,6,1000,1000,1,33850.8176,0.0000,0.9000,4769.4174,0.0000,0.1156,7.3408,0.0000,0.0133,38627.5758,0.0000,1.0290,38627.5742,25,0
75290.0000,7529,2010,2.7000,10,1000,1000,1,33855.1204,0.0000,0.9000,4768.7839,0.0000,0.1156,7.3398,0.0000,0.0133,38631.2441,0.0000,1.0289,38631.2422,25,0
75300.0000,7530,2001,2.7000,2,999,1000,1,33860.2117,0.0000,0.8999,4772.9126,0.0000,0.1156,7.3388,0.0000,0.0133,38640.4631,0.0000,1.0289,38640.4648,24,0
75310.0000,7531,2001,2.7000,1,1000,1000,1,33864.6662,0.0000,0.8999,4773.4057,0.0000,0.1157,7.3379,0.0000,0.0133,38645.4098,0.0000,1.0289,38645.4102,24,0
75320.0000,7532,2011,2.7000,11,1000,1000,1,33869.1088,0.0000,0.9000,4773.3097,0.0000,0.1157,7.3369,0.0000,0.0133,38649.7554,0.0000,1.0290,38649.7539,25,0
75330.0000,7533,2001,2.7000,1,1000,1000,1,33871.9102,0.0000,0.8999,4772.6761,0.0000,0.1157,7.3359,0.0000,0.0133,38651.9221,0.0000,1.0289,38651.9219,24,0
75340.0000,7534,2003,2.7000,4,999,1000,1,33878.5360,0.0000,0.8999,4774.8858,0.0000,0.1157,7.3349,0.0000,0.0133,38660.7568,0.0000,1.0290,38660.7578,24,0
75350.0000,7535,2000,2.7000,0,1000,1000,1,33879.4047,0.0000,0.8999,4774.5028,0.0000,0.1157,7.3340,0.0000,0.0133,38661.2415,0.0000,1.0289,38661.2422,24,0
75360.0000,7536,2003,2.7000,3,1000,1000,1,33886.8637,0.0000,0.8999,4775.9447,0.0000,0.1158,7.3330,0.0000,0.0133,38670.1414,0.0000,1.0290,38670.1406,24,0
75370.0000,7537,2008,2.7000,8,1000,1000,1,33889.9189,0.0000,0.8999,4775.3110,0.0000,0.1157,7.3320,0.0000,0.0133,38672.5619,0.0000,1.0290,38672.5625,25,0
75380.0000,7538,2002,2.7000,2,1000,1000,1,33895.0492,0.0000,0.8999,4774.6775,0.0000,0.1157,7.3310,0.0000,0.0133,38677.0578,0.0000,1.0289,38677.0586,24,0
75390.0000,7539,2005,2.7000,5,1000,1000,1,33899.4302,0.0000,0.8999,4776.8762,0.0000,0.1157,7.3301,0.0000,0.0133,38683.6365,0.0000,1.0289,38683.6367,24,0
75400.0000,7540,2008,2.7000,8,1000,1000,1,33900.4658,0.0000,0.8999,4776.2427,0.0000,0.1157,7.3291,0.0000,0.0133,38684.0376,0.0000,1.0289,38684.0391,25,0
75410.0000,7541,2001,2.7000,1,1000,1000,1,33910.0281,0.0000,0.8999,4775.6093,0.0000,0.1157,7.3281,0.0000,0.0133,38692.9655,0.0000,1.0289,38692.9648,24,0
75420.0000,7542,2002,2.7000,2,1000,1000,1,33914.2860,0.0000,0.8998,4779.1836,0.0000,0.1158,7.3272,0.0000,0.0133,38700.7967,0.0000,1.0289,38700.7969,24,0
75430.0000,7543,2000,2.7000,0,1000,1000,1,33916.5120,0.0000,0.8998,4779.7486,0.0000,0.1157,7.3262,0.0000,0.0133,38703.5867,0.0000,1.0288,38703.5859,24,0
75440.0000,7544,2001,2.7000,1,1000,1000,1,33922.1683,0.0000,0.8998,4780.1916,0.0000,0.1158,7.3252,0.0000,0.0133,38709.6851,0.0000,1.0289,38709.6836,24,0
75450.0000,7545,2001,2.7000,5,996,1000,1,33927.7984,0.0000,0.8998,4779.5581,0.0000,0.1158,7.3242,0.0000,0.0133,38714.6808,0.0000,1.0289,38714.6797,24,0
75460.0000,7546,2003,2.7000,3,1000,1000,1,33931.3524,0.0000,0.8998,4780.6496,0.0000,0.1158,7.3233,0.0000,0.0133,38719.3253,0.0000,1.0290,38719.3242,24,0
75470.0000,7547,2006,2.7000,6,1000,1000,1,33936.6006,0.0000,0.8999,4780.0161,0.0000,0.1158,7.3223,0.0000,0.0133,38723.9390,0.0000,1.0290,38723.9375,25,0
75480.0000,7548,2007,2.7000,7,1000,1000,1,33941.0268,0.0000,0.8999,4779.3829,0.0000,0.1158,7.3213,0.0000,0.0133,38727.7310,0.0000,1.0291,38727.7305,25,0
75490.0000,7549,2009,2.7000,9,1000,1000,1,33945.4590,0.0000,0.9000,4778.7497,0.0000,0.1158,7.3204,0.0000,0.0133,38731.5292,0.0000,1.0291,38731.5273,25,0
75500.0000,7550,2006,2.7000,6,1000,1000,1,33949.1465,0.0000,0.9000,4778.1168,0.0000,0.1158,7.3194,0.0000,0.0133,38734.5827,0.0000,1.0290,38734.5820,25,0
75510.0000,7551,2010,2.7000,10,1000,1000,1,33953.5607,0.0000,0.9000,4777.4840,0.0000,0.1158,7.3184,0.0000,0.0133,38738.3631,0.0000,1.0290,38738.3633,25,0
75520.0000,7552,2005,2.7000,5,1000,1000,1,33959.2295,0.0000,0.8999,4776.8514,0.0000,0.1158,7.3175,0.0000,0.0133,38743.3983,0.0000,1.0290,38743.3984,24,0
75530.0000,7553,2006,2.7000,6,1000,1000,1,33963.5487,0.0000,0.8999,4776.2190,0.0000,0.1157,7.3165,0.0000,0.0133,38747.0842,0.0000,1.0290,38747.0859,25,0
75540.0000,7554,1996,2.7000,0,996,1000,1,33965.7481,0.0000,0.8999,4775.5867,0.0000,0.1157,7.3155,0.0000,0.0133,38748.6503,0.0000,1.0289,38748.6484,24,0
75550.0000,7555,2000,2.7000,0,1000,1000,1,33972.8651,0.0000,0.8999,4786.0253,0.0000,0.1158,7.3146,0.0000,0.0133,38766.2049,0.0000,1.0290,38766.2031,24,0
75560.0000,7556,2002,2.7000,2,1000,1000,1,33976.5563,0.0000,0.8999,4786.2787,0.0000,0.1158,7.3136,0.0000,0.0133,38770.1486,0.0000,1.0290,38770.1484,24,0
75570.0000,7557,2006,2.7000,6,1000,1000,1,33981.4980,0.0000,0.9000,4785.6454,0.0000,0.1158,7.3126,0.0000,0.0133,38774.4560,0.0000,1.0291,38774.4570,25,0
75580.0000,7558,2013,2.7000,13,1000,1000,1,33986.5753,0.0000,0.9000,4785.0122,0.0000,0.1158,7.3116,0.0000,0.0133,38778.8992,0.0000,1.0291,38778.8984,25,0
75590.0000,7559,2010,2.7000,10,1000,1000,1,33990.6106,0.0000,0.9000,4784.3792,0.0000,0.1158,7.3107,0.0000,0.0133,38782.3004,0.0000,1.0291,38782.3008,25,0
75600.0000,7560,2006,2.7000,6,1000,1000,1,33994.7521,0.0000,0.9000,4783.7463,0.0000,0.1158,7.3097,0.0000,0.0133,38785.8082,0.0000,1.0290,38785.8086,25,0
75610.0000,7561,2000,2.7000,2,998,1000,1,33999.4899,0.0000,0.9000,4789.2098,0.0000,0.1158,7.3087,0.0000,0.0133,38796.0084,0.0000,1.0290,38796.0078,24,0
75620.0000,7562,2000,2.7000,0,1000,1000,1,34003.3534,0.0000,0.8999,4789.5776,0.0000,0.1159,7.3078,0.0000,0.0133,38800.2388,0.0000,1.0291,38800.2383,24,0
75630.0000,7563,1998,2.7000,1,997,1000,1,34009.1405,0.0000,0.8999,4789.6299,0.0000,0.1159,7.3068,0.0000,0.0133,38806.0772,0.0000,1.0291,38806.0781,24,0
75640.0000,7564,1998,2.7000,2,996,1000,1,34013.1482,0.0000,0.8998,4790.7758,0.0000,0.1160,7.3058,0.0000,0.0133,38811.2298,0.0000,1.0291,38811.2305,24,0
75650.0000,7565,2004,2.7000,7,997,1000,1,34018.0981,0.0000,0.8999,4791.3192,0.0000,0.1161,7.3049,0.0000,0.0133,38816.7222,0.0000,1.0293,38816.7227,25,0
75660.0000,7566,2005,2.7000,5,1000,1000,1,34022.5907,0.0000,0.8999,4791.2605,0.0000,0.1162,7.3039,0.0000,0.0133,38821.1551,0.0000,1.0293,38821.1562,24,0
75670.0000,7567,2014,2.7000,14,1000,1000,1,34026.4959,0.0000,0.9000,4790.6273,0.0000,0.1161,7.3030,0.0000,0.0133,38824.4262,0.0000,1.0294,38824.4258,25,0
75680.0000,7568,2014,2.7000,14,1000,1000,1,34031.5954,0.0000,0.8999,4789.9943,0.0000,0.1161,7.3020,0.0000,0.0133,38828.8917,0.0000,1.0293,38828.8906,25,0
75690.0000,7569,2016,2.7000,16,1000,1000,1,34034.8137,0.0000,0.9000,4789.3615,0.0000,0.1161,7.3010,0.0000,0.0133,38831.4761,0.0000,1.0293,38831.4766,25,0
75700.0000,7570,2015,2.7000,15,1000,1000,1,34039.9175,0.0000,0.9000,4788.7288,0.0000,0.1161,7.3001,0.0000,0.0132,38835.9464,0.0000,1.0293,38835.9453,25,0
75710.0000,7571,2017,2.7000,17,1000,1000,1,34044.0162,0.0000,0.9000,4788.0963,0.0000,0.1161,7.2991,0.0000,0.0132,38839.4115,0.0000,1.0293,38839.4102,25,0
75720.0000,7572,2018,2.7000,18,1000,1000,1,34047.4775,0.0000,0.9000,4787.4639,0.0000,0.1161,7.2981,0.0000,0.0132,38842.2395,0.0000,1.0293,38842.2383,25,0
75730.0000,7573,2025,2.7000,25,1000,1000,1,34052.7613,0.0000,0.9001,4786.8318,0.0000,0.1160,7.2972,0.0000,0.0132,38846.8902,0.0000,1.0293,38846.8906,26,0
75740.0000,7574,2028,2.7000,28,1000,1000,1,34057.9297,0.0000,0.9001,4786.1997,0.0000,0.1160,7.2962,0.0000,0.0132,38851.4256,0.0000,1.0294,38851.4258,26,0
75750.0000,7575,2023,2.7000,23,1000,1000,1,34060.5192,0.0000,0.9001,4785.5679,0.0000,0.1160,7.2952,0.0000,0.0132,38853.3824,0.0000,1.0293,38853.3828,26,0
75760.0000,7576,2027,2.7000,27,1000,1000,1,34067.4494,0.0000,0.9001,4784.9362,0.0000,0.1160,7.2943,0.0000,0.0132,38859.6799,0.0000,1.0294,38859.6797,26,0
75770.0000,7577,2021,2.7000,21,1000,1000,1,34071.1885,0.0000,0.9001,4784.3047,0.0000,0.1160,7.2933,0.0000,0.0132,38862.7865,0.0000,1.0293,38862.7852,26,0
75780.0000,7578,2025,2.7000,25,1000,1000,1,34073.3357,0.0000,0.9001,4783.6734,0.0000,0.1160,7.2923,0.0000,0.0132,38864.3015,0.0000,1.0293,38864.3008,26,0
75790.0000,7579,2021,2.7000,21,1000,1000,1,34079.4589,0.0000,0.9001,4783.0422,0.0000,0.1160,7.2914,0.0000,0.0132,38869.7925,0.0000,1.0292,38869.7930,26,0
75800.0000,7580,2024,2.7000,24,1000,1000,1,34084.5823,0.0000,0.9001,4782.4112,0.0000,0.1159,7.2904,0.0000,0.0132,38874.2840,0.0000,1.0292,38874.2852,26,0
75810.0000,7581,2029,2.7000,29,1000,1000,1,34089.2929,0.0000,0.9001,4781.7804,0.0000,0.1159,7.2895,0.0000,0.0132,38878.3627,0.0000,1.0293,38878.3633,26,0
75820.0000,7582,2025,2.7000,25,1000,1000,1,34094.0520,0.0000,0.9001,4781.1497,0.0000,0.1159,7.2885,0.0000,0.0132,38882.4902,0.0000,1.0292,38882.4883,26,0
75830.0000,7583,2029,2.7000,29,1000,1000,1,34097.0963,0.0000,0.9001,4780.5192,0.0000,0.1159,7.2875,0.0000,0.0132,38884.9030,0.0000,1.0292,38884.9023,26,0
75840.0000,7584,2028,2.7000,28,1000,1000,1,34100.8465,0.0000,0.9000,4779.8888,0.0000,0.1159,7.2866,0.0000,0.0132,38888.0219,0.0000,1.0291,38888.0234,26,0
75850.0000,7585,2028,2.7000,28,1000,1000,1,34107.9184,0.0000,0.9000,4779.2586,0.0000,0.1159,7.2856,0.0000,0.0132,38894.4627,0.0000,1.0291,38894.4609,26,0
75860.0000,7586,2027,2.7000,27,1000,1000,1,34112.0505,0.0000,0.9000,4778.6286,0.0000,0.1158,7.2847,0.0000,0.0132,38897.9638,0.0000,1.0291,38897.9648,26,0
75870.0000,7587,2023,2.7000,23,1000,1000,1,34117.0921,0.0000,0.9000,4777.9988,0.0000,0.1158,7.2837,0.0000,0.0132,38902.3746,0.0000,1.0290,38902.3750,26,0
75880.0000,7588,2025,2.7000,25,1000,1000,1,34121.0614,0.0000,0.8999,4777.3691,0.0000,0.1158,7.2827,0.0000,0.0132,38905.7133,0.0000,1.0290,38905.7148,26,0
75890.0000,7589,2027,2.7000,27,1000,1000,1,34126.2254,0.0000,0.8999,4776.7396,0.0000,0.1158,7.2818,0.0000,0.0132,38910.2468,0.0000,1.0290,38910.2461,26,0
75900.0000,7590,2029,2.7000,29,1000,1000,1,34130.1685,0.0000,0.9000,4776.1103,0.0000,0.1158,7.2808,0.0000,0.0132,38913.5596,0.0000,1.0290,38913.5586,26,0
75910.0000,7591,2035,2.7000,35,1000,1000,1,34135.0209,0.0000,0.9001,4775.4811,0.0000,0.1158,7.2799,0.0000,0.0132,38917.7818,0.0000,1.0291,38917.7812,26,0
75920.0000,7592,2030,2.7000,30,1000,1000,1,34139.6496,0.0000,0.9000,4774.8521,0.0000,0.1158,7.2789,0.0000,0.0132,38921.7805,0.0000,1.0290,38921.7812,26,0
75930.0000,7593,2027,2.7000,27,1000,1000,1,34143.9704,0.0000,0.9001,4774.2232,0.0000,0.1157,7.2779,0.0000,0.0132,38925.4715,0.0000,1.0290,38925.4727,26,0
75940.0000,7594,2030,2.7000,30,1000,1000,1,34148.5285,0.0000,0.9001,4773.5945,0.0000,0.1157,7.2770,0.0000,0.0132,38929.4001,0.0000,1.0290,38929.3984,26,0
75950.0000,7595,2029,2.7000,29,1000,1000,1,34150.9643,0.0000,0.9001,4772.9660,0.0000,0.1157,7.2760,0.0000,0.0132,38931.2064,0.0000,1.0290,38931.2070,26,0
75960.0000,7596,2024,2.7000,24,1000,1000,1,34157.3518,0.0000,0.9001,4772.3377,0.0000,0.1157,7.2751,0.0000,0.0132,38936.9645,0.0000,1.0290,38936.9648,26,0
75970.0000,7597,2023,2.7000,23,1000,1000,1,34161.9725,0.0000,0.9001,4771.7095,0.0000,0.1157,7.2741,0.0000,0.0132,38940.9561,0.0000,1.0290,38940.9570,26,0
75980.0000,7598,2020,2.7000,20,1000,1000,1,34166.4372,0.0000,0.9001,4771.0815,0.0000,0.1157,7.2732,0.0000,0.0132,38944.7918,0.0000,1.0290,38944.7930,25,0
75990.0000,7599,2033,2.7000,33,1000,1000,1,34170.9471,0.0000,0.9002,4770.4536,0.0000,0.1156,7.2722,0.0000,0.0132,38948.6729,0.0000,1.0290,38948.6719,26,0
76000.0000,7600,2037,2.7000,37,1000,1000,1,34174.6707,0.0000,0.9003,4769.8259,0.0000,0.1156,7.2712,0.0000,0.0132,38951.7679,0.0000,1.0291,38951.7695,26,0
76010.0000,7601,2030,2.7000,30,1000,1000,1,34179.7854,0.0000,0.9002,4769.1984,0.0000,0.1156,7.2703,0.0000,0.0132,38956.2541,0.0000,1.0291,38956.2539,26,0
76020.0000,7602,2027,2.7000,27,1000,1000,1,34182.6908,0.0000,0.9002,4768.5710,0.0000,0.1156,7.2693,0.0000,0.0132,38958.5312,0.0000,1.0290,38958.5312,26,0
76030.0000,7603,2021,2.7000,21,1000,1000,1,34188.9637,0.0000,0.9002,4767.9438,0.0000,0.1156,7.2684,0.0000,0.0132,38964.1759,0.0000,1.0290,38964.1758,26,0
76040.0000,7604,2024,2.7000,24,1000,1000,1,34193.0936,0.0000,0.9002,4767.3168,0.0000,0.1156,7.2674,0.0000,0.0132,38967.6778,0.0000,1.0290,38967.6797,26,0
76050.0000,7605,2022,2.7000,22,1000,1000,1,34196.5446,0.0000,0.9002,4766.6899,0.0000,0.1156,7.2665,0.0000,0.0132,38970.5010,0.0000,1.0290,38970.5000,26,0
76060.0000,7606,2020,2.7000,20,1000,1000,1,34202.3127,0.0000,0.9002,4766.0632,0.0000,0.1155,7.2655,0.0000,0.0132,38975.6414,0.0000,1.0289,38975.6406,25,0
76070.0000,7607,2014,2.7000,14,1000,1000,1,34207.1232,0.0000,0.9002,4765.4367,0.0000,0.1155,7.2645,0.0000,0.0132,38979.8244,0.0000,1.0289,38979.8242,25,0
76080.0000,7608,2010,2.7000,10,1000,1000,1,34207.5392,0.0000,0.9001,4764.8103,0.0000,0.1155,7.2636,0.0000,0.0132,38979.6131,0.0000,1.0288,38979.6133,25,0
76090.0000,7609,2009,2.7000,9,1000,1000,1,34215.3078,0.0000,0.9001,4764.1841,0.0000,0.1155,7.2626,0.0000,0.0132,38986.7545,0.0000,1.0288,38986.7539,25,0
76100.0000,7610,2016,2.7000,16,1000,1000,1,34220.5972,0.0000,0.9002,4763.5581,0.0000,0.1155,7.2617,0.0000,0.0132,38991.4169,0.0000,1.0288,38991.4180,25,0
76110.0000,7611,2010,2.7000,10,1000,1000,1,34222.3171,0.0000,0.9001,4762.9322,0.0000,0.1155,7.2607,0.0000,0.0132,38992.5100,0.0000,1.0288,38992.5117,25,0
76120.0000,7612,2009,2.7000,9,1000,1000,1,34229.7125,0.0000,0.9001,4762.3065,0.0000,0.1154,7.2598,0.0000,0.0132,38999.2788,0.0000,1.0287,38999.2773,25,0
76130.0000,7613,2004,2.7000,4,1000,1000,1,34233.7481,0.0000,0.9001,4761.6809,0.0000,0.1154,7.2588,0.0000,0.0132,39002.6878,0.0000,1.0287,39002.6875,24,0
76140.0000,7614,2004,2.7000,4,1000,1000,1,34238.1618,0.0000,0.9001,4761.0555,0.0000,0.1154,7.2579,0.0000,0.0132,39006.4753,0.0000,1.0287,39006.4766,24,0
76150.0000,7615,2002,2.7000,2,1000,1000,1,34243.0283,0.0000,0.9001,4760.4303,0.0000,0.1154,7.2569,0.0000,0.0132,39010.7156,0.0000,1.0286,39010.7148,24,0
76160.0000,7616,2003,2.7000,3,1000,1000,1,34247.5313,0.0000,0.9001,4759.8053,0.0000,0.1154,7.2560,0.0000,0.0132,39014.5925,0.0000,1.0286,39014.5938,24,0
76170.0000,7617,2001,2.7000,1,1000,1000,1,34251.4486,0.0000,0.9001,4759.1804,0.0000,0.1154,7.2550,0.0000,0.0132,39017.8840,0.0000,1.0286,39017.8828,24,0
76180.0000,7618,2002,2.7000,2,1000,1000,1,34254.5783,0.0000,0.9001,4818.6565,0.0000,0.1154,7.2541,0.0000,0.0132,39080.4888,0.0000,1.0286,39080.4883,24,0
76190.0000,7619,1995,2.7000,0,995,1000,1,34257.4347,0.0000,0.9000,4819.3295,0.0000,0.1154,7.2531,0.0000,0.0132,39084.0174,0.0000,1.0285,39084.0156,24,0
76200.0000,7620,1997,2.7000,1,996,1000,1,34264.4534,0.0000,0.8999,4820.1497,0.0000,0.1155,7.2522,0.0000,0.0132,39091.8553,0.0000,1.0286,39091.8555,24,0
76210.0000,7621,2006,2.7000,6,1000,1000,1,34270.0654,0.0000,0.9000,4820.1045,0.0000,0.1156,7.2512,0.0000,0.0132,39097.4210,0.0000,1.0287,39097.4219,25,0
76220.0000,7622,2003,2.7000,3,1000,1000,1,34273.9966,0.0000,0.8999,4819.4721,0.0000,0.1156,7.2503,0.0000,0.0132,39100.7190,0.0000,1.0287,39100.7188,24,0
76230.0000,7623,2007,2.7000,7,1000,1000,1,34277.7792,0.0000,0.8999,4818.8398,0.0000,0.1156,7.2493,0.0000,0.0132,39103.8684,0.0000,1.0287,39103.8672,25,0
76240.0000,7624,2005,2.7000,5,1000,1000,1,34282.9942,0.0000,0.8999,4818.2078,0.0000,0.1156,7.2484,0.0000,0.0132,39108.4503,0.0000,1.0287,39108.4492,24,0
76250.0000,7625,2011,2.7000,11,1000,1000,1,34288.3288,0.0000,0.9000,4817.5759,0.0000,0.1156,7.2474,0.0000,0.0132,39113.1521,0.0000,1.0287,39113.1523,25,0
76260.0000,7626,2003,2.7000,3,1000,1000,1,34292.8058,0.0000,0.9000,4816.9442,0.0000,0.1155,7.2464,0.0000,0.0132,39116.9964,0.0000,1.0287,39116.9961,24,0
76270.0000,7627,2004,2.7000,4,1000,1000,1,34297.2525,0.0000,0.9001,4816.3126,0.0000,0.1155,7.2455,0.0000,0.0132,39120.8106,0.0000,1.0287,39120.8125,24,0
76280.0000,7628,2002,2.7000,2,1000,1000,1,34301.3128,0.0000,0.9001,4824.3539,0.0000,0.1155,7.2445,0.0000,0.0131,39132.9112,0.0000,1.0287,39132.9102,24,0
76290.0000,7629,1995,2.7000,0,995,1000,1,34303.0149,0.0000,0.9000,4824.8260,0.0000,0.1156,7.2436,0.0000,0.0131,39135.0845,0.0000,1.0287,39135.0859,24,0
76300.0000,7630,1994,2.7000,0,994,1000,1,34308.1404,0.0000,0.8999,4825.1097,0.0000,0.1157,7.2427,0.0000,0.0131,39140.4927,0.0000,1.0288,39140.4922,24,0
76310.0000,7631,2009,2.7000,9,1000,1000,1,34314.2600,0.0000,0.9000,4825.1681,0.0000,0.1158,7.2417,0.0000,0.0131,39146.6698,0.0000,1.0289,39146.6680,25,0
76320.0000,7632,2009,2.7000,9,1000,1000,1,34317.8435,0.0000,0.9000,4824.5359,0.0000,0.1157,7.2408,0.0000,0.0131,39149.6202,0.0000,1.0289,39149.6211,25,0
76330.0000,7633,2010,2.7000,10,1000,1000,1,34324.3686,0.0000,0.9000,4823.9039,0.0000,0.1157,7.2398,0.0000,0.0131,39155.5122,0.0000,1.0288,39155.5117,25,0
76340.0000,7634,2014,2.7000,14,1000,1000,1,34328.8451,0.0000,0.9000,4823.2720,0.0000,0.1157,7.2389,0.0000,0.0131,39159.3559,0.0000,1.0288,39159.3555,25,0
76350.0000,7635,2015,2.7000,15,1000,1000,1,34331.6932,0.0000,0.8999,4822.6402,0.0000,0.1157,7.2379,0.0000,0.0131,39161.5714,0.0000,1.0288,39161.5703,25,0
76360.0000,7636,2017,2.7000,17,1000,1000,1,34337.1143,0.0000,0.8999,4822.0087,0.0000,0.1157,7.2370,0.0000,0.0131,39166.3599,0.0000,1.0287,39166.3594,25,0
76370.0000,7637,2020,2.7000,20,1000,1000,1,34340.4610,0.0000,0.9000,4821.3773,0.0000,0.1157,7.2360,0.0000,0.0131,39169.0742,0.0000,1.0288,39169.0742,25,0
76380.0000,7638,2019,2.7000,19,1000,1000,1,34345.8575,0.0000,0.8999,4820.7460,0.0000,0.1156,7.2351,0.0000,0.0131,39173.8386,0.0000,1.0287,39173.8398,25,0
76390.0000,7639,2008,2.7000,8,1000,1000,1,34351.3599,0.0000,0.8999,4820.1149,0.0000,0.1156,7.2341,0.0000,0.0131,39178.7090,0.0000,1.0287,39178.7109,25,0
76400.0000,7640,2009,2.7000,9,1000,1000,1,34354.3258,0.0000,0.8999,4819.4840,0.0000,0.1156,7.2332,0.0000,0.0131,39181.0430,0.0000,1.0287,39181.0430,25,0
76410.0000,7641,2007,2.7000,7,1000,1000,1,34360.3420,0.0000,0.8999,4818.8533,0.0000,0.1156,7.2322,0.0000,0.0131,39186.4275,0.0000,1.0287,39186.4258,25,0
76420.0000,7642,1999,2.7000,0,999,1000,1,34362.8991,0.0000,0.8999,4818.2227,0.0000,0.1156,7.2313,0.0000,0.0131,39188.3531,0.0000,1.0286,39188.3516,24,0
76430.0000,7643,2001,2.7000,1,1000,1000,1,34369.0935,0.0000,0.8999,4831.9792,0.0000,0.1156,7.2303,0.0000,0.0131,39208.3030,0.0000,1.0287,39208.3047,24,0
76440.0000,7644,2005,2.7000,5,1000,1000,1,34373.1828,0.0000,0.8999,4832.3443,0.0000,0.1156,7.2294,0.0000,0.0131,39212.7565,0.0000,1.0287,39212.7578,24,0
76450.0000,7645,2002,2.7000,2,1000,1000,1,34377.3729,0.0000,0.8999,4831.7123,0.0000,0.1156,7.2284,0.0000,0.0131,39216.3136,0.0000,1.0287,39216.3125,24,0
76460.0000,7646,2006,2.7000,6,1000,1000,1,34382.5766,0.0000,0.8999,4831.0803,0.0000,0.1156,7.2275,0.0000,0.0131,39220.8844,0.0000,1.0286,39220.8828,25,0
76470.0000,7647,2002,2.7000,2,1000,1000,1,34385.8958,0.0000,0.8999,4830.4486,0.0000,0.1156,7.2265,0.0000,0.0131,39223.5710,0.0000,1.0286,39223.5703,24,0
76480.0000,7648,2005,2.7000,5,1000,1000,1,34391.8762,0.0000,0.8999,4829.8170,0.0000,0.1156,7.2256,0.0000,0.0131,39228.9188,0.0000,1.0286,39228.9180,24,0
76490.0000,7649,2006,2.7000,6,1000,1000,1,34394.8487,0.0000,0.8999,4829.1855,0.0000,0.1156,7.2247,0.0000,0.0131,39231.2589,0.0000,1.0286,39231.2578,25,0
76500.0000,7650,2006,2.7000,6,1000,1000,1,34400.7339,0.0000,0.8999,4828.5543,0.0000,0.1156,7.2237,0.0000,0.0131,39236.5119,0.0000,1.0285,39236.5117,25,0
76510.0000,7651,1997,2.7000,1,996,1000,1,34405.1314,0.0000,0.8998,4836.3586,0.0000,0.1156,7.2228,0.0000,0.0131,39248.7127,0.0000,1.0285,39248.7109,24,0
76520.0000,7652,2005,2.7000,5,1000,1000,1,34407.7832,0.0000,0.8998,4836.5008,0.0000,0.1156,7.2218,0.0000,0.0131,39251.5059,0.0000,1.0285,39251.5078,24,0
76530.0000,7653,2004,2.7000,4,1000,1000,1,34413.3716,0.0000,0.8998,4835.8689,0.0000,0.1156,7.2209,0.0000,0.0131,39256.4613,0.0000,1.0286,39256.4609,24,0
76540.0000,7654,2003,2.7000,3,1000,1000,1,34418.0565,0.0000,0.8998,4835.2371,0.0000,0.1156,7.2199,0.0000,0.0131,39260.5135,0.0000,1.0285,39260.5117,24,0
76550.0000,7655,1998,2.7000,0,998,1000,1,34420.9379,0.0000,0.8998,4838.4429,0.0000,0.1156,7.2190,0.0000,0.0131,39266.5997,0.0000,1.0285,39266.6016,24,0
76560.0000,7656,1998,2.7000,1,997,1000,1,34427.8277,0.0000,0.8998,4838.3528,0.0000,0.1157,7.2181,0.0000,0.0131,39273.3986,0.0000,1.0285,39273.3984,24,0
76570.0000,7657,2000,2.7000,0,1000,1000,1,34431.3600,0.0000,0.8998,4838.9821,0.0000,0.1157,7.2171,0.0000,0.0131,39277.5592,0.0000,1.0286,39277.5586,24,0
76580.0000,7658,2002,2.7000,3,999,1000,1,34436.7971,0.0000,0.8998,4839.9042,0.0000,0.1158,7.2162,0.0000,0.0131,39283.9174,0.0000,1.0287,39283.9180,24,0
76590.0000,7659,2006,2.7000,6,1000,1000,1,34441.1892,0.0000,0.8998,4839.8991,0.0000,0.1158,7.2152,0.0000,0.0131,39288.3036,0.0000,1.0287,39288.3047,25,0
76600.0000,7660,2005,2.7000,5,1000,1000,1,34445.2941,0.0000,0.8998,4839.2673,0.0000,0.1158,7.2143,0.0000,0.0131,39291.7757,0.0000,1.0287,39291.7773,24,0
76610.0000,7661,2008,2.7000,8,1000,1000,1,34450.4252,0.0000,0.8998,4838.6356,0.0000,0.1158,7.2133,0.0000,0.0131,39296.2741,0.0000,1.0287,39296.2734,25,0
76620.0000,7662,2005,2.7000,5,1000,1000,1,34454.1522,0.0000,0.8998,4838.0041,0.0000,0.1158,7.2124,0.0000,0.0131,39299.3687,0.0000,1.0287,39299.3672,24,0
76630.0000,7663,2005,2.7000,5,1000,1000,1,34459.2002,0.0000,0.8998,4837.3727,0.0000,0.1158,7.2115,0.0000,0.0131,39303.7844,0.0000,1.0287,39303.7852,24,0
76640.0000,7664,2002,2.7000,2,1000,1000,1,34463.9551,0.0000,0.8998,4836.7416,0.0000,0.1157,7.2105,0.0000,0.0131,39307.9072,0.0000,1.0286,39307.9062,24,0
76650.0000,7665,2002,2.7000,2,1000,1000,1,34467.0717,0.0000,0.8998,4843.4578,0.0000,0.1157,7.2096,0.0000,0.0131,39317.7391,0.0000,1.0286,39317.7383,24,0
76660.0000,7666,2004,2.7000,4,1000,1000,1,34471.6525,0.0000,0.8998,4842.8260,0.0000,0.1157,7.2086,0.0000,0.0131,39321.6872,0.0000,1.0286,39321.6875,24,0
76670.0000,7667,2010,2.7000,10,1000,1000,1,34477.1901,0.0000,0.8999,4842.1944,0.0000,0.1157,7.2077,0.0000,0.0131,39326.5921,0.0000,1.0287,39326.5938,25,0
76680.0000,7668,2012,2.7000,12,1000,1000,1,34481.7714,0.0000,0.8999,4841.5629,0.0000,0.1157,7.2068,0.0000,0.0131,39330.5411,0.0000,1.0287,39330.5430,25,0
76690.0000,7669,2017,2.7000,17,1000,1000,1,34484.0176,0.0000,0.8999,4840.9316,0.0000,0.1157,7.2058,0.0000,0.0131,39332.1550,0.0000,1.0287,39332.1562,25,0
76700.0000,7670,2017,2.7000,17,1000,1000,1,34490.9525,0.0000,0.8999,4840.3004,0.0000,0.1157,7.2049,0.0000,0.0131,39338.4579,0.0000,1.0287,39338.4570,25,0
76710.0000,7671,2012,2.7000,12,1000,1000,1,34493.9358,0.0000,0.8999,4839.6695,0.0000,0.1157,7.2039,0.0000,0.0131,39340.8092,0.0000,1.0287,39340.8086,25,0
76720.0000,7672,2007,2.7000,7,1000,1000,1,34499.5181,0.0000,0.8998,4839.0386,0.0000,0.1156,7.2030,0.0000,0.0131,39345.7597,0.0000,1.0286,39345.7578,25,0
76730.0000,7673,2007,2.7000,7,1000,1000,1,34504.2380,0.0000,0.8999,4838.4080,0.0000,0.1156,7.2021,0.0000,0.0131,39349.8480,0.0000,1.0286,39349.8477,25,0
76740.0000,7674,2008,2.7000,8,1000,1000,1,34507.5198,0.0000,0.8999,4837.7775,0.0000,0.1156,7.2011,0.0000,0.0131,39352.4984,0.0000,1.0285,39352.5000,25,0
76750.0000,7675,2003,2.7000,3,1000,1000,1,34513.2953,0.0000,0.8998,4837.1471,0.0000,0.1156,7.2002,0.0000,0.0131,39357.6426,0.0000,1.0285,39357.6445,24,0
76760.0000,7676,2005,2.7000,5,1000,1000,1,34516.4873,0.0000,0.8999,4836.5170,0.0000,0.1156,7.1992,0.0000,0.0131,39360.2035,0.0000,1.0285,39360.2031,24,0
76770.0000,7677,2007,2.7000,7,1000,1000,1,34522.3713,0.0000,0.8999,4835.8870,0.0000,0.1156,7.1983,0.0000,0.0131,39365.4566,0.0000,1.0285,39365.4570,25,0
76780.0000,7678,2004,2.7000,4,1000,1000,1,34526.6912,0.0000,0.8999,4835.2571,0.0000,0.1156,7.1974,0.0000,0.0131,39369.1457,0.0000,1.0285,39369.1445,24,0
76790.0000,7679,2000,2.7000,0,1000,1000,1,34530.4733,0.0000,0.8999,4850.9636,0.0000,0.1155,7.1964,0.0000,0.0131,39388.6333,0.0000,1.0285,39388.6328,24,0
76800.0000,7680,2002,2.7000,2,1000,1000,1,34534.3292,0.0000,0.8998,4851.0908,0.0000,0.1156,7.1955,0.0000,0.0131,39392.6154,0.0000,1.0285,39392.6172,24,0
76810.0000,7681,2006,2.7000,6,1000,1000,1,34538.9411,0.0000,0.8998,4850.4592,0.0000,0.1156,7.1946,0.0000,0.0131,39396.5949,0.0000,1.0284,39396.5938,25,0
76820.0000,7682,2009,2.7000,9,1000,1000,1,34543.7069,0.0000,0.8998,4849.8278,0.0000,0.1155,7.1936,0.0000,0.0131,39400.7283,0.0000,1.0284,39400.7266,25,0
76830.0000,7683,2002,2.7000,2,1000,1000,1,34548.8207,0.0000,0.8999,4849.1965,0.0000,0.1155,7.1927,0.0000,0.0131,39405.2100,0.0000,1.0284,39405.2109,24,0
76840.0000,7684,2003,2.7000,3,1000,1000,1,34552.9543,0.0000,0.8999,4848.5655,0.0000,0.1155,7.1918,0.0000,0.0131,39408.7116,0.0000,1.0285,39408.7109,24,0
76850.0000,7685,2003,2.7000,3,1000,1000,1,34558.4642,0.0000,0.8999,4854.1402,0.0000,0.1155,7.1908,0.0000,0.0131,39419.7952,0.0000,1.0285,39419.7969,24,0
76860.0000,7686,2003,2.7000,3,1000,1000,1,34562.8352,0.0000,0.8999,4853.5086,0.0000,0.1155,7.1899,0.0000,0.0130,39423.5337,0.0000,1.0285,39423.5352,24,0
76870.0000,7687,2000,2.7000,0,1000,1000,1,34565.9732,0.0000,0.9000,4852.8772,0.0000,0.1155,7.1889,0.0000,0.0130,39426.0393,0.0000,1.0285,39426.0391,24,0
76880.0000,7688,1997,2.7000,0,997,1000,1,34567.2595,0.0000,0.8999,4855.2526,0.0000,0.1155,7.1880,0.0000,0.0130,39429.7000,0.0000,1.0285,39429.6992,24,0
76890.0000,7689,2003,2.7000,3,1000,1000,1,34575.9669,0.0000,0.8999,4856.2648,0.0000,0.1156,7.1871,0.0000,0.0130,39439.4188,0.0000,1.0285,39439.4180,24,0
76900.0000,7690,2007,2.7000,7,1000,1000,1,34579.1513,0.0000,0.9000,4855.6333,0.0000,0.1156,7.1861,0.0000,0.0130,39441.9707,0.0000,1.0286,39441.9688,25,0
76910.0000,7691,2003,2.7000,3,1000,1000,1,34584.7125,0.0000,0.8999,4855.0019,0.0000,0.1155,7.1852,0.0000,0.0130,39446.8997,0.0000,1.0285,39446.8984,24,0
76920.0000,7692,2000,2.7000,0,1000,1000,1,34589.4562,0.0000,0.9000,4854.3707,0.0000,0.1155,7.1843,0.0000,0.0130,39451.0112,0.0000,1.0285,39451.0117,24,0
76930.0000,7693,2005,2.7000,5,1000,1000,1,34594.1441,0.0000,0.9000,4857.5425,0.0000,0.1155,7.1833,0.0000,0.0130,39458.8699,0.0000,1.0286,39458.8711,24,0
76940.0000,7694,2003,2.7000,3,1000,1000,1,34597.8819,0.0000,0.9000,4856.9111,0.0000,0.1155,7.1824,0.0000,0.0130,39461.9755,0.0000,1.0286,39461.9766,24,0
76950.0000,7695,2000,2.7000,0,1000,1000,1,34601.2362,0.0000,0.9000,4859.1264,0.0000,0.1155,7.1815,0.0000,0.0130,39467.5441,0.0000,1.0285,39467.5430,24,0
76960.0000,7696,2003,2.7000,3,1000,1000,1,34607.9273,0.0000,0.9000,4859.5875,0.0000,0.1156,7.1805,0.0000,0.0130,39474.6954,0.0000,1.0286,39474.6953,24,0
76970.0000,7697,2004,2.7000,4,1000,1000,1,34612.2077,0.0000,0.9000,4858.9562,0.0000,0.1156,7.1796,0.0000,0.0130,39478.3435,0.0000,1.0286,39478.3438,24,0
76980.0000,7698,2006,2.7000,6,1000,1000,1,34616.9012,0.0000,0.9000,4858.3250,0.0000,0.1155,7.1787,0.0000,0.0130,39482.4048,0.0000,1.0286,39482.4062,25,0
76990.0000,7699,2003,2.7000,3,1000,1000,1,34621.0472,0.0000,0.9000,4857.6939,0.0000,0.1155,7.1777,0.0000,0.0130,39485.9188,0.0000,1.0285,39485.9180,24,0
77000.0000,7700,2005,2.7000,5,1000,1000,1,34625.2345,0.0000,0.9000,4857.0631,0.0000,0.1155,7.1768,0.0000,0.0130,39489.4744,0.0000,1.0285,39489.4727,24,0
77010.0000,7701,2008,2.7000,8,1000,1000,1,34629.5773,0.0000,0.9000,4856.4324,0.0000,0.1155,7.1759,0.0000,0.0130,39493.1855,0.0000,1.0285,39493.1836,25,0
77020.0000,7702,2001,2.7000,1,1000,1000,1,34633.3006,0.0000,0.8999,4855.8018,0.0000,0.1155,7.1749,0.0000,0.0130,39496.2774,0.0000,1.0284,39496.2773,24,0
77030.0000,7703,2004,2.7000,4,1000,1000,1,34639.3300,0.0000,0.9000,4855.1714,0.0000,0.1155,7.1740,0.0000,0.0130,39501.6754,0.0000,1.0285,39501.6758,24,0
77040.0000,7704,2002,2.7000,2,1000,1000,1,34638.5455,0.0000,0.8999,4854.5412,0.0000,0.1155,7.1731,0.0000,0.0130,39500.2598,0.0000,1.0284,39500.2617,24,0
77050.0000,7705,1999,2.7000,0,999,1000,1,34647.1625,0.0000,0.8998,4864.6411,0.0000,0.1155,7.1722,0.0000,0.0130,39518.9757,0.0000,1.0284,39518.9766,24,0
77060.0000,7706,1998,2.7000,0,998,1000,1,34651.8117,0.0000,0.8998,4865.1775,0.0000,0.1155,7.1712,0.0000,0.0130,39524.1605,0.0000,1.0284,39524.1602,24,0
77070.0000,7707,2007,2.7000,7,1000,1000,1,34656.3448,0.0000,0.8999,4865.1209,0.0000,0.1156,7.1703,0.0000,0.0130,39528.6360,0.0000,1.0284,39528.6367,25,0
77080.0000,7708,2010,2.7000,10,1000,1000,1,34661.9011,0.0000,0.8999,4864.4897,0.0000,0.1155,7.1694,0.0000,0.0130,39533.5601,0.0000,1.0285,39533.5586,25,0
77090.0000,7709,2004,2.7000,4,1000,1000,1,34665.1905,0.0000,0.8999,4863.8587,0.0000,0.1155,7.1684,0.0000,0.0130,39536.2176,0.0000,1.0284,39536.2188,24,0
77100.0000,7710,1998,2.7000,1,997,1000,1,34671.0307,0.0000,0.8999,4863.2278,0.0000,0.1155,7.1675,0.0000,0.0130,39541.4261,0.0000,1.0284,39541.4258,24,0
77110.0000,7711,2004,2.7000,4,1000,1000,1,34675.0442,0.0000,0.8999,4866.9569,0.0000,0.1155,7.1666,0.0000,0.0130,39549.1677,0.0000,1.0285,39549.1680,24,0
77120.0000,7712,2003,2.7000,3,1000,1000,1,34679.4652,0.0000,0.8999,4868.1891,0.0000,0.1155,7.1656,0.0000,0.0130,39554.8199,0.0000,1.0284,39554.8203,24,0
77130.0000,7713,2010,2.7000,10,1000,1000,1,34684.4797,0.0000,0.9000,4867.5579,0.0000,0.1155,7.1647,0.0000,0.0130,39559.2023,0.0000,1.0285,39559.2031,25,0
77140.0000,7714,2012,2.7000,12,1000,1000,1,34689.0290,0.0000,0.9000,4866.9269,0.0000,0.1155,7.1638,0.0000,0.0130,39563.1197,0.0000,1.0285,39563.1211,25,0
77150.0000,7715,2018,2.7000,18,1000,1000,1,34693.4310,0.0000,0.9000,4866.2961,0.0000,0.1155,7.1629,0.0000,0.0130,39566.8899,0.0000,1.0285,39566.8906,25,0
77160.0000,7716,2018,2.7000,18,1000,1000,1,34697.6886,0.0000,0.9000,4865.6654,0.0000,0.1155,7.1619,0.0000,0.0130,39570.5159,0.0000,1.0285,39570.5156,25,0
77170.0000,7717,2009,2.7000,9,1000,1000,1,34701.7438,0.0000,0.9000,4865.0349,0.0000,0.1155,7.1610,0.0000,0.0130,39573.9396,0.0000,1.0284,39573.9414,25,0
77180.0000,7718,2017,2.7000,17,1000,1000,1,34706.3311,0.0000,0.9001,4864.4045,0.0000,0.1154,7.1601,0.0000,0.0130,39577.8957,0.0000,1.0285,39577.8945,25,0
77190.0000,7719,2013,2.7000,13,1000,1000,1,34711.3076,0.0000,0.9001,4863.7743,0.0000,0.1154,7.1591,0.0000,0.0130,39582.2410,0.0000,1.0285,39582.2422,25,0
77200.0000,7720,2011,2.7000,11,1000,1000,1,34715.4895,0.0000,0.9001,4863.1443,0.0000,0.1154,7.1582,0.0000,0.0130,39585.7920,0.0000,1.0285,39585.7930,25,0
77210.0000,7721,2013,2.7000,13,1000,1000,1,34720.0040,0.0000,0.9001,4862.5144,0.0000,0.1154,7.1573,0.0000,0.0130,39589.6757,0.0000,1.0285,39589.6758,25,0
77220.0000,7722,2020,2.7000,20,1000,1000,1,34724.3199,0.0000,0.9002,4861.8848,0.0000,0.1154,7.1564,0.0000,0.0130,39593.3610,0.0000,1.0285,39593.3594,25,0
77230.0000,7723,2021,2.7000,21,1000,1000,1,34729.1687,0.0000,0.9001,4861.2552,0.0000,0.1154,7.1554,0.0000,0.0130,39597.5793,0.0000,1.0285,39597.5781,26,0
77240.0000,7724,2016,2.7000,16,1000,1000,1,34733.8648,0.0000,0.9001,4860.6258,0.0000,0.1154,7.1545,0.0000,0.0130,39601.6452,0.0000,1.0285,39601.6445,25,0
77250.0000,7725,2014,2.7000,14,1000,1000,1,34737.6545,0.0000,0.9001,4859.9966,0.0000,0.1153,7.1536,0.0000,0.0130,39604.8047,0.0000,1.0284,39604.8047,25,0
77260.0000,7726,2010,2.7000,10,1000,1000,1,34741.8868,0.0000,0.9000,4859.3676,0.0000,0.1153,7.1527,0.0000,0.0130,39608.4071,0.0000,1.0283,39608.4062,25,0
77270.0000,7727,2009,2.7000,9,1000,1000,1,34746.8966,0.0000,0.9000,4858.7387,0.0000,0.1153,7.1517,0.0000,0.0130,39612.7870,0.0000,1.0283,39612.7852,25,0
77280.0000,7728,2011,2.7000,11,1000,1000,1,34751.8440,0.0000,0.9001,4858.1100,0.0000,0.1153,7.1508,0.0000,0.0130,39617.1048,0.0000,1.0283,39617.1055,25,0
77290.0000,7729,2003,2.7000,3,1000,1000,1,34754.4943,0.0000,0.9000,4857.4814,0.0000,0.1153,7.1499,0.0000,0.0130,39619.1256,0.0000,1.0283,39619.1250,24,0
77300.0000,7730,2003,2.7000,3,1000,1000,1,34761.0718,0.0000,0.9000,4856.8530,0.0000,0.1153,7.1490,0.0000,0.0130,39625.0738,0.0000,1.0283,39625.0742,24,0
77310.0000,7731,2000,2.7000,0,1000,1000,1,34764.0382,0.0000,0.9001,4856.2248,0.0000,0.1153,7.1480,0.0000,0.0130,39627.4110,0.0000,1.0283,39627.4102,24,0
77320.0000,7732,2000,2.7000,2,998,1000,1,34770.0008,0.0000,0.9001,4878.7949,0.0000,0.1153,7.1471,0.0000,0.0130,39655.9428,0.0000,1.0283,39655.9414,24,0
77330.0000,7733,2000,2.7000,0,1000,1000,1,34768.5683,0.0000,0.9001,4879.1798,0.0000,0.1153,7.1462,0.0000,0.0130,39654.8942,0.0000,1.0283,39654.8945,24,0
77340.0000,7734,1999,2.7000,2,997,1000,1,34778.7638,0.0000,0.9000,4879.6050,0.0000,0.1154,7.1453,0.0000,0.0130,39665.5141,0.0000,1.0284,39665.5156,24,0
77350.0000,7735,2001,2.7000,2,999,1000,1,34783.2771,0.0000,0.9000,4879.7116,0.0000,0.1154,7.1443,0.0000,0.0130,39670.1331,0.0000,1.0284,39670.1328,24,0
77360.0000,7736,1997,2.7000,0,997,1000,1,34787.7748,0.0000,0.9000,4880.8386,0.0000,0.1155,7.1434,0.0000,0.0130,39675.7568,0.0000,1.0284,39675.7578,24,0
77370.0000,7737,1999,2.7000,0,999,1000,1,34789.9464,0.0000,0.9000,4881.3494,0.0000,0.1155,7.1425,0.0000,0.0130,39678.4383,0.0000,1.0285,39678.4375,24,0
77380.0000,7738,2005,2.7000,5,1000,1000,1,34796.5717,0.0000,0.9000,4880.8711,0.0000,0.1155,7.1416,0.0000,0.0130,39684.5844,0.0000,1.0285,39684.5859,24,0
77390.0000,7739,2006,2.7000,6,1000,1000,1,34801.3714,0.0000,0.9000,4880.2405,0.0000,0.1155,7.1406,0.0000,0.0130,39688.7525,0.0000,1.0285,39688.7539,25,0
77400.0000,7740,2005,2.7000,5,1000,1000,1,34805.4166,0.0000,0.9000,4879.6099,0.0000,0.1155,7.1397,0.0000,0.0130,39692.1663,0.0000,1.0285,39692.1680,24,0
77410.0000,7741,2010,2.7000,10,1000,1000,1,34810.2132,0.0000,0.9000,4878.9796,0.0000,0.1155,7.1388,0.0000,0.0130,39696.3316,0.0000,1.0285,39696.3320,25,0
77420.0000,7742,2015,2.7000,15,1000,1000,1,34814.7622,0.0000,0.9000,4878.3494,0.0000,0.1155,7.1379,0.0000,0.0130,39700.2494,0.0000,1.0285,39700.2500,25,0
77430.0000,7743,2015,2.7000,15,1000,1000,1,34817.5755,0.0000,0.9001,4877.7194,0.0000,0.1155,7.1370,0.0000,0.0130,39702.4318,0.0000,1.0285,39702.4336,25,0
77440.0000,7744,2017,2.7000,17,1000,1000,1,34823.8638,0.0000,0.9001,4877.0895,0.0000,0.1155,7.1360,0.0000,0.0130,39708.0893,0.0000,1.0285,39708.0898,25,0
77450.0000,7745,2017,2.7000,17,1000,1000,1,34828.1249,0.0000,0.9001,4876.4598,0.0000,0.1154,7.1351,0.0000,0.0130,39711.7198,0.0000,1.0285,39711.7188,25,0
77460.0000,7746,2011,2.7000,11,1000,1000,1,34832.9077,0.0000,0.9000,4875.8302,0.0000,0.1154,7.1342,0.0000,0.0129,39715.8721,0.0000,1.0284,39715.8711,25,0
77470.0000,7747,2004,2.7000,4,1000,1000,1,34837.0801,0.0000,0.9000,4875.2008,0.0000,0.1154,7.1333,0.0000,0.0129,39719.4142,0.0000,1.0283,39719.4141,24,0
77480.0000,7748,2005,2.7000,5,1000,1000,1,34841.3256,0.0000,0.9000,4874.5716,0.0000,0.1154,7.1323,0.0000,0.0129,39723.0296,0.0000,1.0283,39723.0312,24,0
77490.0000,7749,2000,2.7000,0,1000,1000,1,34845.4614,0.0000,0.8999,4873.9426,0.0000,0.1154,7.1314,0.0000,0.0129,39726.5354,0.0000,1.0283,39726.5352,24,0
77500.0000,7750,2003,2.7000,3,1000,1000,1,34851.0354,0.0000,0.8999,4887.8748,0.0000,0.1154,7.1305,0.0000,0.0129,39746.0407,0.0000,1.0283,39746.0391,24,0
77510.0000,7751,2001,2.7000,1,1000,1000,1,34855.4287,0.0000,0.9000,4887.2442,0.0000,0.1154,7.1296,0.0000,0.0129,39749.8024,0.0000,1.0283,39749.8008,24,0
77520.0000,7752,2002,2.7000,2,1000,1000,1,34859.7814,0.0000,0.8999,4889.1527,0.0000,0.1154,7.1287,0.0000,0.0129,39756.0628,0.0000,1.0283,39756.0625,24,0
77530.0000,7753,2002,2.7000,2,1000,1000,1,34861.6897,0.0000,0.8999,4888.5221,0.0000,0.1154,7.1277,0.0000,0.0129,39757.3395,0.0000,1.0282,39757.3398,24,0
77540.0000,7754,2001,2.7000,1,1000,1000,1,34868.5759,0.0000,0.8999,4890.3497,0.0000,0.1154,7.1268,0.0000,0.0129,39766.0524,0.0000,1.0283,39766.0508,24,0
77550.0000,7755,1999,2.7000,1,998,1000,1,34872.9300,0.0000,0.8998,4890.7813,0.0000,0.1155,7.1259,0.0000,0.0129,39770.8372,0.0000,1.0282,39770.8359,24,0
77560.0000,7756,2001,2.7000,1,1000,1000,1,34877.6851,0.0000,0.8998,4890.6735,0.0000,0.1155,7.1250,0.0000,0.0129,39775.4837,0.0000,1.0283,39775.4844,24,0
77570.0000,7757,1999,2.7000,0,999,1000,1,34878.8836,0.0000,0.8998,4891.8095,0.0000,0.1155,7.1241,0.0000,0.0129,39777.8171,0.0000,1.0283,39777.8164,24,0
77580.0000,7758,2004,2.7000,4,1000,1000,1,34886.0145,0.0000,0.8998,4892.0859,0.0000,0.1156,7.1232,0.0000,0.0129,39785.2235,0.0000,1.0283,39785.2227,24,0
77590.0000,7759,2004,2.7000,4,1000,1000,1,34890.8686,0.0000,0.8997,4891.4554,0.0000,0.1156,7.1222,0.0000,0.0129,39789.4462,0.0000,1.0283,39789.4453,24,0
77600.0000,7760,2008,2.7000,8,1000,1000,1,34895.6985,0.0000,0.8998,4890.8250,0.0000,0.1156,7.1213,0.0000,0.0129,39793.6449,0.0000,1.0283,39793.6445,25,0
77610.0000,7761,2001,2.7000,1,1000,1000,1,34899.7982,0.0000,0.8997,4890.1948,0.0000,0.1156,7.1204,0.0000,0.0129,39797.1134,0.0000,1.0282,39797.1133,24,0
77620.0000,7762,2004,2.7000,4,1000,1000,1,34905.0957,0.0000,0.8998,4889.5648,0.0000,0.1156,7.1195,0.0000,0.0129,39801.7800,0.0000,1.0283,39801.7812,24,0
77630.0000,7763,2009,2.7000,9,1000,1000,1,34908.5379,0.0000,0.8998,4888.9350,0.0000,0.1155,7.1186,0.0000,0.0129,39804.5914,0.0000,1.0283,39804.5898,25,0
77640.0000,7764,2006,2.7000,6,1000,1000,1,34913.9384,0.0000,0.8998,4888.3053,0.0000,0.1155,7.1176,0.0000,0.0129,39809.3613,0.0000,1.0282,39809.3633,25,0
77650.0000,7765,2009,2.7000,9,1000,1000,1,34918.3146,0.0000,0.8998,4887.6757,0.0000,0.1155,7.1167,0.0000,0.0129,39813.1070,0.0000,1.0282,39813.1055,25,0
77660.0000,7766,2011,2.7000,11,1000,1000,1,34923.0782,0.0000,0.8998,4887.0464,0.0000,0.1155,7.1158,0.0000,0.0129,39817.2404,0.0000,1.0283,39817.2422,25,0
77670.0000,7767,2011,2.7000,11,1000,1000,1,34927.2158,0.0000,0.8998,4886.4172,0.0000,0.1155,7.1149,0.0000,0.0129,39820.7478,0.0000,1.0282,39820.7461,25,0
77680.0000,7768,2013,2.7000,13,1000,1000,1,34931.4476,0.0000,0.8999,4885.7881,0.0000,0.1155,7.1140,0.0000,0.0129,39824.3497,0.0000,1.0282,39824.3516,25,0
77690.0000,7769,2012,2.7000,12,1000,1000,1,34936.2426,0.0000,0.8998,4885.1592,0.0000,0.1155,7.1131,0.0000,0.0129,39828.5149,0.0000,1.0282,39828.5156,25,0
77700.0000,7770,2005,2.7000,5,1000,1000,1,34940.8630,0.0000,0.8998,4884.5305,0.0000,0.1154,7.1122,0.0000,0.0129,39832.5057,0.0000,1.0281,39832.5039,24,0
77710.0000,7771,2011,2.7000,11,1000,1000,1,34945.5587,0.0000,0.8998,4883.9020,0.0000,0.1154,7.1112,0.0000,0.0129,39836.5719,0.0000,1.0281,39836.5703,25,0
77720.0000,7772,2006,2.7000,6,1000,1000,1,34949.3612,0.0000,0.8998,4883.2736,0.0000,0.1154,7.1103,0.0000,0.0129,39839.7451,0.0000,1.0282,39839.7461,25,0
77730.0000,7773,1999,2.7000,0,999,1000,1,34952.8418,0.0000,0.8998,4900.0957,0.0000,0.1154,7.1094,0.0000,0.0129,39860.0469,0.0000,1.0282,39860.0469,24,0
77740.0000,7774,2001,2.7000,1,1000,1000,1,34958.1743,0.0000,0.8998,4900.6317,0.0000,0.1154,7.1085,0.0000,0.0129,39865.9146,0.0000,1.0282,39865.9141,24,0
77750.0000,7775,2005,2.7000,5,1000,1000,1,34963.4879,0.0000,0.8999,4900.9972,0.0000,0.1155,7.1076,0.0000,0.0129,39871.5927,0.0000,1.0283,39871.5938,24,0
77760.0000,7776,2003,2.7000,3,1000,1000,1,34968.1650,0.0000,0.8999,4900.3669,0.0000,0.1154,7.1067,0.0000,0.0129,39875.6386,0.0000,1.0283,39875.6367,24,0
77770.0000,7777,2004,2.7000,4,1000,1000,1,34971.6786,0.0000,0.8999,4899.7368,0.0000,0.1154,7.1058,0.0000,0.0129,39878.5212,0.0000,1.0282,39878.5195,24,0
77780.0000,7778,2007,2.7000,7,1000,1000,1,34973.6230,0.0000,0.8999,4899.1069,0.0000,0.1154,7.1048,0.0000,0.0129,39879.8347,0.0000,1.0282,39879.8359,25,0
77790.0000,7779,2007,2.7000,7,1000,1000,1,34979.0778,0.0000,0.8999,4898.4771,0.0000,0.1154,7.1039,0.0000,0.0129,39884.6588,0.0000,1.0282,39884.6602,25,0
77800.0000,7780,2008,2.7000,8,1000,1000,1,34986.1084,0.0000,0.8999,4897.8475,0.0000,0.1154,7.1030,0.0000,0.0129,39891.0589,0.0000,1.0281,39891.0586,25,0
77810.0000,7781,2007,2.7000,7,1000,1000,1,34989.5430,0.0000,0.8998,4897.2180,0.0000,0.1154,7.1021,0.0000,0.0129,39893.8631,0.0000,1.0281,39893.8633,25,0
77820.0000,7782,2008,2.7000,8,1000,1000,1,34993.7119,0.0000,0.8998,4896.5887,0.0000,0.1154,7.1012,0.0000,0.0129,39897.4018,0.0000,1.0281,39897.4023,25,0
77830.0000,7783,2002,2.7000,2,1000,1000,1,34999.4628,0.0000,0.8998,4895.9596,0.0000,0.1153,7.1003,0.0000,0.0129,39902.5226,0.0000,1.0281,39902.5234,24,0
77840.0000,7784,1998,2.7000,0,998,1000,1,34999.0955,0.0000,0.8998,4895.3306,0.0000,0.1153,7.0994,0.0000,0.0129,39901.5254,0.0000,1.0280,39901.5273,24,0
77850.0000,7785,2007,2.7000,7,1000,1000,1,35006.9565,0.0000,0.8998,4906.1528,0.0000,0.1153,7.0984,0.0000,0.0129,39920.2078,0.0000,1.0280,39920.2070,25,0
77860.0000,7786,2006,2.7000,6,1000,1000,1,35013.0843,0.0000,0.8999,4905.5227,0.0000,0.1153,7.0975,0.0000,0.0129,39925.7045,0.0000,1.0281,39925.7031,25,0
77870.0000,7787,2000,2.7000,0,1000,1000,1,35016.7770,0.0000,0.8999,4904.8927,0.0000,0.1153,7.0966,0.0000,0.0129,39928.7664,0.0000,1.0280,39928.7656,24,0
77880.0000,7788,2004,2.7000,4,1000,1000,1,35021.5794,0.0000,0.8998,4907.4636,0.0000,0.1153,7.0957,0.0000,0.0129,39936.1387,0.0000,1.0280,39936.1367,24,0
77890.0000,7789,2004,2.7000,4,1000,1000,1,35025.5155,0.0000,0.8999,4906.8335,0.0000,0.1153,7.0948,0.0000,0.0129,39939.4438,0.0000,1.0280,39939.4453,24,0
77900.0000,7790,2005,2.7000,5,1000,1000,1,35031.1873,0.0000,0.8999,4906.2036,0.0000,0.1153,7.0939,0.0000,0.0129,39944.4848,0.0000,1.0280,39944.4844,24,0
77910.0000,7791,2001,2.7000,1,1000,1000,1,35034.8860,0.0000,0.8999,4905.5739,0.0000,0.1153,7.0930,0.0000,0.0129,39947.5529,0.0000,1.0280,39947.5547,24,0
77920.0000,7792,2000,2.7000,1,999,1000,1,35040.0685,0.0000,0.8999,4910.2549,0.0000,0.1153,7.0921,0.0000,0.0129,39957.4155,0.0000,1.0280,39957.4141,24,0
77930.0000,7793,2007,2.7000,7,1000,1000,1,35043.9786,0.0000,0.8999,4909.6784,0.0000,0.1153,7.0912,0.0000,0.0129,39960.7482,0.0000,1.0281,39960.7500,25,0
77940.0000,7794,2013,2.7000,13,1000,1000,1,35049.1691,0.0000,0.9000,4909.0485,0.0000,0.1153,7.0903,0.0000,0.0129,39965.3079,0.0000,1.0281,39965.3086,25,0
77950.0000,7795,2011,2.7000,11,1000,1000,1,35052.0589,0.0000,0.9000,4908.4187,0.0000,0.1152,7.0893,0.0000,0.0129,39967.5670,0.0000,1.0281,39967.5664,25,0
77960.0000,7796,2008,2.7000,8,1000,1000,1,35056.9383,0.0000,0.9000,4907.7891,0.0000,0.1152,7.0884,0.0000,0.0129,39971.8159,0.0000,1.0281,39971.8164,25,0
77970.0000,7797,2021,2.7000,21,1000,1000,1,35061.4845,0.0000,0.9002,4907.1597,0.0000,0.1152,7.0875,0.0000,0.0129,39975.7317,0.0000,1.0283,39975.7305,26,0
77980.0000,7798,2022,2.7000,22,1000,1000,1,35066.2840,0.0000,0.9002,4906.5304,0.0000,0.1152,7.0866,0.0000,0.0129,39979.9010,0.0000,1.0283,39979.9023,26,0
77990.0000,7799,2021,2.7000,21,1000,1000,1,35071.7304,0.0000,0.9002,4905.9013,0.0000,0.1152,7.0857,0.0000,0.0129,39984.7174,0.0000,1.0282,39984.7188,26,0
78000.0000,7800,2020,2.7000,20,1000,1000,1,35075.8986,0.0000,0.9002,4905.2723,0.0000,0.1152,7.0848,0.0000,0.0129,39988.2557,0.0000,1.0282,39988.2539,25,0
78010.0000,7801,2024,2.7000,24,1000,1000,1,35079.7431,0.0000,0.9002,4904.6435,0.0000,0.1152,7.0839,0.0000,0.0129,39991.4706,0.0000,1.0282,39991.4688,26,0
78020.0000,7802,2020,2.7000,20,1000,1000,1,35085.2277,0.0000,0.9002,4904.0149,0.0000,0.1151,7.0830,0.0000,0.0129,39996.3256,0.0000,1.0282,39996.3242,25,0
78030.0000,7803,2020,2.7000,20,1000,1000,1,35089.7398,0.0000,0.9002,4903.3864,0.0000,0.1151,7.0821,0.0000,0.0129,40000.2082,0.0000,1.0282,40000.2070,25,0
78040.0000,7804,2016,2.7000,16,1000,1000,1,35091.3343,0.0000,0.9002,4902.7581,0.0000,0.1151,7.0812,0.0000,0.0129,40001.1735,0.0000,1.0282,40001.1719,25,0
78050.0000,7805,2013,2.7000,13,1000,1000,1,35098.2432,0.0000,0.9002,4902.1299,0.0000,0.1151,7.0803,0.0000,0.0129,40007.4534,0.0000,1.0281,40007.4531,25,0
78060.0000,7806,2010,2.7000,10,1000,1000,1,35101.2918,0.0000,0.9002,4901.5019,0.0000,0.1151,7.0794,0.0000,0.0128,40009.8731,0.0000,1.0281,40009.8750,25,0
78070.0000,7807,2013,2.7000,13,1000,1000,1,35106.9761,0.0000,0.9002,4900.8741,0.0000,0.1151,7.0784,0.0000,0.0128,40014.9286,0.0000,1.0281,40014.9297,25,0
78080.0000,7808,2012,2.7000,12,1000,1000,1,35112.1853,0.0000,0.9002,4900.2464,0.0000,0.1150,7.0775,0.0000,0.0128,40019.5093,0.0000,1.0281,40019.5078,25,0
78090.0000,7809,2018,2.7000,18,1000,1000,1,35116.3274,0.0000,0.9003,4899.6189,0.0000,0.1150,7.0766,0.0000,0.0128,40023.0229,0.0000,1.0282,40023.0234,25,0
78100.0000,7810,2020,2.7000,20,1000,1000,1,35121.0756,0.0000,0.9003,4898.9916,0.0000,0.1150,7.0757,0.0000,0.0128,40027.1429,0.0000,1.0282,40027.1445,25,0
78110.0000,7811,2022,2.7000,22,1000,1000,1,35124.7378,0.0000,0.9003,4898.3644,0.0000,0.1150,7.0748,0.0000,0.0128,40030.1770,0.0000,1.0282,40030.1758,26,0
78120.0000,7812,2024,2.7000,24,1000,1000,1,35129.8359,0.0000,0.9003,4897.7373,0.0000,0.1150,7.0739,0.0000,0.0128,40034.6472,0.0000,1.0282,40034.6484,26,0
78130.0000,7813,2026,2.7000,26,1000,1000,1,35133.4622,0.0000,0.9003,4897.1105,0.0000,0.1150,7.0730,0.0000,0.0128,40037.6457,0.0000,1.0281,40037.6445,26,0
78140.0000,7814,2018,2.7000,18,1000,1000,1,35138.7731,0.0000,0.9003,4896.4838,0.0000,0.1150,7.0721,0.0000,0.0128,40042.3290,0.0000,1.0281,40042.3281,25,0
78150.0000,7815,2017,2.7000,17,1000,1000,1,35142.8527,0.0000,0.9003,4895.8572,0.0000,0.1149,7.0712,0.0000,0.0128,40045.7812,0.0000,1.0281,40045.7812,25,0
78160.0000,7816,2011,2.7000,11,1000,1000,1,35148.3053,0.0000,0.9002,4895.2308,0.0000,0.1149,7.0703,0.0000,0.0128,40050.6065,0.0000,1.0280,40050.6055,25,0
78170.0000,7817,2011,2.7000,11,1000,1000,1,35152.4902,0.0000,0.9002,4894.6046,0.0000,0.1149,7.0694,0.0000,0.0128,40054.1641,0.0000,1.0280,40054.1641,25,0
78180.0000,7818,2011,2.7000,11,1000,1000,1,35156.9448,0.0000,0.9002,4893.9785,0.0000,0.1149,7.0685,0.0000,0.0128,40057.9918,0.0000,1.0279,40057.9922,25,0
78190.0000,7819,2014,2.7000,14,1000,1000,1,35161.8674,0.0000,0.9003,4893.3526,0.0000,0.1149,7.0676,0.0000,0.0128,40062.2876,0.0000,1.0280,40062.2891,25,0
78200.0000,7820,2011,2.7000,11,1000,1000,1,35165.1740,0.0000,0.9003,4892.7269,0.0000,0.1149,7.0667,0.0000,0.0128,40064.9675,0.0000,1.0280,40064.9688,25,0
78210.0000,7821,2012,2.7000,12,1000,1000,1,35170.5179,0.0000,0.9003,4892.1013,0.0000,0.1149,7.0658,0.0000,0.0128,40069.6850,0.0000,1.0280,40069.6836,25,0
78220.0000,7822,2011,2.7000,11,1000,1000,1,35174.7681,0.0000,0.9003,4891.4759,0.0000,0.1148,7.0649,0.0000,0.0128,40073.3089,0.0000,1.0280,40073.3086,25,0
78230.0000,7823,2007,2.7000,7,1000,1000,1,35179.1550,0.0000,0.9003,4890.8506,0.0000,0.1148,7.0640,0.0000,0.0128,40077.0696,0.0000,1.0280,40077.0703,25,0
78240.0000,7824,2011,2.7000,11,1000,1000,1,35184.2794,0.0000,0.9003,4890.2255,0.0000,0.1148,7.0631,0.0000,0.0128,40081.5679,0.0000,1.0280,40081.5664,25,0
78250.0000,7825,2003,2.7000,3,1000,1000,1,35188.1713,0.0000,0.9003,4889.6005,0.0000,0.1148,7.0622,0.0000,0.0128,40084.8340,0.0000,1.0279,40084.8359,24,0
78260.0000,7826,2003,2.7000,3,1000,1000,1,35192.4618,0.0000,0.9003,4888.9757,0.0000,0.1148,7.0613,0.0000,0.0128,40088.4988,0.0000,1.0279,40088.5000,24,0
78270.0000,7827,2004,2.7000,4,1000,1000,1,35197.6094,0.0000,0.9003,4927.9501,0.0000,0.1148,7.0604,0.0000,0.0128,40132.6198,0.0000,1.0279,40132.6211,24,0
78280.0000,7828,2009,2.7000,9,1000,1000,1,35201.9939,0.0000,0.9003,4927.3206,0.0000,0.1148,7.0595,0.0000,0.0128,40136.3739,0.0000,1.0279,40136.3750,25,0
78290.0000,7829,2011,2.7000,11,1000,1000,1,35206.2130,0.0000,0.9003,4926.6912,0.0000,0.1148,7.0586,0.0000,0.0128,40139.9627,0.0000,1.0279,40139.9609,25,0
78300.0000,7830,2010,2.7000,10,1000,1000,1,35211.2844,0.0000,0.9003,4926.0620,0.0000,0.1147,7.0577,0.0000,0.0128,40144.4041,0.0000,1.0279,40144.4023,25,0
78310.0000,7831,2010,2.7000,10,1000,1000,1,35215.5044,0.0000,0.9004,4925.4329,0.0000,0.1147,7.0568,0.0000,0.0128,40147.9941,0.0000,1.0279,40147.9922,25,0
78320.0000,7832,2011,2.7000,11,1000,1000,1,35219.4021,0.0000,0.9004,4924.8041,0.0000,0.1147,7.0559,0.0000,0.0128,40151.2620,0.0000,1.0279,40151.2617,25,0
78330.0000,7833,2012,2.7000,12,1000,1000,1,35224.9701,0.0000,0.9004,4924.1753,0.0000,0.1147,7.0550,0.0000,0.0128,40156.2003,0.0000,1.0279,40156.1992,25,0
78340.0000,7834,2018,2.7000,18,1000,1000,1,35229.4233,0.0000,0.9005,4923.5468,0.0000,0.1147,7.0540,0.0000,0.0128,40160.0241,0.0000,1.0280,40160.0234,25,0
78350.0000,7835,2021,2.7000,21,1000,1000,1,35232.5305,0.0000,0.9005,4922.9184,0.0000,0.1147,7.0531,0.0000,0.0128,40162.5020,0.0000,1.0280,40162.5039,26,0
78360.0000,7836,2027,2.7000,27,1000,1000,1,35238.3399,0.0000,0.9005,4922.2901,0.0000,0.1147,7.0522,0.0000,0.0128,40167.6822,0.0000,1.0280,40167.6836,26,0
78370.0000,7837,2019,2.7000,19,1000,1000,1,35241.4437,0.0000,0.9004,4921.6620,0.0000,0.1146,7.0513,0.0000,0.0128,40170.1571,0.0000,1.0279,40170.1562,25,0
78380.0000,7838,2016,2.7000,16,1000,1000,1,35247.0040,0.0000,0.9004,4921.0341,0.0000,0.1146,7.0504,0.0000,0.0128,40175.0885,0.0000,1.0278,40175.0898,25,0
78390.0000,7839,2022,2.7000,22,1000,1000,1,35251.2239,0.0000,0.9005,4920.4064,0.0000,0.1146,7.0496,0.0000,0.0128,40178.6798,0.0000,1.0279,40178.6797,26,0
78400.0000,7840,2020,2.7000,20,1000,1000,1,35255.6675,0.0000,0.9005,4919.7787,0.0000,0.1146,7.0487,0.0000,0.0128,40182.4949,0.0000,1.0279,40182.4961,25,0
78410.0000,7841,2028,2.7000,28,1000,1000,1,35257.5030,0.0000,0.9005,4919.1513,0.0000,0.1146,7.0478,0.0000,0.0128,40183.7020,0.0000,1.0279,40183.7031,26,0
78420.0000,7842,2027,2.7000,27,1000,1000,1,35265.4959,0.0000,0.9005,4918.5240,0.0000,0.1146,7.0469,0.0000,0.0128,40191.0668,0.0000,1.0279,40191.0664,26,0
78430.0000,7843,2028,2.7000,28,1000,1000,1,35269.2759,0.0000,0.9005,4917.8969,0.0000,0.1145,7.0460,0.0000,0.0128,40194.2188,0.0000,1.0279,40194.2188,26,0
78440.0000,7844,2026,2.7000,26,1000,1000,1,35273.8353,0.0000,0.9005,4917.2699,0.0000,0.1145,7.0451,0.0000,0.0128,40198.1503,0.0000,1.0278,40198.1484,26,0
78450.0000,7845,2031,2.7000,31,1000,1000,1,35278.4218,0.0000,0.9005,4916.6431,0.0000,0.1145,7.0442,0.0000,0.0128,40202.1091,0.0000,1.0278,40202.1094,26,0
78460.0000,7846,2036,2.7000,36,1000,1000,1,35283.1307,0.0000,0.9005,4916.0165,0.0000,0.1145,7.0433,0.0000,0.0128,40206.1905,0.0000,1.0278,40206.1914,26,0
78470.0000,7847,2032,2.7000,32,1000,1000,1,35287.9289,0.0000,0.9005,4915.3900,0.0000,0.1145,7.0424,0.0000,0.0128,40210.3612,0.0000,1.0278,40210.3594,26,0
78480.0000,7848,2036,2.7000,36,1000,1000,1,35292.2662,0.0000,0.9005,4914.7637,0.0000,0.1145,7.0415,0.0000,0.0128,40214.0714,0.0000,1.0278,40214.0703,26,0
78490.0000,7849,2040,2.7000,40,1000,1000,1,35296.5813,0.0000,0.9005,4914.1375,0.0000,0.1145,7.0406,0.0000,0.0128,40217.7594,0.0000,1.0277,40217.7578,26,0
78500.0000,7850,2042,2.7000,42,1000,1000,1,35301.5105,0.0000,0.9006,4913.5115,0.0000,0.1144,7.0397,0.0000,0.0128,40222.0616,0.0000,1.0278,40222.0625,26,0
78510.0000,7851,2039,2.7000,39,1000,1000,1,35303.0706,0.0000,0.9005,4912.8857,0.0000,0.1144,7.0388,0.0000,0.0128,40222.9950,0.0000,1.0277,40222.9961,26,0
78520.0000,7852,2037,2.7000,37,1000,1000,1,35310.2394,0.0000,0.9005,4912.2600,0.0000,0.1144,7.0379,0.0000,0.0128,40229.5373,0.0000,1.0276,40229.5391,26,0
78530.0000,7853,2037,2.7000,37,1000,1000,1,35314.3033,0.0000,0.9004,4911.6345,0.0000,0.1144,7.0370,0.0000,0.0128,40232.9748,0.0000,1.0276,40232.9766,26,0
78540.0000,7854,2035,2.7000,35,1000,1000,1,35318.1812,0.0000,0.9005,4911.0091,0.0000,0.1144,7.0361,0.0000,0.0128,40236.2264,0.0000,1.0276,40236.2266,26,0
78550.0000,7855,2031,2.7000,31,1000,1000,1,35322.9091,0.0000,0.9005,4910.3839,0.0000,0.1144,7.0352,0.0000,0.0128,40240.3282,0.0000,1.0276,40240.3281,26,0
78560.0000,7856,2026,2.7000,26,1000,1000,1,35326.7698,0.0000,0.9004,4909.7588,0.0000,0.1144,7.0343,0.0000,0.0128,40243.5630,0.0000,1.0276,40243.5625,26,0
78570.0000,7857,2016,2.7000,16,1000,1000,1,35331.9327,0.0000,0.9004,4909.1339,0.0000,0.1143,7.0334,0.0000,0.0128,40248.1001,0.0000,1.0275,40248.1016,25,0
78580.0000,7858,2016,2.7000,16,1000,1000,1,35336.3566,0.0000,0.9004,4908.5092,0.0000,0.1143,7.0325,0.0000,0.0128,40251.8983,0.0000,1.0275,40251.8984,25,0
78590.0000,7859,2016,2.7000,16,1000,1000,1,35340.7699,0.0000,0.9004,4907.8846,0.0000,0.1143,7.0316,0.0000,0.0128,40255.6861,0.0000,1.0275,40255.6875,25,0
78600.0000,7860,2012,2.7000,12,1000,1000,1,35346.3386,0.0000,0.9004,4907.2602,0.0000,0.1143,7.0307,0.0000,0.0128,40260.6296,0.0000,1.0275,40260.6289,25,0
78610.0000,7861,2008,2.7000,8,1000,1000,1,35351.1382,0.0000,0.9004,4906.6360,0.0000,0.1143,7.0298,0.0000,0.0128,40264.8039,0.0000,1.0275,40264.8047,25,0
78620.0000,7862,2010,2.7000,10,1000,1000,1,35355.6795,0.0000,0.9005,4906.0119,0.0000,0.1143,7.0289,0.0000,0.0128,40268.7203,0.0000,1.0275,40268.7188,25,0
78630.0000,7863,2010,2.7000,10,1000,1000,1,35359.6991,0.0000,0.9005,4905.3879,0.0000,0.1143,7.0280,0.0000,0.0128,40272.1150,0.0000,1.0275,40272.1133,25,0
78640.0000,7864,2010,2.7000,10,1000,1000,1,35364.5772,0.0000,0.9005,4904.7642,0.0000,0.1142,7.0271,0.0000,0.0128,40276.3685,0.0000,1.0275,40276.3672,25,0
78650.0000,7865,2008,2.7000,8,1000,1000,1,35368.6518,0.0000,0.9005,4904.1405,0.0000,0.1142,7.0262,0.0000,0.0128,40279.8186,0.0000,1.0275,40279.8203,25,0
78660.0000,7866,2006,2.7000,6,1000,1000,1,35372.6588,0.0000,0.9004,4903.5171,0.0000,0.1142,7.0254,0.0000,0.0128,40283.2012,0.0000,1.0274,40283.2031,25,0
78670.0000,7867,2002,2.7000,2,1000,1000,1,35377.5377,0.0000,0.9004,4902.8938,0.0000,0.1142,7.0245,0.0000,0.0127,40287.4560,0.0000,1.0274,40287.4570,24,0
78680.0000,7868,2003,2.7000,3,1000,1000,1,35382.6211,0.0000,0.9004,4949.4388,0.0000,0.1142,7.0236,0.0000,0.0127,40339.0835,0.0000,1.0274,40339.0820,24,0
78690.0000,7869,2005,2.7000,5,1000,1000,1,35386.4738,0.0000,0.9004,4948.8098,0.0000,0.1142,7.0227,0.0000,0.0127,40342.3063,0.0000,1.0274,40342.3047,24,0
78700.0000,7870,2005,2.7000,5,1000,1000,1,35390.8607,0.0000,0.9004,4948.1810,0.0000,0.1142,7.0218,0.0000,0.0127,40346.0635,0.0000,1.0274,40346.0625,24,0
78710.0000,7871,2007,2.7000,7,1000,1000,1,35395.4671,0.0000,0.9005,4947.5524,0.0000,0.1142,7.0209,0.0000,0.0127,40350.0403,0.0000,1.0274,40350.0391,25,0
78720.0000,7872,2007,2.7000,7,1000,1000,1,35400.2992,0.0000,0.9005,4946.9239,0.0000,0.1142,7.0200,0.0000,0.0127,40354.2431,0.0000,1.0274,40354.2422,25,0
78730.0000,7873,2002,2.7000,2,1000,1000,1,35405.1409,0.0000,0.9004,4946.2955,0.0000,0.1141,7.0191,0.0000,0.0127,40358.4555,0.0000,1.0273,40358.4570,24,0
78740.0000,7874,2003,2.7000,3,1000,1000,1,35409.7915,0.0000,0.9004,4945.6673,0.0000,0.1141,7.0182,0.0000,0.0127,40362.4771,0.0000,1.0273,40362.4766,24,0
78750.0000,7875,1994,2.7000,0,994,1000,1,35409.1907,0.0000,0.9004,4953.0646,0.0000,0.1141,7.0173,0.0000,0.0127,40369.2726,0.0000,1.0273,40369.2734,24,0
78760.0000,7876,1999,2.7000,1,998,1000,1,35416.0092,0.0000,0.9003,4953.6426,0.0000,0.1142,7.0164,0.0000,0.0127,40376.6683,0.0000,1.0273,40376.6680,24,0
78770.0000,7877,2001,2.7000,1,1000,1000,1,35419.2123,0.0000,0.9003,4953.2750,0.0000,0.1142,7.0155,0.0000,0.0127,40379.5029,0.0000,1.0273,40379.5039,24,0
78780.0000,7878,2003,2.7000,3,1000,1000,1,35426.0130,0.0000,0.9004,4952.6463,0.0000,0.1142,7.0147,0.0000,0.0127,40385.6740,0.0000,1.0273,40385.6758,24,0
78790.0000,7879,2005,2.7000,5,1000,1000,1,35431.6950,0.0000,0.9004,4952.0177,0.0000,0.1142,7.0138,0.0000,0.0127,40390.7265,0.0000,1.0273,40390.7266,24,0
78800.0000,7880,2013,2.7000,13,1000,1000,1,35435.1707,0.0000,0.9004,4951.3893,0.0000,0.1142,7.0129,0.0000,0.0127,40393.5728,0.0000,1.0273,40393.5742,25,0
78810.0000,7881,2011,2.7000,11,1000,1000,1,35440.3356,0.0000,0.9005,4950.7610,0.0000,0.1142,7.0120,0.0000,0.0127,40398.1086,0.0000,1.0274,40398.1094,25,0
78820.0000,7882,2010,2.7000,10,1000,1000,1,35445.6822,0.0000,0.9004,4950.1329,0.0000,0.1142,7.0111,0.0000,0.0127,40402.8262,0.0000,1.0273,40402.8281,25,0
78830.0000,7883,2015,2.7000,15,1000,1000,1,35449.1725,0.0000,0.9004,4949.5050,0.0000,0.1142,7.0102,0.0000,0.0127,40405.6877,0.0000,1.0273,40405.6875,25,0
78840.0000,7884,2014,2.7000,14,1000,1000,1,35454.7267,0.0000,0.9004,4948.8772,0.0000,0.1141,7.0093,0.0000,0.0127,40410.6132,0.0000,1.0273,40410.6133,25,0
78850.0000,7885,2011,2.7000,11,1000,1000,1,35459.2005,0.0000,0.9004,4948.2495,0.0000,0.1141,7.0084,0.0000,0.0127,40414.4584,0.0000,1.0272,40414.4570,25,0
78860.0000,7886,2009,2.7000,9,1000,1000,1,35463.5338,0.0000,0.9004,4947.6221,0.0000,0.1141,7.0075,0.0000,0.0127,40418.1634,0.0000,1.0272,40418.1641,25,0
78870.0000,7887,2003,2.7000,3,1000,1000,1,35466.5846,0.0000,0.9004,4946.9947,0.0000,0.1141,7.0066,0.0000,0.0127,40420.5860,0.0000,1.0272,40420.5859,24,0
78880.0000,7888,1998,2.7000,0,998,1000,1,35472.0758,0.0000,0.9003,4959.7493,0.0000,0.1141,7.0058,0.0000,0.0127,40438.8308,0.0000,1.0271,40438.8320,24,0
78890.0000,7889,2000,2.7000,0,1000,1000,1,35476.8745,0.0000,0.9003,4959.9407,0.0000,0.1142,7.0049,0.0000,0.0127,40443.8201,0.0000,1.0272,40443.8203,24,0
78900.0000,7890,2002,2.7000,2,1000,1000,1,35480.3184,0.0000,0.9003,4960.3458,0.0000,0.1142,7.0040,0.0000,0.0127,40447.6682,0.0000,1.0273,40447.6680,24,0
78910.0000,7891,2009,2.7000,9,1000,1000,1,35486.3858,0.0000,0.9004,4959.7172,0.0000,0.1142,7.0031,0.0000,0.0127,40453.1061,0.0000,1.0274,40453.1055,25,0
78920.0000,7892,2004,2.7000,4,1000,1000,1,35489.8463,0.0000,0.9004,4959.0887,0.0000,0.1142,7.0022,0.0000,0.0127,40455.9372,0.0000,1.0273,40455.9375,24,0
78930.0000,7893,2006,2.7000,6,1000,1000,1,35495.2418,0.0000,0.9005,4958.4604,0.0000,0.1142,7.0013,0.0000,0.0127,40460.7035,0.0000,1.0274,40460.7031,25,0
78940.0000,7894,2002,2.7000,2,1000,1000,1,35498.3712,0.0000,0.9005,4957.8323,0.0000,0.1142,7.0004,0.0000,0.0127,40463.2039,0.0000,1.0273,40463.2031,24,0
78950.0000,7895,2002,2.7000,2,1000,1000,1,35504.0526,0.0000,0.9005,4963.4442,0.0000,0.1142,6.9995,0.0000,0.0127,40474.4964,0.0000,1.0274,40474.4961,24,0
78960.0000,7896,1998,2.7000,0,998,1000,1,35507.7091,0.0000,0.9005,4963.9436,0.0000,0.1142,6.9987,0.0000,0.0127,40478.6514,0.0000,1.0274,40478.6523,24,0
78970.0000,7897,2004,2.7000,4,1000,1000,1,35513.2432,0.0000,0.9005,4964.4777,0.0000,0.1143,6.9978,0.0000,0.0127,40484.7187,0.0000,1.0275,40484.7188,24,0
78980.0000,7898,1997,2.7000,0,997,1000,1,35517.4417,0.0000,0.9005,4964.9924,0.0000,0.1143,6.9969,0.0000,0.0127,40489.4310,0.0000,1.0275,40489.4297,24,0
78990.0000,7899,2002,2.7000,2,1000,1000,1,35522.2654,0.0000,0.9005,4965.5050,0.0000,0.1144,6.9960,0.0000,0.0127,40494.7665,0.0000,1.0276,40494.7656,24,0
79000.0000,7900,2001,2.7000,1,1000,1000,1,35526.7015,0.0000,0.9005,4964.8765,0.0000,0.1144,6.9951,0.0000,0.0127,40498.5731,0.0000,1.0276,40498.5742,24,0
79010.0000,7901,2003,2.7000,3,1000,1000,1,35531.3547,0.0000,0.9004,4966.4345,0.0000,0.1145,6.9942,0.0000,0.0127,40504.7834,0.0000,1.0276,40504.7852,24,0
79020.0000,7902,2007,2.7000,7,1000,1000,1,35534.9983,0.0000,0.9005,4965.8060,0.0000,0.1145,6.9933,0.0000,0.0127,40507.7976,0.0000,1.0276,40507.7969,25,0
79030.0000,7903,2004,2.7000,4,1000,1000,1,35539.9446,0.0000,0.9005,4965.1776,0.0000,0.1144,6.9925,0.0000,0.0127,40512.1148,0.0000,1.0276,40512.1133,24,0
79040.0000,7904,2000,2.7000,1,999,1000,1,35544.6553,0.0000,0.9005,4968.0859,0.0000,0.1145,6.9916,0.0000,0.0127,40519.7328,0.0000,1.0276,40519.7344,24,0
79050.0000,7905,2002,2.7000,2,1000,1000,1,35547.5689,0.0000,0.9005,4967.4847,0.0000,0.1145,6.9907,0.0000,0.0127,40522.0442,0.0000,1.0276,40522.0430,24,0
79060.0000,7906,2001,2.7000,2,999,1000,1,35553.8277,0.0000,0.9005,4966.8564,0.0000,0.1144,6.9898,0.0000,0.0127,40527.6739,0.0000,1.0276,40527.6758,24,0
79070.0000,7907,2005,2.7000,5,1000,1000,1,35556.1445,0.0000,0.9005,4969.0846,0.0000,0.1145,6.9889,0.0000,0.0127,40532.2180,0.0000,1.0276,40532.2188,24,0
79080.0000,7908,2005,2.7000,5,1000,1000,1,35561.6119,0.0000,0.9005,4968.4562,0.0000,0.1145,6.9880,0.0000,0.0127,40537.0562,0.0000,1.0277,40537.0547,24,0
79090.0000,7909,2007,2.7000,7,1000,1000,1,35567.4438,0.0000,0.9005,4967.8280,0.0000,0.1144,6.9872,0.0000,0.0127,40542.2590,0.0000,1.0277,40542.2578,25,0
79100.0000,7910,2005,2.7000,5,1000,1000,1,35571.4615,0.0000,0.9005,4967.2000,0.0000,0.1144,6.9863,0.0000,0.0127,40545.6477,0.0000,1.0276,40545.6484,24,0
79110.0000,7911,2012,2.7000,12,1000,1000,1,35574.8792,0.0000,0.9005,4966.5721,0.0000,0.1144,6.9854,0.0000,0.0127,40548.4367,0.0000,1.0276,40548.4375,25,0
79120.0000,7912,2011,2.7000,11,1000,1000,1,35579.4316,0.0000,0.9005,4965.9444,0.0000,0.1144,6.9845,0.0000,0.0127,40552.3605,0.0000,1.0276,40552.3594,25,0
79130.0000,7913,2013,2.7000,13,1000,1000,1,35584.7764,0.0000,0.9005,4965.3168,0.0000,0.1144,6.9836,0.0000,0.0127,40557.0768,0.0000,1.0276,40557.0781,25,0
79140.0000,7914,2011,2.7000,11,1000,1000,1,35590.0208,0.0000,0.9006,4964.6894,0.0000,0.1144,6.9827,0.0000,0.0127,40561.6930,0.0000,1.0276,40561.6914,25,0
79150.0000,7915,2015,2.7000,15,1000,1000,1,35594.5096,0.0000,0.9006,4964.0622,0.0000,0.1144,6.9819,0.0000,0.0127,40565.5536,0.0000,1.0276,40565.5547,25,0
79160.0000,7916,2007,2.7000,7,1000,1000,1,35596.1126,0.0000,0.9005,4963.4351,0.0000,0.1143,6.9810,0.0000,0.0127,40566.5286,0.0000,1.0276,40566.5273,25,0
79170.0000,7917,2005,2.7000,5,1000,1000,1,35603.4699,0.0000,0.9005,4962.8081,0.0000,0.1143,6.9801,0.0000,0.0127,40573.2581,0.0000,1.0275,40573.2578,24,0
79180.0000,7918,2006,2.7000,6,1000,1000,1,35607.5246,0.0000,0.9006,4962.1814,0.0000,0.1143,6.9792,0.0000,0.0127,40576.6852,0.0000,1.0275,40576.6836,25,0
79190.0000,7919,2004,2.7000,4,1000,1000,1,35611.6354,0.0000,0.9006,4961.5547,0.0000,0.1143,6.9783,0.0000,0.0127,40580.1684,0.0000,1.0275,40580.1680,24,0
79200.0000,7920,2005,2.7000,5,1000,1000,1,35617.0202,0.0000,0.9005,4960.9283,0.0000,0.1143,6.9775,0.0000,0.0127,40584.9259,0.0000,1.0275,40584.9258,24,0
79210.0000,7921,2008,2.7000,8,1000,1000,1,35621.1913,0.0000,0.9005,4960.3020,0.0000,0.1143,6.9766,0.0000,0.0127,40588.4698,0.0000,1.0275,40588.4688,25,0
79220.0000,7922,2015,2.7000,15,1000,1000,1,35625.8322,0.0000,0.9006,4959.6758,0.0000,0.1143,6.9757,0.0000,0.0127,40592.4838,0.0000,1.0275,40592.4844,25,0
79230.0000,7923,2011,2.7000,11,1000,1000,1,35630.4697,0.0000,0.9006,4959.0499,0.0000,0.1142,6.9748,0.0000,0.0127,40596.4944,0.0000,1.0275,40596.4961,25,0
79240.0000,7924,2011,2.7000,11,1000,1000,1,35631.1193,0.0000,0.9006,4958.4240,0.0000,0.1142,6.9739,0.0000,0.0127,40596.5173,0.0000,1.0274,40596.5156,25,0
79250.0000,7925,2009,2.7000,9,1000,1000,1,35638.4739,0.0000,0.9006,4957.7984,0.0000,0.1142,6.9731,0.0000,0.0127,40603.2453,0.0000,1.0274,40603.2461,25,0
79260.0000,7926,2010,2.7000,10,1000,1000,1,35643.5176,0.0000,0.9006,4957.1728,0.0000,0.1142,6.9722,0.0000,0.0127,40607.6626,0.0000,1.0274,40607.6641,25,0
79270.0000,7927,2007,2.7000,7,1000,1000,1,35647.7852,0.0000,0.9006,4956.5475,0.0000,0.1142,6.9713,0.0000,0.0127,40611.3040,0.0000,1.0274,40611.3047,25,0
79280.0000,7928,2005,2.7000,5,1000,1000,1,35652.7628,0.0000,0.9006,4955.9223,0.0000,0.1142,6.9704,0.0000,0.0127,40615.6555,0.0000,1.0274,40615.6562,24,0
79290.0000,7929,2003,2.7000,3,1000,1000,1,35656.2130,0.0000,0.9005,4955.2973,0.0000,0.1142,6.9695,0.0000,0.0126,40618.4798,0.0000,1.0273,40618.4805,24,0
79300.0000,7930,1999,2.7000,0,999,1000,1,35659.9613,0.0000,0.9005,4981.2540,0.0000,0.1142,6.9687,0.0000,0.0126,40648.1839,0.0000,1.0274,40648.1836,24,0
79310.0000,7931,2004,2.7000,4,1000,1000,1,35665.8003,0.0000,0.9005,4980.9495,0.0000,0.1142,6.9678,0.0000,0.0126,40653.7175,0.0000,1.0274,40653.7188,24,0
79320.0000,7932,2001,2.7000,1,1000,1000,1,35671.2254,0.0000,0.9006,4982.4243,0.0000,0.1142,6.9669,0.0000,0.0126,40660.6166,0.0000,1.0274,40660.6172,24,0
79330.0000,7933,2005,2.7000,5,1000,1000,1,35675.4996,0.0000,0.9006,4981.7963,0.0000,0.1142,6.9660,0.0000,0.0126,40664.2619,0.0000,1.0274,40664.2617,24,0
79340.0000,7934,2003,2.7000,3,1000,1000,1,35679.9148,0.0000,0.9006,4981.1684,0.0000,0.1142,6.9651,0.0000,0.0126,40668.0483,0.0000,1.0274,40668.0469,24,0
79350.0000,7935,2007,2.7000,7,1000,1000,1,35684.3552,0.0000,0.9006,4980.5406,0.0000,0.1141,6.9643,0.0000,0.0126,40671.8601,0.0000,1.0274,40671.8594,25,0
79360.0000,7936,2007,2.7000,7,1000,1000,1,35688.1260,0.0000,0.9006,4979.9130,0.0000,0.1141,6.9634,0.0000,0.0126,40675.0024,0.0000,1.0274,40675.0039,25,0
79370.0000,7937,2008,2.7000,8,1000,1000,1,35693.3518,0.0000,0.9006,4979.2856,0.0000,0.1141,6.9625,0.0000,0.0126,40679.5999,0.0000,1.0274,40679.6016,25,0
79380.0000,7938,2002,2.7000,2,1000,1000,1,35697.6895,0.0000,0.9006,4978.6583,0.0000,0.1141,6.9616,0.0000,0.0126,40683.3095,0.0000,1.0273,40683.3086,24,0
79390.0000,7939,2003,2.7000,4,999,1000,1,35701.7905,0.0000,0.9005,4985.9407,0.0000,0.1141,6.9608,0.0000,0.0126,40694.6919,0.0000,1.0273,40694.6914,24,0
79400.0000,7940,1999,2.7000,0,999,1000,1,35705.1533,0.0000,0.9005,4986.2200,0.0000,0.1141,6.9599,0.0000,0.0126,40698.3332,0.0000,1.0272,40698.3320,24,0
79410.0000,7941,2000,2.7000,1,999,1000,1,35711.2681,0.0000,0.9005,4987.0284,0.0000,0.1141,6.9590,0.0000,0.0126,40705.2556,0.0000,1.0272,40705.2539,24,0
79420.0000,7942,2006,2.7000,6,1000,1000,1,35716.2370,0.0000,0.9005,4987.6365,0.0000,0.1141,6.9581,0.0000,0.0126,40710.8316,0.0000,1.0273,40710.8320,25,0
79430.0000,7943,2007,2.7000,7,1000,1000,1,35720.4861,0.0000,0.9006,4987.0085,0.0000,0.1141,6.9572,0.0000,0.0126,40714.4519,0.0000,1.0273,40714.4531,25,0
79440.0000,7944,2004,2.7000,4,1000,1000,1,35724.6648,0.0000,0.9005,4988.3620,0.0000,0.1141,6.9564,0.0000,0.0126,40719.9832,0.0000,1.0273,40719.9844,24,0
79450.0000,7945,2001,2.7000,1,1000,1000,1,35728.2119,0.0000,0.9005,4987.7342,0.0000,0.1141,6.9555,0.0000,0.0126,40722.9016,0.0000,1.0272,40722.9023,24,0
79460.0000,7946,1999,2.7000,0,999,1000,1,35730.9514,0.0000,0.9005,4989.6365,0.0000,0.1141,6.9546,0.0000,0.0126,40727.5425,0.0000,1.0272,40727.5430,24,0
79470.0000,7947,2001,2.7000,1,1000,1000,1,35738.6002,0.0000,0.9005,4989.3705,0.0000,0.1141,6.9537,0.0000,0.0126,40734.9245,0.0000,1.0272,40734.9258,24,0
79480.0000,7948,2001,2.7000,4,997,1000,1,35743.1266,0.0000,0.9005,4990.6707,0.0000,0.1142,6.9529,0.0000,0.0126,40740.7502,0.0000,1.0273,40740.7500,24,0
79490.0000,7949,2000,2.7000,0,1000,1000,1,35747.0279,0.0000,0.9004,4990.9881,0.0000,0.1143,6.9520,0.0000,0.0126,40744.9679,0.0000,1.0273,40744.9688,24,0
79500.0000,7950,2000,2.7000,1,999,1000,1,35751.8967,0.0000,0.9005,4991.7271,0.0000,0.1143,6.9511,0.0000,0.0126,40750.5749,0.0000,1.0273,40750.5742,24,0
79510.0000,7951,2002,2.7000,2,1000,1000,1,35756.7036,0.0000,0.9004,4991.9714,0.0000,0.1143,6.9502,0.0000,0.0126,40755.6252,0.0000,1.0274,40755.6250,24,0
79520.0000,7952,2004,2.7000,4,1000,1000,1,35759.8419,0.0000,0.9005,4991.3436,0.0000,0.1143,6.9494,0.0000,0.0126,40758.1349,0.0000,1.0275,40758.1367,24,0
79530.0000,7953,2010,2.7000,10,1000,1000,1,35763.3332,0.0000,0.9006,4990.7160,0.0000,0.1143,6.9485,0.0000,0.0126,40760.9977,0.0000,1.0275,40760.9961,25,0
79540.0000,7954,2017,2.7000,17,1000,1000,1,35769.4468,0.0000,0.9006,4990.0886,0.0000,0.1143,6.9476,0.0000,0.0126,40766.4830,0.0000,1.0275,40766.4844,25,0
79550.0000,7955,2021,2.7000,21,1000,1000,1,35774.6682,0.0000,0.9006,4989.4613,0.0000,0.1143,6.9468,0.0000,0.0126,40771.0763,0.0000,1.0275,40771.0781,26,0
79560.0000,7956,2016,2.7000,16,1000,1000,1,35779.2377,0.0000,0.9007,4988.8342,0.0000,0.1143,6.9459,0.0000,0.0126,40775.0178,0.0000,1.0275,40775.0195,25,0
79570.0000,7957,2011,2.7000,11,1000,1000,1,35782.1071,0.0000,0.9006,4988.2072,0.0000,0.1142,6.9450,0.0000,0.0126,40777.2593,0.0000,1.0275,40777.2578,25,0
79580.0000,7958,2012,2.7000,12,1000,1000,1,35787.6084,0.0000,0.9006,4987.5804,0.0000,0.1142,6.9441,0.0000,0.0126,40782.1329,0.0000,1.0274,40782.1328,25,0
79590.0000,7959,2009,2.7000,9,1000,1000,1,35792.9573,0.0000,0.9006,4986.9537,0.0000,0.1142,6.9433,0.0000,0.0126,40786.8543,0.0000,1.0274,40786.8555,25,0
79600.0000,7960,2008,2.7000,8,1000,1000,1,35796.8742,0.0000,0.9006,4986.3272,0.0000,0.1142,6.9424,0.0000,0.0126,40790.1438,0.0000,1.0274,40790.1445,25,0
79610.0000,7961,2005,2.7000,5,1000,1000,1,35800.3476,0.0000,0.9006,4985.7009,0.0000,0.1142,6.9415,0.0000,0.0126,40792.9900,0.0000,1.0274,40792.9883,24,0
79620.0000,7962,2004,2.7000,4,1000,1000,1,35804.3513,0.0000,0.9006,4985.0747,0.0000,0.1142,6.9406,0.0000,0.0126,40796.3666,0.0000,1.0274,40796.3672,24,0
79630.0000,7963,2005,2.7000,5,1000,1000,1,35809.3341,0.0000,0.9006,4984.4486,0.0000,0.1142,6.9398,0.0000,0.0126,40800.7226,0.0000,1.0273,40800.7227,24,0
79640.0000,7964,2002,2.7000,3,999,1000,1,35815.3324,0.0000,0.9006,4998.9468,0.0000,0.1142,6.9389,0.0000,0.0126,40821.2182,0.0000,1.0273,40821.2188,24,0
79650.0000,7965,2009,2.7000,9,1000,1000,1,35818.9385,0.0000,0.9006,4998.5656,0.0000,0.1142,6.9380,0.0000,0.0126,40824.4422,0.0000,1.0274,40824.4414,25,0
79660.0000,7966,2009,2.7000,9,1000,1000,1,35822.4047,0.0000,0.9007,4997.9382,0.0000,0.1142,6.9372,0.0000,0.0126,40827.2800,0.0000,1.0274,40827.2812,25,0
79670.0000,7967,2015,2.7000,15,1000,1000,1,35829.0059,0.0000,0.9008,4997.3108,0.0000,0.1142,6.9363,0.0000,0.0126,40833.2530,0.0000,1.0275,40833.2539,25,0
79680.0000,7968,2012,2.7000,12,1000,1000,1,35830.7174,0.0000,0.9008,4996.6836,0.0000,0.1141,6.9354,0.0000,0.0126,40834.3364,0.0000,1.0275,40834.3359,25,0
79690.0000,7969,2009,2.7000,9,1000,1000,1,35837.7344,0.0000,0.9008,4996.0566,0.0000,0.1141,6.9345,0.0000,0.0126,40840.7255,0.0000,1.0275,40840.7266,25,0
79700.0000,7970,2009,2.7000,9,1000,1000,1,35841.9387,0.0000,0.9008,4995.4298,0.0000,0.1141,6.9337,0.0000,0.0126,40844.3022,0.0000,1.0275,40844.3008,25,0
79710.0000,7971,2001,2.7000,2,999,1000,1,35846.9517,0.0000,0.9007,5002.4929,0.0000,0.1141,6.9328,0.0000,0.0126,40856.3774,0.0000,1.0274,40856.3789,24,0
79720.0000,7972,2002,2.7000,2,1000,1000,1,35851.2236,0.0000,0.9008,5002.8113,0.0000,0.1142,6.9319,0.0000,0.0126,40860.9668,0.0000,1.0275,40860.9688,24,0
79730.0000,7973,2002,2.7000,2,1000,1000,1,35854.9715,0.0000,0.9008,5002.1838,0.0000,0.1141,6.9311,0.0000,0.0126,40864.0865,0.0000,1.0276,40864.0859,24,0
79740.0000,7974,1997,2.7000,0,997,1000,1,35859.9789,0.0000,0.9008,5003.4877,0.0000,0.1141,6.9302,0.0000,0.0126,40870.3968,0.0000,1.0275,40870.3984,24,0
79750.0000,7975,1989,2.7000,0,989,1000,1,35861.8582,0.0000,0.9007,5004.4083,0.0000,0.1142,6.9293,0.0000,0.0126,40873.1958,0.0000,1.0275,40873.1953,24,0
79760.0000,7976,2003,2.7000,4,999,1000,1,35868.1054,0.0000,0.9007,5005.0961,0.0000,0.1143,6.9285,0.0000,0.0126,40880.1300,0.0000,1.0276,40880.1289,24,0
79770.0000,7977,2000,2.7000,0,1000,1000,1,35871.3657,0.0000,0.9007,5004.7587,0.0000,0.1143,6.9276,0.0000,0.0126,40883.0520,0.0000,1.0276,40883.0508,24,0
79780.0000,7978,1999,2.7000,0,999,1000,1,35878.3622,0.0000,0.9006,5006.0297,0.0000,0.1144,6.9267,0.0000,0.0126,40891.3186,0.0000,1.0276,40891.3203,24,0
79790.0000,7979,2001,2.7000,1,1000,1000,1,35882.8858,0.0000,0.9007,5006.5614,0.0000,0.1145,6.9259,0.0000,0.0126,40896.3731,0.0000,1.0277,40896.3750,24,0
79800.0000,7980,2000,2.7000,0,1000,1000,1,35884.3400,0.0000,0.9006,5007.1859,0.0000,0.1145,6.9250,0.0000,0.0126,40898.4510,0.0000,1.0276,40898.4492,24,0
79810.0000,7981,2001,2.7000,1,1000,1000,1,35891.1913,0.0000,0.9005,5007.1735,0.0000,0.1145,6.9241,0.0000,0.0126,40905.2889,0.0000,1.0277,40905.2891,24,0
79820.0000,7982,2002,2.7000,3,999,1000,1,35896.5655,0.0000,0.9005,5008.2257,0.0000,0.1146,6.9233,0.0000,0.0126,40911.7145,0.0000,1.0277,40911.7148,24,0
79830.0000,7983,2000,2.7000,1,999,1000,1,35901.0242,0.0000,0.9005,5008.2611,0.0000,0.1146,6.9224,0.0000,0.0126,40916.2077,0.0000,1.0277,40916.2070,24,0
79840.0000,7984,2005,2.7000,5,1000,1000,1,35903.9549,0.0000,0.9005,5008.1423,0.0000,0.1146,6.9215,0.0000,0.0126,40919.0187,0.0000,1.0277,40919.0195,24,0
79850.0000,7985,2001,2.7000,1,1000,1000,1,35908.7021,0.0000,0.9005,5009.4634,0.0000,0.1146,6.9207,0.0000,0.0126,40925.0862,0.0000,1.0277,40925.0859,24,0
79860.0000,7986,2001,2.7000,1,1000,1000,1,35914.0624,0.0000,0.9005,5010.1172,0.0000,0.1146,6.9198,0.0000,0.0126,40931.0994,0.0000,1.0276,40931.0977,24,0
79870.0000,7987,1999,2.7000,0,999,1000,1,35918.6320,0.0000,0.9004,5010.5233,0.0000,0.1146,6.9189,0.0000,0.0126,40936.0743,0.0000,1.0276,40936.0742,24,0
79880.0000,7988,2004,2.7000,4,1000,1000,1,35923.0581,0.0000,0.9005,5010.9776,0.0000,0.1147,6.9181,0.0000,0.0126,40940.9537,0.0000,1.0278,40940.9531,24,0
79890.0000,7989,2005,2.7000,5,1000,1000,1,35924.6603,0.0000,0.9005,5010.3503,0.0000,0.1147,6.9172,0.0000,0.0126,40941.9278,0.0000,1.0277,40941.9297,24,0
79900.0000,7990,2006,2.7000,6,1000,1000,1,35932.2240,0.0000,0.9006,5009.7233,0.0000,0.1147,6.9163,0.0000,0.0126,40948.8636,0.0000,1.0278,40948.8633,25,0
79910.0000,7991,2010,2.7000,10,1000,1000,1,35936.3671,0.0000,0.9006,5009.0963,0.0000,0.1146,6.9155,0.0000,0.0126,40952.3789,0.0000,1.0278,40952.3789,25,0
79920.0000,7992,2009,2.7000,9,1000,1000,1,35941.7387,0.0000,0.9006,5008.4696,0.0000,0.1146,6.9146,0.0000,0.0126,40957.1228,0.0000,1.0278,40957.1211,25,0
79930.0000,7993,2007,2.7000,7,1000,1000,1,35945.8030,0.0000,0.9007,5007.8430,0.0000,0.1146,6.9137,0.0000,0.0125,40960.5596,0.0000,1.0278,40960.5586,25,0
79940.0000,7994,2004,2.7000,4,1000,1000,1,35950.4555,0.0000,0.9007,5007.2165,0.0000,0.1146,6.9129,0.0000,0.0125,40964.5848,0.0000,1.0278,40964.5859,24,0
79950.0000,7995,2009,2.7000,9,1000,1000,1,35955.2694,0.0000,0.9008,5006.5902,0.0000,0.1146,6.9120,0.0000,0.0125,40968.7716,0.0000,1.0279,40968.7734,25,0
79960.0000,7996,2011,2.7000,11,1000,1000,1,35959.7680,0.0000,0.9008,5005.9641,0.0000,0.1146,6.9111,0.0000,0.0125,40972.6432,0.0000,1.0279,40972.6445,25,0
79970.0000,7997,2010,2.7000,10,1000,1000,1,35962.5811,0.0000,0.9008,5005.3381,0.0000,0.1146,6.9103,0.0000,0.0125,40974.8294,0.0000,1.0278,40974.8281,25,0
79980.0000,7998,2005,2.7000,5,1000,1000,1,35968.4734,0.0000,0.9007,5004.7123,0.0000,0.1145,6.9094,0.0000,0.0125,40980.0951,0.0000,1.0278,40980.0938,24,0
79990.0000,7999,2005,2.7000,5,1000,1000,1,35972.8652,0.0000,0.9008,5004.0866,0.0000,0.1145,6.9085,0.0000,0.0125,40983.8604,0.0000,1.0278,40983.8594,24,0
80000.0000,8000,2004,2.7000,4,1000,1000,1,35976.8471,0.0000,0.9007,5003.4611,0.0000,0.1145,6.9077,0.0000,0.0125,40987.2159,0.0000,1.0278,40987.2148,24,0
80010.0000,8001,2005,2.7000,5,1000,1000,1,35981.7624,0.0000,0.9007,5002.8357,0.0000,0.1145,6.9068,0.0000,0.0125,40991.5050,0.0000,1.0278,40991.5039,24,0
80020.0000,8002,2005,2.7000,5,1000,1000,1,35986.8129,0.0000,0.9007,5002.2105,0.0000,0.1145,6.9060,0.0000,0.0125,40995.9294,0.0000,1.0278,40995.9297,24,0
80030.0000,8003,2006,2.7000,6,1000,1000,1,35990.4695,0.0000,0.9008,5001.5855,0.0000,0.1145,6.9051,0.0000,0.0125,40998.9601,0.0000,1.0278,40998.9609,25,0
80040.0000,8004,2009,2.7000,9,1000,1000,1,35995.7015,0.0000,0.9008,5000.9606,0.0000,0.1145,6.9042,0.0000,0.0125,41003.5663,0.0000,1.0278,41003.5664,25,0
80050.0000,8005,2012,2.7000,12,1000,1000,1,36000.3164,0.0000,0.9008,5000.3359,0.0000,0.1144,6.9034,0.0000,0.0125,41007.5556,0.0000,1.0278,41007.5547,25,0
80060.0000,8006,2014,2.7000,14,1000,1000,1,36004.8371,0.0000,0.9008,4999.7113,0.0000,0.1144,6.9025,0.0000,0.0125,41011.4510,0.0000,1.0277,41011.4492,25,0
80070.0000,8007,2021,2.7000,21,1000,1000,1,36007.4927,0.0000,0.9008,4999.0869,0.0000,0.1144,6.9016,0.0000,0.0125,41013.4813,0.0000,1.0277,41013.4805,26,0
80080.0000,8008,2017,2.7000,17,1000,1000,1,36013.8563,0.0000,0.9008,4998.4626,0.0000,0.1144,6.9008,0.0000,0.0125,41019.2197,0.0000,1.0277,41019.2188,25,0
80090.0000,8009,2014,2.7000,14,1000,1000,1,36015.0924,0.0000,0.9007,4997.8385,0.0000,0.1144,6.8999,0.0000,0.0125,41019.8308,0.0000,1.0277,41019.8320,25,0
80100.0000,8010,2011,2.7000,11,1000,1000,1,36022.4704,0.0000,0.9007,4997.2146,0.0000,0.1144,6.8991,0.0000,0.0125,41026.5840,0.0000,1.0276,41026.5859,25,0
80110.0000,8011,2009,2.7000,9,1000,1000,1,36026.6521,0.0000,0.9007,4996.5908,0.0000,0.1144,6.8982,0.0000,0.0125,41030.1411,0.0000,1.0276,41030.1406,25,0
80120.0000,8012,2013,2.7000,13,1000,1000,1,36031.4698,0.0000,0.9007,4995.9671,0.0000,0.1143,6.8973,0.0000,0.0125,41034.3343,0.0000,1.0276,41034.3359,25,0
80130.0000,8013,2014,2.7000,14,1000,1000,1,36035.7235,0.0000,0.9007,4995.3437,0.0000,0.1143,6.8965,0.0000,0.0125,41037.9637,0.0000,1.0276,41037.9648,25,0
80140.0000,8014,2011,2.7000,11,1000,1000,1,36040.0549,0.0000,0.9007,4994.7203,0.0000,0.1143,6.8956,0.0000,0.0125,41041.6709,0.0000,1.0276,41041.6719,25,0
80150.0000,8015,2010,2.7000,10,1000,1000,1,36043.4346,0.0000,0.9007,4994.0972,0.0000,0.1143,6.8948,0.0000,0.0125,41044.4265,0.0000,1.0275,41044.4258,25,0
80160.0000,8016,2015,2.7000,15,1000,1000,1,36049.9971,0.0000,0.9008,4993.4741,0.0000,0.1143,6.8939,0.0000,0.0125,41050.3652,0.0000,1.0276,41050.3633,25,0
80170.0000,8017,2016,2.7000,16,1000,1000,1,36053.4670,0.0000,0.9008,4992.8513,0.0000,0.1143,6.8930,0.0000,0.0125,41053.2113,0.0000,1.0276,41053.2109,25,0
80180.0000,8018,2022,2.7000,22,1000,1000,1,36057.2695,0.0000,0.9009,4992.2286,0.0000,0.1143,6.8922,0.0000,0.0125,41056.3902,0.0000,1.0277,41056.3906,26,0
80190.0000,8019,2025,2.7000,25,1000,1000,1,36061.8121,0.0000,0.9009,4991.6060,0.0000,0.1142,6.8913,0.0000,0.0125,41060.3095,0.0000,1.0277,41060.3086,26,0
80200.0000,8020,2032,2.7000,32,1000,1000,1,36067.9411,0.0000,0.9009,4990.9836,0.0000,0.1142,6.8905,0.0000,0.0125,41065.8152,0.0000,1.0277,41065.8164,26,0
80210.0000,8021,2032,2.7000,32,1000,1000,1,36071.9781,0.0000,0.9009,4990.3614,0.0000,0.1142,6.8896,0.0000,0.0125,41069.2291,0.0000,1.0277,41069.2305,26,0
80220.0000,8022,2026,2.7000,26,1000,1000,1,36076.1206,0.0000,0.9009,4989.7393,0.0000,0.1142,6.8887,0.0000,0.0125,41072.7487,0.0000,1.0276,41072.7500,26,0
80230.0000,8023,2020,2.7000,20,1000,1000,1,36079.7565,0.0000,0.9009,4989.1174,0.0000,0.1142,6.8879,0.0000,0.0125,41075.7618,0.0000,1.0276,41075.7617,25,0
80240.0000,8024,2018,2.7000,18,1000,1000,1,36085.8471,0.0000,0.9009,4988.4956,0.0000,0.1142,6.8870,0.0000,0.0125,41081.2298,0.0000,1.0276,41081.2305,25,0
80250.0000,8025,2017,2.7000,17,1000,1000,1,36089.9073,0.0000,0.9009,4987.8740,0.0000,0.1142,6.8862,0.0000,0.0125,41084.6674,0.0000,1.0276,41084.6680,25,0
80260.0000,8026,2009,2.7000,9,1000,1000,1,36094.6395,0.0000,0.9009,4987.2525,0.0000,0.1141,6.8853,0.0000,0.0125,41088.7774,0.0000,1.0276,41088.7773,25,0
80270.0000,8027,2011,2.7000,11,1000,1000,1,36097.5064,0.0000,0.9009,4986.6312,0.0000,0.1141,6.8844,0.0000,0.0125,41091.0221,0.0000,1.0275,41091.0234,25,0
80280.0000,8028,2010,2.7000,10,1000,1000,1,36102.7817,0.0000,0.9009,4986.0101,0.0000,0.1141,6.8836,0.0000,0.0125,41095.6754,0.0000,1.0275,41095.6758,25,0
80290.0000,8029,2012,2.7000,12,1000,1000,1,36108.5663,0.0000,0.9009,4985.3891,0.0000,0.1141,6.8827,0.0000,0.0125,41100.8381,0.0000,1.0275,41100.8398,25,0
80300.0000,8030,2007,2.7000,7,1000,1000,1,36106.9209,0.0000,0.9008,4984.7682,0.0000,0.1141,6.8819,0.0000,0.0125,41098.5710,0.0000,1.0274,41098.5703,25,0
80310.0000,8031,2000,2.7000,0,1000,1000,1,36115.8573,0.0000,0.9008,5033.5550,0.0000,0.1141,6.8810,0.0000,0.0125,41156.2933,0.0000,1.0274,41156.2930,24,0
80320.0000,8032,2004,2.7000,4,1000,1000,1,36121.4834,0.0000,0.9008,5033.5465,0.0000,0.1141,6.8802,0.0000,0.0125,41161.9101,0.0000,1.0274,41161.9102,24,0
80330.0000,8033,2005,2.7000,5,1000,1000,1,36125.7475,0.0000,0.9008,5032.9199,0.0000,0.1141,6.8793,0.0000,0.0125,41165.5467,0.0000,1.0274,41165.5469,24,0
80340.0000,8034,2002,2.7000,2,1000,1000,1,36130.7154,0.0000,0.9007,5034.8921,0.0000,0.1141,6.8784,0.0000,0.0125,41172.4860,0.0000,1.0273,41172.4844,24,0
80350.0000,8035,2003,2.7000,3,1000,1000,1,36135.6199,0.0000,0.9008,5034.2655,0.0000,0.1141,6.8776,0.0000,0.0125,41176.7630,0.0000,1.0274,41176.7617,24,0
80360.0000,8036,2003,2.7000,3,1000,1000,1,36139.1973,0.0000,0.9007,5035.9385,0.0000,0.1141,6.8767,0.0000,0.0125,41182.0126,0.0000,1.0274,41182.0117,24,0
80370.0000,8037,2003,2.7000,3,1000,1000,1,36144.3098,0.0000,0.9007,5035.3119,0.0000,0.1141,6.8759,0.0000,0.0125,41186.4976,0.0000,1.0273,41186.4961,24,0
80380.0000,8038,2006,2.7000,6,1000,1000,1,36149.1701,0.0000,0.9007,5034.6855,0.0000,0.1141,6.8750,0.0000,0.0125,41190.7306,0.0000,1.0273,41190.7305,25,0
80390.0000,8039,2001,2.7000,1,1000,1000,1,36152.8125,0.0000,0.9007,5037.4887,0.0000,0.1141,6.8742,0.0000,0.0125,41197.1754,0.0000,1.0272,41197.1758,24,0
80400.0000,8040,2001,2.7000,2,999,1000,1,36158.0161,0.0000,0.9006,5038.1037,0.0000,0.1141,6.8733,0.0000,0.0125,41202.9931,0.0000,1.0272,41202.9922,24,0
80410.0000,8041,2006,2.7000,6,1000,1000,1,36162.7199,0.0000,0.9006,5038.0756,0.0000,0.1141,6.8725,0.0000,0.0125,41207.6680,0.0000,1.0272,41207.6680,25,0
80420.0000,8042,2008,2.7000,8,1000,1000,1,36166.5593,0.0000,0.9007,5037.4492,0.0000,0.1141,6.8716,0.0000,0.0125,41210.8801,0.0000,1.0272,41210.8789,25,0
80430.0000,8043,2008,2.7000,8,1000,1000,1,36168.6950,0.0000,0.9007,5036.8229,0.0000,0.1141,6.8707,0.0000,0.0125,41212.3886,0.0000,1.0272,41212.3867,25,0
80440.0000,8044,2010,2.7000,10,1000,1000,1,36175.7551,0.0000,0.9007,5036.1967,0.0000,0.1141,6.8699,0.0000,0.0125,41218.8217,0.0000,1.0273,41218.8203,25,0
80450.0000,8045,2014,2.7000,14,1000,1000,1,36179.9900,0.0000,0.9007,5035.5707,0.0000,0.1140,6.8690,0.0000,0.0125,41222.4298,0.0000,1.0272,41222.4297,25,0
80460.0000,8046,2011,2.7000,11,1000,1000,1,36185.2695,0.0000,0.9007,5034.9448,0.0000,0.1140,6.8682,0.0000,0.0125,41227.0825,0.0000,1.0272,41227.0820,25,0
80470.0000,8047,2009,2.7000,9,1000,1000,1,36189.7409,0.0000,0.9006,5034.3191,0.0000,0.1140,6.8673,0.0000,0.0125,41230.9274,0.0000,1.0271,41230.9258,25,0
80480.0000,8048,2008,2.7000,8,1000,1000,1,36193.6230,0.0000,0.9006,5033.6936,0.0000,0.1140,6.8665,0.0000,0.0125,41234.1831,0.0000,1.0271,41234.1836,25,0
80490.0000,8049,2004,2.7000,4,1000,1000,1,36197.6583,0.0000,0.9006,5033.0682,0.0000,0.1140,6.8656,0.0000,0.0125,41237.5922,0.0000,1.0270,41237.5938,24,0
80500.0000,8050,2000,2.7000,0,1000,1000,1,36201.4162,0.0000,0.9006,5032.4430,0.0000,0.1140,6.8648,0.0000,0.0125,41240.7240,0.0000,1.0270,41240.7227,24,0
80510.0000,8051,2004,2.7000,4,1000,1000,1,36207.8403,0.0000,0.9006,5043.1058,0.0000,0.1140,6.8639,0.0000,0.0125,41257.8101,0.0000,1.0270,41257.8086,24,0
80520.0000,8052,2009,2.7000,9,1000,1000,1,36212.3801,0.0000,0.9007,5042.4795,0.0000,0.1140,6.8631,0.0000,0.0125,41261.7227,0.0000,1.0271,41261.7227,25,0
80530.0000,8053,2006,2.7000,6,1000,1000,1,36216.7366,0.0000,0.9007,5041.8533,0.0000,0.1139,6.8622,0.0000,0.0125,41265.4521,0.0000,1.0271,41265.4531,25,0
80540.0000,8054,2010,2.7000,10,1000,1000,1,36221.3558,0.0000,0.9008,5041.2273,0.0000,0.1139,6.8614,0.0000,0.0125,41269.4445,0.0000,1.0272,41269.4453,25,0
80550.0000,8055,2010,2.7000,10,1000,1000,1,36225.0259,0.0000,0.9008,5040.6015,0.0000,0.1139,6.8605,0.0000,0.0125,41272.4879,0.0000,1.0272,41272.4883,25,0
80560.0000,8056,2009,2.7000,9,1000,1000,1,36229.1224,0.0000,0.9008,5039.9758,0.0000,0.1139,6.8597,0.0000,0.0125,41275.9579,0.0000,1.0272,41275.9570,25,0
80570.0000,8057,2007,2.7000,7,1000,1000,1,36231.4492,0.0000,0.9008,5039.3503,0.0000,0.1139,6.8588,0.0000,0.0124,41277.6582,0.0000,1.0271,41277.6602,25,0
80580.0000,8058,2018,2.7000,18,1000,1000,1,36239.0528,0.0000,0.9009,5038.7249,0.0000,0.1139,6.8580,0.0000,0.0124,41284.6357,0.0000,1.0272,41284.6367,25,0
80590.0000,8059,2013,2.7000,13,1000,1000,1,36242.2837,0.0000,0.9008,5038.0996,0.0000,0.1139,6.8571,0.0000,0.0124,41287.2404,0.0000,1.0271,41287.2422,25,0
80600.0000,8060,2013,2.7000,13,1000,1000,1,36248.0752,0.0000,0.9009,5037.4746,0.0000,0.1138,6.8563,0.0000,0.0124,41292.4060,0.0000,1.0271,41292.4062,25,0
80610.0000,8061,2017,2.7000,17,1000,1000,1,36252.7947,0.0000,0.9009,5036.8496,0.0000,0.1138,6.8554,0.0000,0.0124,41296.4998,0.0000,1.0272,41296.5000,25,0
80620.0000,8062,2011,2.7000,11,1000,1000,1,36253.6739,0.0000,0.9008,5036.2249,0.0000,0.1138,6.8546,0.0000,0.0124,41296.7533,0.0000,1.0271,41296.7539,25,0
80630.0000,8063,2011,2.7000,11,1000,1000,1,36259.7614,0.0000,0.9008,5035.6003,0.0000,0.1138,6.8537,0.0000,0.0124,41302.2154,0.0000,1.0271,41302.2148,25,0
80640.0000,8064,2002,2.7000,2,1000,1000,1,36263.8424,0.0000,0.9008,5034.9758,0.0000,0.1138,6.8529,0.0000,0.0124,41305.6711,0.0000,1.0270,41305.6719,24,0
80650.0000,8065,2011,2.7000,11,1000,1000,1,36270.5667,0.0000,0.9008,5034.3515,0.0000,0.1138,6.8520,0.0000,0.0124,41311.7702,0.0000,1.0270,41311.7695,25,0
80660.0000,8066,2012,2.7000,12,1000,1000,1,36275.3386,0.0000,0.9008,5033.7274,0.0000,0.1138,6.8512,0.0000,0.0124,41315.9172,0.0000,1.0270,41315.9180,25,0
80670.0000,8067,2014,2.7000,14,1000,1000,1,36278.9538,0.0000,0.9008,5033.1034,0.0000,0.1137,6.8503,0.0000,0.0124,41318.9075,0.0000,1.0270,41318.9062,25,0
80680.0000,8068,2009,2.7000,9,1000,1000,1,36284.3544,0.0000,0.9008,5032.4795,0.0000,0.1137,6.8495,0.0000,0.0124,41323.6834,0.0000,1.0270,41323.6836,25,0
80690.0000,8069,2008,2.7000,8,1000,1000,1,36288.8875,0.0000,0.9008,5031.8559,0.0000,0.1137,6.8486,0.0000,0.0124,41327.5920,0.0000,1.0270,41327.5938,25,0
80700.0000,8070,2005,2.7000,5,1000,1000,1,36293.3829,0.0000,0.9008,5031.2323,0.0000,0.1137,6.8478,0.0000,0.0124,41331.4630,0.0000,1.0270,41331.4648,24,0
80710.0000,8071,2006,2.7000,6,1000,1000,1,36297.6497,0.0000,0.9008,5030.6090,0.0000,0.1137,6.8469,0.0000,0.0124,41335.1056,0.0000,1.0270,41335.1055,25,0
80720.0000,8072,2009,2.7000,9,1000,1000,1,36300.3748,0.0000,0.9009,5029.9858,0.0000,0.1137,6.8461,0.0000,0.0124,41337.2067,0.0000,1.0270,41337.2070,25,0
80730.0000,8073,2013,2.7000,13,1000,1000,1,36307.1025,0.0000,0.9009,5029.3627,0.0000,0.1137,6.8452,0.0000,0.0124,41343.3104,0.0000,1.0270,41343.3086,25,0
80740.0000,8074,2015,2.7000,15,1000,1000,1,36311.3154,0.0000,0.9009,5028.7398,0.0000,0.1136,6.8444,0.0000,0.0124,41346.8996,0.0000,1.0270,41346.8984,25,0
80750.0000,8075,2017,2.7000,17,1000,1000,1,36315.2877,0.0000,0.9010,5028.1170,0.0000,0.1136,6.8435,0.0000,0.0124,41350.2483,0.0000,1.0270,41350.2500,25,0
80760.0000,8076,2020,2.7000,20,1000,1000,1,36320.1428,0.0000,0.9010,5027.4944,0.0000,0.1136,6.8427,0.0000,0.0124,41354.4799,0.0000,1.0270,41354.4805,25,0
80770.0000,8077,2022,2.7000,22,1000,1000,1,36323.8665,0.0000,0.9010,5026.8720,0.0000,0.1136,6.8418,0.0000,0.0124,41357.5803,0.0000,1.0270,41357.5820,26,0
80780.0000,8078,2026,2.7000,26,1000,1000,1,36328.6162,0.0000,0.9010,5026.2497,0.0000,0.1136,6.8410,0.0000,0.0124,41361.7069,0.0000,1.0270,41361.7070,26,0
80790.0000,8079,2032,2.7000,32,1000,1000,1,36332.8962,0.0000,0.9011,5025.6276,0.0000,0.1136,6.8401,0.0000,0.0124,41365.3638,0.0000,1.0271,41365.3633,26,0
80800.0000,8080,2025,2.7000,25,1000,1000,1,36337.8534,0.0000,0.9011,5025.0056,0.0000,0.1136,6.8393,0.0000,0.0124,41369.6983,0.0000,1.0270,41369.6992,26,0
80810.0000,8081,2032,2.7000,32,1000,1000,1,36343.0855,0.0000,0.9012,5024.3837,0.0000,0.1136,6.8384,0.0000,0.0124,41374.3077,0.0000,1.0272,41374.3086,26,0
80820.0000,8082,2037,2.7000,37,1000,1000,1,36347.4215,0.0000,0.9012,5023.7621,0.0000,0.1135,6.8376,0.0000,0.0124,41378.0211,0.0000,1.0271,41378.0195,26,0
80830.0000,8083,2040,2.7000,40,1000,1000,1,36350.2342,0.0000,0.9012,5023.1405,0.0000,0.1135,6.8367,0.0000,0.0124,41380.2115,0.0000,1.0272,41380.2109,26,0
80840.0000,8084,2031,2.7000,31,1000,1000,1,36354.4715,0.0000,0.9012,5022.5192,0.0000,0.1135,6.8359,0.0000,0.0124,41383.8266,0.0000,1.0271,41383.8281,26,0
80850.0000,8085,2029,2.7000,29,1000,1000,1,36360.6390,0.0000,0.9012,5021.8980,0.0000,0.1135,6.8351,0.0000,0.0124,41389.3721,0.0000,1.0271,41389.3711,26,0
80860.0000,8086,2024,2.7000,24,1000,1000,1,36363.4114,0.0000,0.9011,5021.2769,0.0000,0.1135,6.8342,0.0000,0.0124,41391.5225,0.0000,1.0270,41391.5234,26,0
80870.0000,8087,2023,2.7000,23,1000,1000,1,36369.9187,0.0000,0.9011,5020.6560,0.0000,0.1135,6.8334,0.0000,0.0124,41397.4081,0.0000,1.0270,41397.4062,26,0
80880.0000,8088,2021,2.7000,21,1000,1000,1,36374.7546,0.0000,0.9011,5020.0352,0.0000,0.1135,6.8325,0.0000,0.0124,41401.6224,0.0000,1.0269,41401.6211,26,0
80890.0000,8089,2016,2.7000,16,1000,1000,1,36378.5171,0.0000,0.9011,5019.4146,0.0000,0.1134,6.8317,0.0000,0.0124,41404.7634,0.0000,1.0269,41404.7617,25,0
80900.0000,8090,2018,2.7000,18,1000,1000,1,36383.2208,0.0000,0.9011,5018.7942,0.0000,0.1134,6.8308,0.0000,0.0124,41408.8458,0.0000,1.0269,41408.8477,25,0
80910.0000,8091,2013,2.7000,13,1000,1000,1,36387.9798,0.0000,0.9011,5018.1739,0.0000,0.1134,6.8300,0.0000,0.0124,41412.9837,0.0000,1.0269,41412.9844,25,0
80920.0000,8092,2018,2.7000,18,1000,1000,1,36389.4954,0.0000,0.9011,5017.5538,0.0000,0.1134,6.8291,0.0000,0.0124,41413.8783,0.0000,1.0268,41413.8789,25,0
80930.0000,8093,2021,2.7000,21,1000,1000,1,36396.8859,0.0000,0.9010,5016.9338,0.0000,0.1134,6.8283,0.0000,0.0124,41420.6480,0.0000,1.0268,41420.6484,26,0
80940.0000,8094,2011,2.7000,11,1000,1000,1,36400.8326,0.0000,0.9010,5016.3139,0.0000,0.1134,6.8275,0.0000,0.0124,41423.9740,0.0000,1.0268,41423.9727,25,0
80950.0000,8095,2010,2.7000,10,1000,1000,1,36405.5207,0.0000,0.9010,5015.6943,0.0000,0.1134,6.8266,0.0000,0.0124,41428.0416,0.0000,1.0268,41428.0430,25,0
80960.0000,8096,2010,2.7000,10,1000,1000,1,36409.4843,0.0000,0.9010,5015.0747,0.0000,0.1133,6.8258,0.0000,0.0124,41431.3848,0.0000,1.0267,41431.3867,25,0
80970.0000,8097,2010,2.7000,10,1000,1000,1,36414.5474,0.0000,0.9010,5014.4554,0.0000,0.1133,6.8249,0.0000,0.0124,41435.8277,0.0000,1.0267,41435.8281,25,0
80980.0000,8098,2004,2.7000,4,1000,1000,1,36419.4920,0.0000,0.9009,5013.8361,0.0000,0.1133,6.8241,0.0000,0.0124,41440.1522,0.0000,1.0266,41440.1523,24,0
80990.0000,8099,2006,2.7000,6,1000,1000,1,36424.3371,0.0000,0.9010,5013.2171,0.0000,0.1133,6.8232,0.0000,0.0124,41444.3774,0.0000,1.0266,41444.3789,25,0
81000.0000,8100,2001,2.7000,1,1000,1000,1,36427.2079,0.0000,0.9009,5012.5981,0.0000,0.1133,6.8224,0.0000,0.0124,41446.6284,0.0000,1.0266,41446.6289,24,0
81010.0000,8101,2003,2.7000,3,1000,1000,1,36433.1242,0.0000,0.9010,5069.2082,0.0000,0.1133,6.8216,0.0000,0.0124,41509.1539,0.0000,1.0266,41509.1523,24,0
81020.0000,8102,2009,2.7000,9,1000,1000,1,36437.8913,0.0000,0.9010,5068.5825,0.0000,0.1133,6.8207,0.0000,0.0124,41513.2945,0.0000,1.0267,41513.2930,25,0
81030.0000,8103,2010,2.7000,10,1000,1000,1,36442.4639,0.0000,0.9011,5067.9570,0.0000,0.1133,6.8199,0.0000,0.0124,41517.2408,0.0000,1.0267,41517.2422,25,0
81040.0000,8104,2005,2.7000,5,1000,1000,1,36446.0415,0.0000,0.9010,5067.3316,0.0000,0.1133,6.8190,0.0000,0.0124,41520.1922,0.0000,1.0267,41520.1914,24,0
81050.0000,8105,2000,2.7000,0,1000,1000,1,36450.4943,0.0000,0.9010,5066.7064,0.0000,0.1133,6.8182,0.0000,0.0124,41524.0189,0.0000,1.0266,41524.0195,24,0
81060.0000,8106,1998,2.7000,0,998,1000,1,36454.5220,0.0000,0.9010,5071.8327,0.0000,0.1133,6.8173,0.0000,0.0124,41533.1721,0.0000,1.0267,41533.1719,24,0
81070.0000,8107,2001,2.7000,1,1000,1000,1,36460.1849,0.0000,0.9010,5072.2905,0.0000,0.1134,6.8165,0.0000,0.0124,41539.2920,0.0000,1.0267,41539.2930,24,0
81080.0000,8108,2003,2.7000,3,1000,1000,1,36464.3769,0.0000,0.9010,5072.0230,0.0000,0.1134,6.8157,0.0000,0.0124,41543.2156,0.0000,1.0268,41543.2148,24,0
81090.0000,8109,2002,2.7000,2,1000,1000,1,36467.6982,0.0000,0.9010,5071.3975,0.0000,0.1134,6.8148,0.0000,0.0124,41545.9105,0.0000,1.0267,41545.9102,24,0
81100.0000,8110,2006,2.7000,6,1000,1000,1,36473.4675,0.0000,0.9010,5073.5014,0.0000,0.1134,6.8140,0.0000,0.0124,41553.7828,0.0000,1.0267,41553.7812,25,0
81110.0000,8111,2009,2.7000,9,1000,1000,1,36477.0116,0.0000,0.9010,5072.8759,0.0000,0.1134,6.8131,0.0000,0.0124,41556.7006,0.0000,1.0267,41556.6992,25,0
81120.0000,8112,2012,2.7000,12,1000,1000,1,36481.6032,0.0000,0.9010,5072.2505,0.0000,0.1134,6.8123,0.0000,0.0124,41560.6660,0.0000,1.0267,41560.6641,25,0
81130.0000,8113,2013,2.7000,13,1000,1000,1,36487.2401,0.0000,0.9010,5071.6253,0.0000,0.1133,6.8115,0.0000,0.0124,41565.6769,0.0000,1.0267,41565.6758,25,0
81140.0000,8114,2012,2.7000,12,1000,1000,1,36491.6114,0.0000,0.9010,5071.0003,0.0000,0.1133,6.8106,0.0000,0.0124,41569.4223,0.0000,1.0267,41569.4219,25,0
81150.0000,8115,2005,2.7000,5,1000,1000,1,36493.8811,0.0000,0.9010,5070.3754,0.0000,0.1133,6.8098,0.0000,0.0124,41571.0662,0.0000,1.0266,41571.0664,24,0
81160.0000,8116,2005,2.7000,5,1000,1000,1,36500.0207,0.0000,0.9010,5069.7506,0.0000,0.1133,6.8089,0.0000,0.0124,41576.5802,0.0000,1.0267,41576.5820,24,0
81170.0000,8117,2010,2.7000,10,1000,1000,1,36505.6077,0.0000,0.9011,5069.1260,0.0000,0.1133,6.8081,0.0000,0.0124,41581.5419,0.0000,1.0267,41581.5430,25,0
81180.0000,8118,2012,2.7000,12,1000,1000,1,36509.6574,0.0000,0.9011,5068.5016,0.0000,0.1133,6.8073,0.0000,0.0124,41584.9663,0.0000,1.0267,41584.9648,25,0
81190.0000,8119,2013,2.7000,13,1000,1000,1,36513.2554,0.0000,0.9010,5067.8773,0.0000,0.1133,6.8064,0.0000,0.0124,41587.9392,0.0000,1.0267,41587.9375,25,0
81200.0000,8120,2009,2.7000,9,1000,1000,1,36517.1685,0.0000,0.9010,5067.2532,0.0000,0.1133,6.8056,0.0000,0.0124,41591.2273,0.0000,1.0266,41591.2266,25,0
81210.0000,8121,2011,2.7000,11,1000,1000,1,36521.0042,0.0000,0.9010,5066.6292,0.0000,0.1132,6.8048,0.0000,0.0124,41594.4382,0.0000,1.0266,41594.4375,25,0
81220.0000,8122,2007,2.7000,7,1000,1000,1,36527.5232,0.0000,0.9010,5066.0054,0.0000,0.1132,6.8039,0.0000,0.0123,41600.3326,0.0000,1.0266,41600.3320,25,0
81230.0000,8123,2006,2.7000,6,1000,1000,1,36532.0912,0.0000,0.9010,5065.3818,0.0000,0.1132,6.8031,0.0000,0.0123,41604.2761,0.0000,1.0265,41604.2773,25,0
81240.0000,8124,2002,2.7000,2,1000,1000,1,36536.1247,0.0000,0.9009,5080.9365,0.0000,0.1132,6.8022,0.0000,0.0123,41623.8634,0.0000,1.0265,41623.8633,24,0
81250.0000,8125,2003,2.7000,3,1000,1000,1,36541.5549,0.0000,0.9009,5080.3111,0.0000,0.1132,6.8014,0.0000,0.0123,41628.6674,0.0000,1.0264,41628.6680,24,0
81260.0000,8126,2004,2.7000,4,1000,1000,1,36545.2830,0.0000,0.9009,5079.6859,0.0000,0.1132,6.8006,0.0000,0.0123,41631.7695,0.0000,1.0264,41631.7695,24,0
81270.0000,8127,2003,2.7000,3,1000,1000,1,36550.1933,0.0000,0.9009,5082.5213,0.0000,0.1132,6.7997,0.0000,0.0123,41639.5144,0.0000,1.0265,41639.5156,24,0
81280.0000,8128,2005,2.7000,5,1000,1000,1,36554.8930,0.0000,0.9009,5081.8960,0.0000,0.1132,6.7989,0.0000,0.0123,41643.5879,0.0000,1.0265,41643.5859,24,0
81290.0000,8129,2002,2.7000,2,1000,1000,1,36558.0303,0.0000,0.9009,5081.2709,0.0000,0.1132,6.7981,0.0000,0.0123,41646.0992,0.0000,1.0264,41646.0977,24,0
81300.0000,8130,2007,2.7000,7,1000,1000,1,36562.8528,0.0000,0.9010,5080.6459,0.0000,0.1132,6.7972,0.0000,0.0123,41650.2959,0.0000,1.0265,41650.2969,25,0
81310.0000,8131,2008,2.7000,8,1000,1000,1,36568.4476,0.0000,0.9010,5080.0210,0.0000,0.1132,6.7964,0.0000,0.0123,41655.2650,0.0000,1.0265,41655.2656,25,0
81320.0000,8132,2010,2.7000,10,1000,1000,1,36573.1091,0.0000,0.9010,5079.3963,0.0000,0.1132,6.7956,0.0000,0.0123,41659.3010,0.0000,1.0265,41659.3008,25,0
81330.0000,8133,2013,2.7000,13,1000,1000,1,36577.7884,0.0000,0.9010,5078.7718,0.0000,0.1131,6.7947,0.0000,0.0123,41663.3548,0.0000,1.0265,41663.3555,25,0
81340.0000,8134,2012,2.7000,12,1000,1000,1,36582.2861,0.0000,0.9010,5078.1474,0.0000,0.1131,6.7939,0.0000,0.0123,41667.2274,0.0000,1.0265,41667.2266,25,0
81350.0000,8135,2012,2.7000,12,1000,1000,1,36586.5229,0.0000,0.9010,5077.5231,0.0000,0.1131,6.7930,0.0000,0.0123,41670.8391,0.0000,1.0265,41670.8398,25,0
81360.0000,8136,2013,2.7000,13,1000,1000,1,36591.2970,0.0000,0.9010,5076.8991,0.0000,0.1131,6.7922,0.0000,0.0123,41674.9883,0.0000,1.0265,41674.9883,25,0
81370.0000,8137,2011,2.7000,11,1000,1000,1,36594.9307,0.0000,0.9010,5076.2751,0.0000,0.1131,6.7914,0.0000,0.0123,41677.9972,0.0000,1.0264,41677.9961,25,0
81380.0000,8138,2010,2.7000,10,1000,1000,1,36596.6014,0.0000,0.9010,5075.6514,0.0000,0.1131,6.7905,0.0000,0.0123,41679.0433,0.0000,1.0264,41679.0430,25,0
81390.0000,8139,2020,2.7000,20,1000,1000,1,36603.3990,0.0000,0.9010,5075.0277,0.0000,0.1131,6.7897,0.0000,0.0123,41685.2165,0.0000,1.0264,41685.2148,25,0
81400.0000,8140,2012,2.7000,12,1000,1000,1,36607.8916,0.0000,0.9011,5074.4043,0.0000,0.1130,6.7889,0.0000,0.0123,41689.0848,0.0000,1.0264,41689.0859,25,0
81410.0000,8141,2008,2.7000,8,1000,1000,1,36608.1672,0.0000,0.9010,5073.7810,0.0000,0.1130,6.7880,0.0000,0.0123,41688.7362,0.0000,1.0263,41688.7344,25,0
81420.0000,8142,2005,2.7000,5,1000,1000,1,36618.2302,0.0000,0.9010,5073.1578,0.0000,0.1130,6.7872,0.0000,0.0123,41698.1752,0.0000,1.0263,41698.1758,24,0
81430.0000,8143,2015,2.7000,15,1000,1000,1,36622.7177,0.0000,0.9011,5072.5348,0.0000,0.1130,6.7864,0.0000,0.0123,41702.0389,0.0000,1.0264,41702.0391,25,0
81440.0000,8144,2014,2.7000,14,1000,1000,1,36626.3904,0.0000,0.9010,5071.9119,0.0000,0.1130,6.7855,0.0000,0.0123,41705.0879,0.0000,1.0263,41705.0859,25,0
81450.0000,8145,2017,2.7000,17,1000,1000,1,36630.8515,0.0000,0.9010,5071.2892,0.0000,0.1130,6.7847,0.0000,0.0123,41708.9254,0.0000,1.0263,41708.9258,25,0
81460.0000,8146,2017,2.7000,17,1000,1000,1,36635.2090,0.0000,0.9010,5070.6667,0.0000,0.1130,6.7839,0.0000,0.0123,41712.6596,0.0000,1.0263,41712.6602,25,0
81470.0000,8147,2016,2.7000,16,1000,1000,1,36640.9336,0.0000,0.9010,5070.0443,0.0000,0.1129,6.7830,0.0000,0.0123,41717.7609,0.0000,1.0262,41717.7617,25,0
81480.0000,8148,2020,2.7000,20,1000,1000,1,36645.2927,0.0000,0.9010,5069.4220,0.0000,0.1129,6.7822,0.0000,0.0123,41721.4969,0.0000,1.0263,41721.4961,25,0
81490.0000,8149,2012,2.7000,12,1000,1000,1,36647.8437,0.0000,0.9010,5068.7999,0.0000,0.1129,6.7814,0.0000,0.0123,41723.4250,0.0000,1.0262,41723.4258,25,0
81500.0000,8150,2014,2.7000,14,1000,1000,1,36653.9841,0.0000,0.9010,5068.1780,0.0000,0.1129,6.7805,0.0000,0.0123,41728.9426,0.0000,1.0262,41728.9414,25,0
81510.0000,8151,2015,2.7000,15,1000,1000,1,36658.1908,0.0000,0.9010,5067.5562,0.0000,0.1129,6.7797,0.0000,0.0123,41732.5268,0.0000,1.0262,41732.5273,25,0
81520.0000,8152,2014,2.7000,14,1000,1000,1,36663.3097,0.0000,0.9010,5066.9346,0.0000,0.1129,6.7789,0.0000,0.0123,41737.0231,0.0000,1.0262,41737.0234,25,0
81530.0000,8153,2016,2.7000,16,1000,1000,1,36667.1428,0.0000,0.9010,5066.3131,0.0000,0.1129,6.7780,0.0000,0.0123,41740.2339,0.0000,1.0262,41740.2344,25,0
81540.0000,8154,2017,2.7000,17,1000,1000,1,36672.0788,0.0000,0.9010,5065.6918,0.0000,0.1129,6.7772,0.0000,0.0123,41744.5478,0.0000,1.0261,41744.5469,25,0
81550.0000,8155,2006,2.7000,6,1000,1000,1,36676.0554,0.0000,0.9010,5065.0706,0.0000,0.1128,6.7764,0.0000,0.0123,41747.9024,0.0000,1.0261,41747.9023,25,0
81560.0000,8156,2008,2.7000,8,1000,1000,1,36681.3590,0.0000,0.9010,5064.4496,0.0000,0.1128,6.7756,0.0000,0.0123,41752.5841,0.0000,1.0261,41752.5859,25,0
81570.0000,8157,2008,2.7000,8,1000,1000,1,36685.7324,0.0000,0.9010,5063.8287,0.0000,0.1128,6.7747,0.0000,0.0123,41756.3358,0.0000,1.0261,41756.3359,25,0
81580.0000,8158,2008,2.7000,8,1000,1000,1,36690.1192,0.0000,0.9010,5063.2080,0.0000,0.1128,6.7739,0.0000,0.0123,41760.1011,0.0000,1.0261,41760.1016,25,0
81590.0000,8159,2008,2.7000,8,1000,1000,1,36690.1067,0.0000,0.9010,5062.5874,0.0000,0.1128,6.7731,0.0000,0.0123,41759.4672,0.0000,1.0261,41759.4688,25,0
81600.0000,8160,2006,2.7000,6,1000,1000,1,36699.5483,0.0000,0.9010,5061.9670,0.0000,0.1128,6.7722,0.0000,0.0123,41768.2875,0.0000,1.0261,41768.2891,25,0
81610.0000,8161,2007,2.7000,7,1000,1000,1,36703.3696,0.0000,0.9010,5061.3467,0.0000,0.1128,6.7714,0.0000,0.0123,41771.4877,0.0000,1.0260,41771.4883,25,0
81620.0000,8162,2006,2.7000,6,1000,1000,1,36707.8823,0.0000,0.9010,5060.7266,0.0000,0.1127,6.7706,0.0000,0.0123,41775.3795,0.0000,1.0260,41775.3789,25,0
81630.0000,8163,2007,2.7000,7,1000,1000,1,36712.7241,0.0000,0.9010,5060.1067,0.0000,0.1127,6.7697,0.0000,0.0123,41779.6005,0.0000,1.0260,41779.6016,25,0
81640.0000,8164,2008,2.7000,8,1000,1000,1,36716.2061,0.0000,0.9010,5059.4869,0.0000,0.1127,6.7689,0.0000,0.0123,41782.4619,0.0000,1.0260,41782.4609,25,0
81650.0000,8165,2002,2.7000,2,1000,1000,1,36721.4948,0.0000,0.9010,5058.8672,0.0000,0.1127,6.7681,0.0000,0.0123,41787.1301,0.0000,1.0259,41787.1289,24,0
81660.0000,8166,2001,2.7000,1,1000,1000,1,36725.2737,0.0000,0.9010,5101.9946,0.0000,0.1127,6.7673,0.0000,0.0123,41834.0355,0.0000,1.0259,41834.0352,24,0
81670.0000,8167,2003,2.7000,3,1000,1000,1,36731.0725,0.0000,0.9010,5101.3699,0.0000,0.1127,6.7664,0.0000,0.0123,41839.2088,0.0000,1.0259,41839.2070,24,0
81680.0000,8168,2002,2.7000,2,1000,1000,1,36734.7859,0.0000,0.9010,5100.7453,0.0000,0.1127,6.7656,0.0000,0.0123,41842.2969,0.0000,1.0259,41842.2969,24,0
81690.0000,8169,2002,2.7000,2,1000,1000,1,36739.6804,0.0000,0.9010,5103.3140,0.0000,0.1127,6.7648,0.0000,0.0123,41849.7591,0.0000,1.0260,41849.7578,24,0
81700.0000,8170,1997,2.7000,0,997,1000,1,36739.6106,0.0000,0.9009,5102.6893,0.0000,0.1127,6.7639,0.0000,0.0123,41849.0638,0.0000,1.0259,41849.0625,24,0
81710.0000,8171,2001,2.7000,2,999,1000,1,36749.2843,0.0000,0.9009,5104.4801,0.0000,0.1128,6.7631,0.0000,0.0123,41860.5275,0.0000,1.0260,41860.5273,24,0
81720.0000,8172,2002,2.7000,2,1000,1000,1,36753.4860,0.0000,0.9009,5105.0181,0.0000,0.1129,6.7623,0.0000,0.0123,41865.2664,0.0000,1.0260,41865.2656,24,0
81730.0000,8173,1999,2.7000,2,997,1000,1,36758.2503,0.0000,0.9009,5105.7217,0.0000,0.1129,6.7615,0.0000,0.0123,41870.7334,0.0000,1.0260,41870.7344,24,0
81740.0000,8174,2006,2.7000,6,1000,1000,1,36762.8124,0.0000,0.9009,5105.2773,0.0000,0.1129,6.7606,0.0000,0.0123,41874.8503,0.0000,1.0261,41874.8516,25,0
81750.0000,8175,2008,2.7000,8,1000,1000,1,36766.6519,0.0000,0.9009,5104.6528,0.0000,0.1129,6.7598,0.0000,0.0123,41878.0645,0.0000,1.0261,41878.0664,25,0
81760.0000,8176,2007,2.7000,7,1000,1000,1,36770.0924,0.0000,0.9009,5104.0284,0.0000,0.1129,6.7590,0.0000,0.0123,41880.8798,0.0000,1.0260,41880.8789,25,0
81770.0000,8177,2011,2.7000,11,1000,1000,1,36775.5925,0.0000,0.9009,5103.4042,0.0000,0.1129,6.7582,0.0000,0.0123,41885.7549,0.0000,1.0260,41885.7539,25,0
81780.0000,8178,2005,2.7000,5,1000,1000,1,36780.2616,0.0000,0.9009,5102.7802,0.0000,0.1129,6.7573,0.0000,0.0123,41889.7991,0.0000,1.0260,41889.8008,24,0
81790.0000,8179,2004,2.7000,4,1000,1000,1,36784.9347,0.0000,0.9009,5102.1563,0.0000,0.1128,6.7565,0.0000,0.0123,41893.8475,0.0000,1.0260,41893.8477,24,0
81800.0000,8180,2006,2.7000,6,1000,1000,1,36788.9793,0.0000,0.9009,5101.5326,0.0000,0.1128,6.7557,0.0000,0.0123,41897.2675,0.0000,1.0260,41897.2656,25,0
81810.0000,8181,2007,2.7000,7,1000,1000,1,36792.2351,0.0000,0.9009,5100.9090,0.0000,0.1128,6.7548,0.0000,0.0123,41899.8990,0.0000,1.0260,41899.8984,25,0
81820.0000,8182,2006,2.7000,6,1000,1000,1,36798.6237,0.0000,0.9009,5100.2856,0.0000,0.1128,6.7540,0.0000,0.0123,41905.6633,0.0000,1.0259,41905.6641,25,0
81830.0000,8183,2002,2.7000,2,1000,1000,1,36801.3277,0.0000,0.9008,5099.6623,0.0000,0.1128,6.7532,0.0000,0.0123,41907.7432,0.0000,1.0259,41907.7422,24,0
81840.0000,8184,2000,2.7000,0,1000,1000,1,36807.4887,0.0000,0.9008,5111.0508,0.0000,0.1128,6.7524,0.0000,0.0123,41925.2918,0.0000,1.0258,41925.2930,24,0
81850.0000,8185,2001,2.7000,1,1000,1000,1,36811.4903,0.0000,0.9008,5110.9633,0.0000,0.1128,6.7515,0.0000,0.0123,41929.2052,0.0000,1.0258,41929.2070,24,0
81860.0000,8186,2001,2.7000,1,1000,1000,1,36815.9936,0.0000,0.9008,5112.2016,0.0000,0.1128,6.7507,0.0000,0.0123,41934.9460,0.0000,1.0258,41934.9453,24,0
81870.0000,8187,2001,2.7000,1,1000,1000,1,36821.2447,0.0000,0.9007,5112.7075,0.0000,0.1128,6.7499,0.0000,0.0123,41940.7021,0.0000,1.0258,41940.7031,24,0
81880.0000,8188,2005,2.7000,5,1000,1000,1,36825.9963,0.0000,0.9008,5112.0831,0.0000,0.1128,6.7491,0.0000,0.0122,41944.8284,0.0000,1.0259,41944.8281,24,0
81890.0000,8189,2000,2.7000,0,1000,1000,1,36828.5126,0.0000,0.9008,5113.0685,0.0000,0.1128,6.7483,0.0000,0.0122,41948.3293,0.0000,1.0259,41948.3281,24,0
81900.0000,8190,1997,2.7000,1,996,1000,1,36834.9760,0.0000,0.9009,5113.6310,0.0000,0.1129,6.7474,0.0000,0.0122,41955.3544,0.0000,1.0260,41955.3555,24,0
81910.0000,8191,1998,2.7000,0,998,1000,1,36837.7304,0.0000,0.9009,5114.1426,0.0000,0.1129,6.7466,0.0000,0.0122,41958.6196,0.0000,1.0260,41958.6211,24,0
81920.0000,8192,2000,2.7000,0,1000,1000,1,36843.3512,0.0000,0.9008,5115.1816,0.0000,0.1129,6.7458,0.0000,0.0122,41965.2785,0.0000,1.0260,41965.2773,24,0
81930.0000,8193,2005,2.7000,5,1000,1000,1,36848.4140,0.0000,0.9009,5114.9251,0.0000,0.1129,6.7450,0.0000,0.0122,41970.0840,0.0000,1.0260,41970.0859,24,0
81940.0000,8194,2001,2.7000,1,1000,1000,1,36851.0710,0.0000,0.9008,5114.3009,0.0000,0.1129,6.7441,0.0000,0.0122,41972.1161,0.0000,1.0260,41972.1172,24,0
81950.0000,8195,2003,2.7000,3,1000,1000,1,36857.0642,0.0000,0.9008,5113.6768,0.0000,0.1129,6.7433,0.0000,0.0122,41977.4843,0.0000,1.0260,41977.4844,24,0
81960.0000,8196,2000,2.7000,0,1000,1000,1,36860.5466,0.0000,0.9008,5117.1736,0.0000,0.1129,6.7425,0.0000,0.0122,41984.4627,0.0000,1.0259,41984.4609,24,0
81970.0000,8197,2001,2.7000,1,1000,1000,1,36865.7164,0.0000,0.9008,5117.5563,0.0000,0.1129,6.7417,0.0000,0.0122,41990.0144,0.0000,1.0259,41990.0156,24,0
81980.0000,8198,2001,2.7000,1,1000,1000,1,36870.3483,0.0000,0.9008,5118.2776,0.0000,0.1130,6.7408,0.0000,0.0122,41995.3667,0.0000,1.0260,41995.3672,24,0
81990.0000,8199,2001,2.7000,1,1000,1000,1,36874.9436,0.0000,0.9007,5118.6498,0.0000,0.1130,6.7400,0.0000,0.0122,42000.3335,0.0000,1.0260,42000.3320,24,0
82000.0000,8200,1998,2.7000,1,997,1000,1,36880.1368,0.0000,0.9007,5119.0016,0.0000,0.1130,6.7392,0.0000,0.0122,42005.8776,0.0000,1.0260,42005.8789,24,0
82010.0000,8201,2004,2.7000,4,1000,1000,1,36882.6798,0.0000,0.9007,5119.1373,0.0000,0.1130,6.7384,0.0000,0.0122,42008.5556,0.0000,1.0260,42008.5547,24,0
82020.0000,8202,2013,2.7000,13,1000,1000,1,36888.2213,0.0000,0.9007,5118.5132,0.0000,0.1130,6.7376,0.0000,0.0122,42013.4721,0.0000,1.0260,42013.4727,25,0
82030.0000,8203,2011,2.7000,11,1000,1000,1,36893.1475,0.0000,0.9007,5117.8892,0.0000,0.1130,6.7367,0.0000,0.0122,42017.7735,0.0000,1.0260,42017.7734,25,0
82040.0000,8204,2014,2.7000,14,1000,1000,1,36897.5901,0.0000,0.9008,5117.2654,0.0000,0.1130,6.7359,0.0000,0.0122,42021.5914,0.0000,1.0260,42021.5898,25,0
82050.0000,8205,2013,2.7000,13,1000,1000,1,36902.0684,0.0000,0.9008,5116.6417,0.0000,0.1130,6.7351,0.0000,0.0122,42025.4452,0.0000,1.0260,42025.4453,25,0
82060.0000,8206,2009,2.7000,9,1000,1000,1,36907.0263,0.0000,0.9008,5116.0182,0.0000,0.1130,6.7343,0.0000,0.0122,42029.7787,0.0000,1.0260,42029.7773,25,0
82070.0000,8207,2000,2.7000,0,1000,1000,1,36908.6075,0.0000,0.9007,5115.3948,0.0000,0.1130,6.7335,0.0000,0.0122,42030.7358,0.0000,1.0259,42030.7344,24,0
82080.0000,8208,2000,2.7000,0,1000,1000,1,36914.3196,0.0000,0.9007,5123.3113,0.0000,0.1130,6.7326,0.0000,0.0122,42044.3635,0.0000,1.0260,42044.3633,24,0
82090.0000,8209,2004,2.7000,4,1000,1000,1,36917.8033,0.0000,0.9008,5123.6088,0.0000,0.1131,6.7318,0.0000,0.0122,42048.1439,0.0000,1.0260,42048.1445,24,0
82100.0000,8210,2012,2.7000,12,1000,1000,1,36925.0718,0.0000,0.9009,5122.9847,0.0000,0.1130,6.7310,0.0000,0.0122,42054.7875,0.0000,1.0261,42054.7891,25,0
82110.0000,8211,2011,2.7000,11,1000,1000,1,36929.7586,0.0000,0.9009,5122.3608,0.0000,0.1130,6.7302,0.0000,0.0122,42058.8496,0.0000,1.0261,42058.8477,25,0
82120.0000,8212,2006,2.7000,6,1000,1000,1,36934.1537,0.0000,0.9009,5121.7370,0.0000,0.1130,6.7294,0.0000,0.0122,42062.6201,0.0000,1.0261,42062.6211,25,0
82130.0000,8213,2005,2.7000,5,1000,1000,1,36938.5227,0.0000,0.9009,5121.1134,0.0000,0.1130,6.7285,0.0000,0.0122,42066.3646,0.0000,1.0261,42066.3633,24,0
82140.0000,8214,2001,2.7000,1,1000,1000,1,36941.8174,0.0000,0.9009,5120.4900,0.0000,0.1130,6.7277,0.0000,0.0122,42069.0351,0.0000,1.0261,42069.0352,24,0
82150.0000,8215,2001,2.7000,1,1000,1000,1,36946.9844,0.0000,0.9009,5119.8666,0.0000,0.1130,6.7269,0.0000,0.0122,42073.5779,0.0000,1.0260,42073.5781,24,0
82160.0000,8216,2003,2.7000,3,1000,1000,1,36951.7113,0.0000,0.9009,5126.8712,0.0000,0.1130,6.7261,0.0000,0.0122,42085.3085,0.0000,1.0261,42085.3086,24,0
82170.0000,8217,2000,2.7000,1,999,1000,1,36956.7038,0.0000,0.9008,5127.9458,0.0000,0.1131,6.7253,0.0000,0.0122,42091.3748,0.0000,1.0261,42091.3750,24,0
82180.0000,8218,2005,2.7000,5,1000,1000,1,36960.9140,0.0000,0.9009,5127.3274,0.0000,0.1131,6.7244,0.0000,0.0122,42094.9658,0.0000,1.0262,42094.9648,24,0
82190.0000,8219,2007,2.7000,7,1000,1000,1,36962.3883,0.0000,0.9009,5126.7036,0.0000,0.1130,6.7236,0.0000,0.0122,42095.8154,0.0000,1.0261,42095.8164,25,0
82200.0000,8220,2001,2.7000,1,1000,1000,1,36968.7485,0.0000,0.9009,5126.0799,0.0000,0.1130,6.7228,0.0000,0.0122,42101.5512,0.0000,1.0261,42101.5508,24,0
82210.0000,8221,2000,2.7000,0,1000,1000,1,36972.2618,0.0000,0.9008,5129.9386,0.0000,0.1130,6.7220,0.0000,0.0122,42108.9225,0.0000,1.0261,42108.9219,24,0
82220.0000,8222,2006,2.7000,6,1000,1000,1,36978.8849,0.0000,0.9009,5129.3576,0.0000,0.1130,6.7212,0.0000,0.0122,42114.9637,0.0000,1.0261,42114.9648,25,0
82230.0000,8223,2002,2.7000,2,1000,1000,1,36983.5854,0.0000,0.9009,5128.7339,0.0000,0.1130,6.7203,0.0000,0.0122,42119.0396,0.0000,1.0261,42119.0391,24,0
82240.0000,8224,2006,2.7000,6,1000,1000,1,36987.4979,0.0000,0.9009,5128.1102,0.0000,0.1130,6.7195,0.0000,0.0122,42122.3277,0.0000,1.0260,42122.3281,25,0
82250.0000,8225,1998,2.7000,0,998,1000,1,36991.8791,0.0000,0.9008,5127.4868,0.0000,0.1130,6.7187,0.0000,0.0122,42126.0845,0.0000,1.0260,42126.0859,24,0
82260.0000,8226,2002,2.7000,2,1000,1000,1,36996.2516,0.0000,0.9008,5132.3205,0.0000,0.1131,6.7179,0.0000,0.0122,42135.2900,0.0000,1.0261,42135.2891,24,0
82270.0000,8227,2005,2.7000,5,1000,1000,1,37001.3257,0.0000,0.9008,5131.6967,0.0000,0.1131,6.7171,0.0000,0.0122,42139.7394,0.0000,1.0261,42139.7383,24,0
82280.0000,8228,2005,2.7000,5,1000,1000,1,37002.7882,0.0000,0.9008,5131.0730,0.0000,0.1131,6.7163,0.0000,0.0122,42140.5774,0.0000,1.0261,42140.5781,24,0
82290.0000,8229,1998,2.7000,0,998,1000,1,37010.2020,0.0000,0.9008,5133.9120,0.0000,0.1131,6.7154,0.0000,0.0122,42150.8295,0.0000,1.0260,42150.8281,24,0
82300.0000,8230,2002,2.7000,2,1000,1000,1,37015.0473,0.0000,0.9008,5134.4656,0.0000,0.1131,6.7146,0.0000,0.0122,42156.2275,0.0000,1.0261,42156.2266,24,0
82310.0000,8231,2001,2.7000,1,1000,1000,1,37017.8932,0.0000,0.9008,5134.8128,0.0000,0.1132,6.7138,0.0000,0.0122,42159.4199,0.0000,1.0261,42159.4180,24,0
82320.0000,8232,2007,2.7000,7,1000,1000,1,37024.0172,0.0000,0.9008,5134.1891,0.0000,0.1131,6.7130,0.0000,0.0122,42164.9193,0.0000,1.0261,42164.9180,25,0
82330.0000,8233,2009,2.7000,9,1000,1000,1,37027.2931,0.0000,0.9008,5133.5655,0.0000,0.1131,6.7122,0.0000,0.0122,42167.5707,0.0000,1.0261,42167.5703,25,0
82340.0000,8234,2002,2.7000,2,1000,1000,1,37032.8320,0.0000,0.9008,5132.9420,0.0000,0.1131,6.7114,0.0000,0.0122,42172.4854,0.0000,1.0261,42172.4844,24,0
82350.0000,8235,2006,2.7000,6,1000,1000,1,37037.9738,0.0000,0.9008,5136.1031,0.0000,0.1131,6.7106,0.0000,0.0122,42180.7874,0.0000,1.0261,42180.7891,25,0
82360.0000,8236,2011,2.7000,11,1000,1000,1,37042.4472,0.0000,0.9009,5135.4795,0.0000,0.1131,6.7097,0.0000,0.0122,42184.6365,0.0000,1.0262,42184.6367,25,0
82370.0000,8237,2007,2.7000,7,1000,1000,1,37045.9824,0.0000,0.9009,5134.8560,0.0000,0.1131,6.7089,0.0000,0.0122,42187.5473,0.0000,1.0261,42187.5469,25,0
82380.0000,8238,2006,2.7000,6,1000,1000,1,37051.1564,0.0000,0.9009,5134.2327,0.0000,0.1131,6.7081,0.0000,0.0122,42192.0972,0.0000,1.0261,42192.0977,25,0
82390.0000,8239,2005,2.7000,5,1000,1000,1,37055.7729,0.0000,0.9009,5133.6095,0.0000,0.1131,6.7073,0.0000,0.0122,42196.0897,0.0000,1.0261,42196.0898,24,0
82400.0000,8240,2008,2.7000,8,1000,1000,1,37060.0413,0.0000,0.9009,5132.9865,0.0000,0.1130,6.7065,0.0000,0.0122,42199.7343,0.0000,1.0262,42199.7344,25,0
82410.0000,8241,2011,2.7000,11,1000,1000,1,37063.2653,0.0000,0.9010,5132.3637,0.0000,0.1130,6.7057,0.0000,0.0122,42202.3346,0.0000,1.0262,42202.3359,25,0
82420.0000,8242,2005,2.7000,5,1000,1000,1,37066.5720,0.0000,0.9009,5131.7409,0.0000,0.1130,6.7049,0.0000,0.0122,42205.0178,0.0000,1.0261,42205.0195,24,0
82430.0000,8243,2001,2.7000,1,1000,1000,1,37073.7818,0.0000,0.9009,5140.6520,0.0000,0.1130,6.7040,0.0000,0.0122,42221.1378,0.0000,1.0261,42221.1367,24,0
82440.0000,8244,2009,2.7000,9,1000,1000,1,37077.8313,0.0000,0.9009,5140.0284,0.0000,0.1130,6.7032,0.0000,0.0122,42224.5630,0.0000,1.0261,42224.5625,25,0
82450.0000,8245,2009,2.7000,9,1000,1000,1,37082.9286,0.0000,0.9009,5139.4050,0.0000,0.1130,6.7024,0.0000,0.0122,42229.0361,0.0000,1.0261,42229.0352,25,0
82460.0000,8246,2009,2.7000,9,1000,1000,1,37087.4744,0.0000,0.9009,5138.7818,0.0000,0.1130,6.7016,0.0000,0.0122,42232.9578,0.0000,1.0260,42232.9570,25,0
82470.0000,8247,2013,2.7000,13,1000,1000,1,37091.9905,0.0000,0.9010,5138.1587,0.0000,0.1130,6.7008,0.0000,0.0122,42236.8500,0.0000,1.0261,42236.8516,25,0
82480.0000,8248,2014,2.7000,14,1000,1000,1,37095.9894,0.0000,0.9010,5137.5357,0.0000,0.1129,6.7000,0.0000,0.0122,42240.2251,0.0000,1.0261,42240.2266,25,0
82490.0000,8249,2009,2.7000,9,1000,1000,1,37100.2089,0.0000,0.9010,5136.9129,0.0000,0.1129,6.6992,0.0000,0.0122,42243.8210,0.0000,1.0261,42243.8203,25,0
82500.0000,8250,2003,2.7000,3,1000,1000,1,37104.9132,0.0000,0.9010,5136.2902,0.0000,0.1129,6.6984,0.0000,0.0122,42247.9018,0.0000,1.0261,42247.9023,24,0
82510.0000,8251,2009,2.7000,9,1000,1000,1,37109.4931,0.0000,0.9010,5135.6677,0.0000,0.1129,6.6975,0.0000,0.0122,42251.8584,0.0000,1.0261,42251.8594,25,0
82520.0000,8252,2010,2.7000,10,1000,1000,1,37114.6391,0.0000,0.9011,5135.0454,0.0000,0.1129,6.6967,0.0000,0.0122,42256.3812,0.0000,1.0261,42256.3828,25,0
82530.0000,8253,2003,2.7000,3,1000,1000,1,37119.0361,0.0000,0.9010,5134.4232,0.0000,0.1129,6.6959,0.0000,0.0122,42260.1552,0.0000,1.0261,42260.1562,24,0
82540.0000,8254,2004,2.7000,4,1000,1000,1,37121.8755,0.0000,0.9010,5133.8011,0.0000,0.1129,6.6951,0.0000,0.0122,42262.3718,0.0000,1.0261,42262.3711,24,0
82550.0000,8255,2010,2.7000,10,1000,1000,1,37128.2641,0.0000,0.9011,5133.1792,0.0000,0.1129,6.6943,0.0000,0.0122,42268.1376,0.0000,1.0261,42268.1367,25,0
82560.0000,8256,2003,2.7000,3,1000,1000,1,37131.8352,0.0000,0.9011,5132.5575,0.0000,0.1128,6.6935,0.0000,0.0121,42271.0862,0.0000,1.0261,42271.0859,24,0
82570.0000,8257,2003,2.7000,3,1000,1000,1,37137.1912,0.0000,0.9011,5131.9359,0.0000,0.1128,6.6927,0.0000,0.0121,42275.8198,0.0000,1.0261,42275.8203,24,0
82580.0000,8258,1999,2.7000,0,999,1000,1,37132.8138,0.0000,0.9010,5148.7062,0.0000,0.1128,6.6919,0.0000,0.0121,42288.2119,0.0000,1.0260,42288.2109,24,0
82590.0000,8259,2007,2.7000,7,1000,1000,1,37145.9123,0.0000,0.9010,5148.3704,0.0000,0.1128,6.6911,0.0000,0.0121,42300.9738,0.0000,1.0260,42300.9727,25,0
82600.0000,8260,1999,2.7000,0,999,1000,1,37149.8174,0.0000,0.9010,5149.6205,0.0000,0.1128,6.6902,0.0000,0.0121,42306.1282,0.0000,1.0260,42306.1289,24,0
82610.0000,8261,2005,2.7000,5,1000,1000,1,37154.4926,0.0000,0.9010,5149.1267,0.0000,0.1128,6.6894,0.0000,0.0121,42310.3087,0.0000,1.0260,42310.3086,24,0
82620.0000,8262,2006,2.7000,6,1000,1000,1,37158.8028,0.0000,0.9010,5148.5035,0.0000,0.1128,6.6886,0.0000,0.0121,42313.9950,0.0000,1.0260,42313.9961,25,0
82630.0000,8263,1997,2.7000,0,997,1000,1,37159.4832,0.0000,0.9010,5151.1323,0.0000,0.1128,6.6878,0.0000,0.0121,42317.3033,0.0000,1.0259,42317.3047,24,0
82640.0000,8264,2000,2.7000,0,1000,1000,1,37167.9031,0.0000,0.9009,5151.0863,0.0000,0.1129,6.6870,0.0000,0.0121,42325.6764,0.0000,1.0259,42325.6758,24,0
82650.0000,8265,1999,2.7000,0,999,1000,1,37172.3113,0.0000,0.9009,5151.8777,0.0000,0.1129,6.6862,0.0000,0.0121,42330.8752,0.0000,1.0260,42330.8750,24,0
82660.0000,8266,2003,2.7000,3,1000,1000,1,37176.3151,0.0000,0.9009,5152.2346,0.0000,0.1129,6.6854,0.0000,0.0121,42335.2351,0.0000,1.0260,42335.2344,24,0
82670.0000,8267,2000,2.7000,0,1000,1000,1,37181.4455,0.0000,0.9009,5151.6113,0.0000,0.1129,6.6846,0.0000,0.0121,42339.7415,0.0000,1.0259,42339.7422,24,0
82680.0000,8268,2005,2.7000,5,1000,1000,1,37184.9334,0.0000,0.9009,5153.2441,0.0000,0.1129,6.6838,0.0000,0.0121,42344.8613,0.0000,1.0260,42344.8594,24,0
82690.0000,8269,1999,2.7000,0,999,1000,1,37190.8038,0.0000,0.9008,5153.6438,0.0000,0.1129,6.6830,0.0000,0.0121,42351.1305,0.0000,1.0259,42351.1289,24,0
82700.0000,8270,1999,2.7000,0,999,1000,1,37192.2758,0.0000,0.9008,5154.6366,0.0000,0.1130,6.6822,0.0000,0.0121,42353.5945,0.0000,1.0259,42353.5938,24,0
82710.0000,8271,2004,2.7000,4,1000,1000,1,37200.0356,0.0000,0.9008,5154.2995,0.0000,0.1130,6.6813,0.0000,0.0121,42361.0164,0.0000,1.0259,42361.0156,24,0
82720.0000,8272,2007,2.7000,7,1000,1000,1,37204.2751,0.0000,0.9008,5153.6764,0.0000,0.1130,6.6805,0.0000,0.0121,42364.6321,0.0000,1.0259,42364.6328,25,0
82730.0000,8273,2013,2.7000,13,1000,1000,1,37208.6503,0.0000,0.9008,5153.0534,0.0000,0.1129,6.6797,0.0000,0.0121,42368.3835,0.0000,1.0259,42368.3828,25,0
82740.0000,8274,2014,2.7000,14,1000,1000,1,37211.3658,0.0000,0.9008,5152.4306,0.0000,0.1129,6.6789,0.0000,0.0121,42370.4753,0.0000,1.0259,42370.4766,25,0
82750.0000,8275,2019,2.7000,19,1000,1000,1,37217.1668,0.0000,0.9009,5151.8080,0.0000,0.1129,6.6781,0.0000,0.0121,42375.6529,0.0000,1.0259,42375.6523,25,0
82760.0000,8276,2020,2.7000,20,1000,1000,1,37222.3419,0.0000,0.9009,5151.1855,0.0000,0.1129,6.6773,0.0000,0.0121,42380.2047,0.0000,1.0259,42380.2031,25,0
82770.0000,8277,2013,2.7000,13,1000,1000,1,37227.3567,0.0000,0.9009,5150.5631,0.0000,0.1129,6.6765,0.0000,0.0121,42384.5963,0.0000,1.0259,42384.5977,25,0
82780.0000,8278,2019,2.7000,19,1000,1000,1,37228.8821,0.0000,0.9009,5149.9409,0.0000,0.1129,6.6757,0.0000,0.0121,42385.4987,0.0000,1.0259,42385.5000,25,0
82790.0000,8279,2017,2.7000,17,1000,1000,1,37235.8645,0.0000,0.9010,5149.3189,0.0000,0.1129,6.6749,0.0000,0.0121,42391.8582,0.0000,1.0259,42391.8594,25,0
82800.0000,8280,2021,2.7000,21,1000,1000,1,37238.6176,0.0000,0.9010,5148.6970,0.0000,0.1129,6.6741,0.0000,0.0121,42393.9886,0.0000,1.0259,42393.9883,26,0
82810.0000,8281,2017,2.7000,17,1000,1000,1,37243.5315,0.0000,0.9010,5148.0752,0.0000,0.1128,6.6733,0.0000,0.0121,42398.2801,0.0000,1.0259,42398.2812,25,0
82820.0000,8282,2017,2.7000,17,1000,1000,1,37248.7397,0.0000,0.9009,5147.4536,0.0000,0.1128,6.6725,0.0000,0.0121,42402.8658,0.0000,1.0258,42402.8672,25,0
82830.0000,8283,2024,2.7000,24,1000,1000,1,37253.4442,0.0000,0.9009,5146.8322,0.0000,0.1128,6.6717,0.0000,0.0121,42406.9480,0.0000,1.0259,42406.9492,26,0
82840.0000,8284,2025,2.7000,25,1000,1000,1,37258.3062,0.0000,0.9010,5146.2109,0.0000,0.1128,6.6709,0.0000,0.0121,42411.1879,0.0000,1.0259,42411.1875,26,0
82850.0000,8285,2026,2.7000,26,1000,1000,1,37263.0707,0.0000,0.9010,5145.5897,0.0000,0.1128,6.6701,0.0000,0.0121,42415.3305,0.0000,1.0258,42415.3320,26,0
82860.0000,8286,2025,2.7000,25,1000,1000,1,37266.7345,0.0000,0.9009,5144.9687,0.0000,0.1128,6.6693,0.0000,0.0121,42418.3725,0.0000,1.0258,42418.3711,26,0
82870.0000,8287,2028,2.7000,28,1000,1000,1,37271.8838,0.0000,0.9010,5144.3479,0.0000,0.1128,6.6684,0.0000,0.0121,42422.9001,0.0000,1.0258,42422.8984,26,0
82880.0000,8288,2027,2.7000,27,1000,1000,1,37275.8065,0.0000,0.9010,5143.7272,0.0000,0.1127,6.6676,0.0000,0.0121,42426.2013,0.0000,1.0258,42426.2031,26,0
82890.0000,8289,2025,2.7000,25,1000,1000,1,37277.1772,0.0000,0.9010,5143.1066,0.0000,0.1127,6.6668,0.0000,0.0121,42426.9506,0.0000,1.0258,42426.9492,26,0
82900.0000,8290,2023,2.7000,23,1000,1000,1,37285.5472,0.0000,0.9009,5142.4862,0.0000,0.1127,6.6660,0.0000,0.0121,42434.6995,0.0000,1.0258,42434.6992,26,0
82910.0000,8291,2021,2.7000,21,1000,1000,1,37289.6880,0.0000,0.9009,5141.8660,0.0000,0.1127,6.6652,0.0000,0.0121,42438.2192,0.0000,1.0257,42438.2188,26,0
82920.0000,8292,2020,2.7000,20,1000,1000,1,37293.7410,0.0000,0.9009,5141.2459,0.0000,0.1127,6.6644,0.0000,0.0121,42441.6513,0.0000,1.0257,42441.6523,25,0
82930.0000,8293,2020,2.7000,20,1000,1000,1,37298.3449,0.0000,0.9009,5140.6259,0.0000,0.1127,6.6636,0.0000,0.0121,42445.6344,0.0000,1.0257,42445.6328,25,0
82940.0000,8294,2022,2.7000,22,1000,1000,1,37303.6417,0.0000,0.9009,5140.0061,0.0000,0.1127,6.6628,0.0000,0.0121,42450.3106,0.0000,1.0257,42450.3125,26,0
82950.0000,8295,2020,2.7000,20,1000,1000,1,37308.2873,0.0000,0.9009,5139.3865,0.0000,0.1126,6.6620,0.0000,0.0121,42454.3358,0.0000,1.0256,42454.3359,25,0
82960.0000,8296,2019,2.7000,19,1000,1000,1,37309.7227,0.0000,0.9009,5138.7670,0.0000,0.1126,6.6612,0.0000,0.0121,42455.1509,0.0000,1.0256,42455.1523,25,0
82970.0000,8297,2022,2.7000,22,1000,1000,1,37317.3999,0.0000,0.9009,5138.1476,0.0000,0.1126,6.6604,0.0000,0.0121,42462.2079,0.0000,1.0256,42462.2070,26,0
82980.0000,8298,2016,2.7000,16,1000,1000,1,37322.0038,0.0000,0.9009,5137.5284,0.0000,0.1126,6.6596,0.0000,0.0121,42466.1919,0.0000,1.0255,42466.1914,25,0
82990.0000,8299,2014,2.7000,14,1000,1000,1,37326.2892,0.0000,0.9009,5136.9094,0.0000,0.1126,6.6588,0.0000,0.0121,42469.8574,0.0000,1.0255,42469.8555,25,0
83000.0000,8300,2012,2.7000,12,1000,1000,1,37330.7780,0.0000,0.9009,5136.2905,0.0000,0.1126,6.6580,0.0000,0.0121,42473.7265,0.0000,1.0255,42473.7266,25,0
83010.0000,8301,2008,2.7000,8,1000,1000,1,37334.9808,0.0000,0.9009,5135.6717,0.0000,0.1126,6.6572,0.0000,0.0121,42477.3097,0.0000,1.0255,42477.3086,25,0
83020.0000,8302,2002,2.7000,2,1000,1000,1,37339.5087,0.0000,0.9008,5135.0531,0.0000,0.1126,6.6564,0.0000,0.0121,42481.2182,0.0000,1.0255,42481.2188,24,0
83030.0000,8303,2008,2.7000,8,1000,1000,1,37344.1744,0.0000,0.9009,5134.4347,0.0000,0.1125,6.6556,0.0000,0.0121,42485.2646,0.0000,1.0255,42485.2656,25,0
83040.0000,8304,2013,2.7000,13,1000,1000,1,37348.9327,0.0000,0.9009,5133.8163,0.0000,0.1125,6.6548,0.0000,0.0121,42489.4039,0.0000,1.0255,42489.4023,25,0
83050.0000,8305,2015,2.7000,15,1000,1000,1,37352.9721,0.0000,0.9009,5133.1982,0.0000,0.1125,6.6540,0.0000,0.0121,42492.8242,0.0000,1.0255,42492.8242,25,0
83060.0000,8306,2016,2.7000,16,1000,1000,1,37356.9066,0.0000,0.9009,5132.5802,0.0000,0.1125,6.6532,0.0000,0.0121,42496.1400,0.0000,1.0255,42496.1406,25,0
83070.0000,8307,2018,2.7000,18,1000,1000,1,37360.8511,0.0000,0.9009,5131.9623,0.0000,0.1125,6.6524,0.0000,0.0121,42499.4658,0.0000,1.0254,42499.4648,25,0
83080.0000,8308,2015,2.7000,15,1000,1000,1,37367.0137,0.0000,0.9008,5131.3446,0.0000,0.1125,6.6516,0.0000,0.0121,42505.0099,0.0000,1.0253,42505.0117,25,0
83090.0000,8309,2007,2.7000,7,1000,1000,1,37370.4895,0.0000,0.9008,5130.7270,0.0000,0.1125,6.6508,0.0000,0.0121,42507.8673,0.0000,1.0253,42507.8672,25,0
83100.0000,8310,2002,2.7000,2,1000,1000,1,37375.5528,0.0000,0.9008,5130.1096,0.0000,0.1124,6.6500,0.0000,0.0121,42512.3124,0.0000,1.0253,42512.3125,24,0
83110.0000,8311,1994,2.7000,0,994,1000,1,37380.3704,0.0000,0.9007,5175.1243,0.0000,0.1125,6.6492,0.0000,0.0121,42562.1439,0.0000,1.0252,42562.1445,24,0
83120.0000,8312,1999,2.7000,2,997,1000,1,37385.2167,0.0000,0.9007,5175.6358,0.0000,0.1126,6.6484,0.0000,0.0121,42567.5009,0.0000,1.0253,42567.5000,24,0
83130.0000,8313,2002,2.7000,2,1000,1000,1,37389.5873,0.0000,0.9006,5176.1234,0.0000,0.1126,6.6476,0.0000,0.0121,42572.3583,0.0000,1.0253,42572.3594,24,0
83140.0000,8314,2007,2.7000,7,1000,1000,1,37394.4185,0.0000,0.9007,5175.5008,0.0000,0.1126,6.6468,0.0000,0.0121,42576.5661,0.0000,1.0253,42576.5664,25,0
83150.0000,8315,2007,2.7000,7,1000,1000,1,37398.5976,0.0000,0.9007,5174.8784,0.0000,0.1126,6.6460,0.0000,0.0121,42580.1219,0.0000,1.0254,42580.1211,25,0
83160.0000,8316,2002,2.7000,2,1000,1000,1,37403.2640,0.0000,0.9007,5174.2561,0.0000,0.1126,6.6452,0.0000,0.0121,42584.1653,0.0000,1.0253,42584.1641,24,0
83170.0000,8317,2000,2.7000,0,1000,1000,1,37406.8197,0.0000,0.9006,5177.7392,0.0000,0.1126,6.6444,0.0000,0.0121,42591.2034,0.0000,1.0253,42591.2031,24,0
83180.0000,8318,2002,2.7000,2,1000,1000,1,37412.1817,0.0000,0.9006,5178.3490,0.0000,0.1126,6.6436,0.0000,0.0121,42597.1743,0.0000,1.0253,42597.1758,24,0
83190.0000,8319,1999,2.7000,0,999,1000,1,37416.1128,0.0000,0.9006,5179.4558,0.0000,0.1126,6.6428,0.0000,0.0121,42602.2114,0.0000,1.0252,42602.2109,24,0
83200.0000,8320,2002,2.7000,2,1000,1000,1,37420.2732,0.0000,0.9006,5179.7650,0.0000,0.1126,6.6420,0.0000,0.0121,42606.6802,0.0000,1.0253,42606.6797,24,0
83210.0000,8321,2007,2.7000,7,1000,1000,1,37424.2704,0.0000,0.9006,5179.1425,0.0000,0.1126,6.6412,0.0000,0.0121,42610.0541,0.0000,1.0253,42610.0547,25,0
83220.0000,8322,2013,2.7000,13,1000,1000,1,37429.6913,0.0000,0.9007,5178.5202,0.0000,0.1126,6.6404,0.0000,0.0121,42614.8519,0.0000,1.0253,42614.8516,25,0
83230.0000,8323,2011,2.7000,11,1000,1000,1,37433.7454,0.0000,0.9006,5177.8980,0.0000,0.1126,6.6396,0.0000,0.0121,42618.2830,0.0000,1.0253,42618.2812,25,0
83240.0000,8324,2012,2.7000,12,1000,1000,1,37438.3340,0.0000,0.9006,5177.2759,0.0000,0.1126,6.6388,0.0000,0.0120,42622.2487,0.0000,1.0253,42622.2500,25,0
83250.0000,8325,2015,2.7000,15,1000,1000,1,37443.8269,0.0000,0.9007,5176.6540,0.0000,0.1126,6.6380,0.0000,0.0120,42627.1189,0.0000,1.0253,42627.1172,25,0
83260.0000,8326,2016,2.7000,16,1000,1000,1,37448.2231,0.0000,0.9007,5176.0323,0.0000,0.1126,6.6372,0.0000,0.0120,42630.8926,0.0000,1.0253,42630.8945,25,0
83270.0000,8327,2015,2.7000,15,1000,1000,1,37451.8776,0.0000,0.9006,5175.4107,0.0000,0.1125,6.6364,0.0000,0.0120,42633.9247,0.0000,1.0252,42633.9258,25,0
83280.0000,8328,2019,2.7000,19,1000,1000,1,37456.2724,0.0000,0.9007,5174.7892,0.0000,0.1125,6.6356,0.0000,0.0120,42637.6972,0.0000,1.0252,42637.6953,25,0
83290.0000,8329,2017,2.7000,17,1000,1000,1,37459.3165,0.0000,0.9006,5174.1679,0.0000,0.1125,6.6348,0.0000,0.0120,42640.1193,0.0000,1.0252,42640.1211,25,0
83300.0000,8330,2019,2.7000,19,1000,1000,1,37465.0459,0.0000,0.9007,5173.5468,0.0000,0.1125,6.6340,0.0000,0.0120,42645.2267,0.0000,1.0252,42645.2266,25,0
83310.0000,8331,2011,2.7000,11,1000,1000,1,37471.0343,0.0000,0.9006,5172.9258,0.0000,0.1125,6.6332,0.0000,0.0120,42650.5933,0.0000,1.0252,42650.5938,25,0
83320.0000,8332,2003,2.7000,3,1000,1000,1,37475.2880,0.0000,0.9006,5185.8695,0.0000,0.1125,6.6324,0.0000,0.0120,42667.7900,0.0000,1.0252,42667.7891,24,0
83330.0000,8333,2006,2.7000,6,1000,1000,1,37479.0930,0.0000,0.9006,5185.2472,0.0000,0.1125,6.6316,0.0000,0.0120,42670.9719,0.0000,1.0252,42670.9727,25,0
83340.0000,8334,2013,2.7000,13,1000,1000,1,37483.8332,0.0000,0.9007,5184.6250,0.0000,0.1125,6.6308,0.0000,0.0120,42675.0890,0.0000,1.0252,42675.0898,25,0
83350.0000,8335,2015,2.7000,15,1000,1000,1,37486.9239,0.0000,0.9007,5184.0030,0.0000,0.1125,6.6300,0.0000,0.0120,42677.5570,0.0000,1.0252,42677.5586,25,0
83360.0000,8336,2010,2.7000,10,1000,1000,1,37493.2718,0.0000,0.9007,5183.3811,0.0000,0.1125,6.6292,0.0000,0.0120,42683.2822,0.0000,1.0252,42683.2812,25,0
83370.0000,8337,2015,2.7000,15,1000,1000,1,37496.8502,0.0000,0.9007,5182.7594,0.0000,0.1125,6.6285,0.0000,0.0120,42686.2381,0.0000,1.0252,42686.2383,25,0
83380.0000,8338,2013,2.7000,13,1000,1000,1,37502.4197,0.0000,0.9007,5182.1378,0.0000,0.1125,6.6277,0.0000,0.0120,42691.1852,0.0000,1.0252,42691.1836,25,0
83390.0000,8339,2010,2.7000,10,1000,1000,1,37502.2517,0.0000,0.9006,5181.5164,0.0000,0.1124,6.6269,0.0000,0.0120,42690.3950,0.0000,1.0251,42690.3945,25,0
83400.0000,8340,2011,2.7000,11,1000,1000,1,37511.5857,0.0000,0.9006,5180.8951,0.0000,0.1124,6.6261,0.0000,0.0120,42699.1068,0.0000,1.0251,42699.1055,25,0
83410.0000,8341,2011,2.7000,11,1000,1000,1,37515.5724,0.0000,0.9006,5180.2740,0.0000,0.1124,6.6253,0.0000,0.0120,42702.4716,0.0000,1.0251,42702.4727,25,0
83420.0000,8342,2009,2.7000,9,1000,1000,1,37519.6753,0.0000,0.9006,5179.6530,0.0000,0.1124,6.6245,0.0000,0.0120,42705.9527,0.0000,1.0251,42705.9531,25,0
83430.0000,8343,2008,2.7000,8,1000,1000,1,37524.8183,0.0000,0.9007,5179.0321,0.0000,0.1124,6.6237,0.0000,0.0120,42710.4741,0.0000,1.0251,42710.4727,25,0
83440.0000,8344,2008,2.7000,8,1000,1000,1,37529.3413,0.0000,0.9007,5178.4114,0.0000,0.1124,6.6229,0.0000,0.0120,42714.3756,0.0000,1.0251,42714.3750,25,0
83450.0000,8345,2005,2.7000,5,1000,1000,1,37533.5499,0.0000,0.9007,5177.7909,0.0000,0.1124,6.6221,0.0000,0.0120,42717.9629,0.0000,1.0251,42717.9648,24,0
83460.0000,8346,2001,2.7000,4,997,1000,1,37537.9820,0.0000,0.9006,5192.6462,0.0000,0.1124,6.6213,0.0000,0.0120,42737.2495,0.0000,1.0250,42737.2500,24,0
83470.0000,8347,2012,2.7000,12,1000,1000,1,37542.3805,0.0000,0.9007,5192.8716,0.0000,0.1124,6.6205,0.0000,0.0120,42741.8726,0.0000,1.0251,42741.8711,25,0
83480.0000,8348,2012,2.7000,12,1000,1000,1,37544.7065,0.0000,0.9007,5192.2495,0.0000,0.1124,6.6197,0.0000,0.0120,42743.5757,0.0000,1.0251,42743.5742,25,0
83490.0000,8349,2009,2.7000,9,1000,1000,1,37551.5285,0.0000,0.9007,5191.6276,0.0000,0.1124,6.6189,0.0000,0.0120,42749.7751,0.0000,1.0250,42749.7734,25,0
83500.0000,8350,2007,2.7000,7,1000,1000,1,37556.5212,0.0000,0.9007,5191.0059,0.0000,0.1124,6.6181,0.0000,0.0120,42754.1452,0.0000,1.0251,42754.1445,25,0
83510.0000,8351,2005,2.7000,5,1000,1000,1,37561.1043,0.0000,0.9007,5190.3843,0.0000,0.1123,6.6173,0.0000,0.0120,42758.1059,0.0000,1.0251,42758.1055,24,0
83520.0000,8352,2009,2.7000,9,1000,1000,1,37564.8726,0.0000,0.9007,5189.7628,0.0000,0.1123,6.6165,0.0000,0.0120,42761.2520,0.0000,1.0250,42761.2539,25,0
83530.0000,8353,2010,2.7000,10,1000,1000,1,37569.4214,0.0000,0.9007,5189.1415,0.0000,0.1123,6.6158,0.0000,0.0120,42765.1787,0.0000,1.0250,42765.1797,25,0
83540.0000,8354,2004,2.7000,4,1000,1000,1,37574.2051,0.0000,0.9006,5188.5204,0.0000,0.1123,6.6150,0.0000,0.0120,42769.3404,0.0000,1.0250,42769.3398,24,0
83550.0000,8355,1999,2.7000,0,999,1000,1,37573.4466,0.0000,0.9006,5197.5469,0.0000,0.1123,6.6142,0.0000,0.0120,42777.6077,0.0000,1.0249,42777.6094,24,0
83560.0000,8356,1999,2.7000,1,998,1000,1,37583.2649,0.0000,0.9006,5197.7553,0.0000,0.1123,6.6134,0.0000,0.0120,42787.6336,0.0000,1.0249,42787.6328,24,0
83570.0000,8357,2003,2.7000,3,1000,1000,1,37587.3368,0.0000,0.9006,5198.1929,0.0000,0.1124,6.6126,0.0000,0.0120,42792.1423,0.0000,1.0250,42792.1406,24,0
83580.0000,8358,2001,2.7000,1,1000,1000,1,37591.2847,0.0000,0.9005,5198.6072,0.0000,0.1124,6.6118,0.0000,0.0120,42796.5037,0.0000,1.0249,42796.5039,24,0
83590.0000,8359,2000,2.7000,0,1000,1000,1,37597.0054,0.0000,0.9005,5199.2410,0.0000,0.1124,6.6110,0.0000,0.0120,42802.8574,0.0000,1.0249,42802.8594,24,0
83600.0000,8360,1998,2.7000,0,998,1000,1,37600.3834,0.0000,0.9005,5199.4994,0.0000,0.1124,6.6102,0.0000,0.0120,42806.4930,0.0000,1.0249,42806.4922,24,0
83610.0000,8361,2012,2.7000,12,1000,1000,1,37606.1579,0.0000,0.9006,5199.8070,0.0000,0.1124,6.6094,0.0000,0.0120,42812.5743,0.0000,1.0250,42812.5742,25,0
83620.0000,8362,2009,2.7000,9,1000,1000,1,37608.1427,0.0000,0.9006,5199.1851,0.0000,0.1124,6.6086,0.0000,0.0120,42813.9365,0.0000,1.0250,42813.9375,25,0
83630.0000,8363,2015,2.7000,15,1000,1000,1,37614.9255,0.0000,0.9006,5198.5634,0.0000,0.1124,6.6078,0.0000,0.0120,42820.0968,0.0000,1.0250,42820.0977,25,0
83640.0000,8364,2012,2.7000,12,1000,1000,1,37618.4747,0.0000,0.9006,5197.9419,0.0000,0.1124,6.6071,0.0000,0.0120,42823.0236,0.0000,1.0249,42823.0234,25,0
83650.0000,8365,2019,2.7000,19,1000,1000,1,37623.6315,0.0000,0.9006,5197.3205,0.0000,0.1124,6.6063,0.0000,0.0120,42827.5583,0.0000,1.0249,42827.5586,25,0
83660.0000,8366,2025,2.7000,25,1000,1000,1,37627.2942,0.0000,0.9006,5196.6992,0.0000,0.1123,6.6055,0.0000,0.0120,42830.5989,0.0000,1.0250,42830.5977,26,0
83670.0000,8367,2019,2.7000,19,1000,1000,1,37633.3392,0.0000,0.9006,5196.0782,0.0000,0.1123,6.6047,0.0000,0.0120,42836.0220,0.0000,1.0249,42836.0234,25,0
83680.0000,8368,2017,2.7000,17,1000,1000,1,37635.9089,0.0000,0.9005,5195.4572,0.0000,0.1123,6.6039,0.0000,0.0120,42837.9700,0.0000,1.0249,42837.9688,25,0
83690.0000,8369,2012,2.7000,12,1000,1000,1,37640.8599,0.0000,0.9005,5194.8364,0.0000,0.1123,6.6031,0.0000,0.0120,42842.2994,0.0000,1.0248,42842.3008,25,0
83700.0000,8370,2014,2.7000,14,1000,1000,1,37646.7160,0.0000,0.9005,5194.2158,0.0000,0.1123,6.6023,0.0000,0.0120,42847.5341,0.0000,1.0248,42847.5352,25,0
83710.0000,8371,2010,2.7000,10,1000,1000,1,37650.3906,0.0000,0.9005,5193.5953,0.0000,0.1123,6.6015,0.0000,0.0120,42850.5873,0.0000,1.0248,42850.5859,25,0
83720.0000,8372,2008,2.7000,8,1000,1000,1,37654.3074,0.0000,0.9005,5192.9749,0.0000,0.1123,6.6007,0.0000,0.0120,42853.8830,0.0000,1.0247,42853.8828,25,0
83730.0000,8373,2002,2.7000,2,1000,1000,1,37655.5850,0.0000,0.9004,5192.3547,0.0000,0.1123,6.6000,0.0000,0.0120,42854.5397,0.0000,1.0246,42854.5391,24,0
83740.0000,8374,1995,2.7000,0,995,1000,1,37663.4162,0.0000,0.9004,5207.0571,0.0000,0.1123,6.5992,0.0000,0.0120,42877.0724,0.0000,1.0246,42877.0742,24,0
83750.0000,8375,1991,2.7000,0,991,1000,1,37668.5808,0.0000,0.9003,5207.3715,0.0000,0.1123,6.5984,0.0000,0.0120,42882.5506,0.0000,1.0246,42882.5508,24,0
83760.0000,8376,2006,2.7000,9,997,1000,1,37672.3282,0.0000,0.9004,5207.5789,0.0000,0.1124,6.5976,0.0000,0.0120,42886.5047,0.0000,1.0248,42886.5039,25,0
83770.0000,8377,2008,2.7000,8,1000,1000,1,37677.3753,0.0000,0.9004,5207.7970,0.0000,0.1124,6.5968,0.0000,0.0120,42891.7691,0.0000,1.0248,42891.7695,25,0
83780.0000,8378,2005,2.7000,5,1000,1000,1,37682.3590,0.0000,0.9004,5207.1754,0.0000,0.1124,6.5960,0.0000,0.0120,42896.1303,0.0000,1.0248,42896.1289,24,0
83790.0000,8379,2002,2.7000,2,1000,1000,1,37687.4016,0.0000,0.9003,5206.5539,0.0000,0.1124,6.5952,0.0000,0.0120,42900.5508,0.0000,1.0247,42900.5508,24,0
83800.0000,8380,2002,2.7000,2,1000,1000,1,37691.7631,0.0000,0.9004,5205.9326,0.0000,0.1124,6.5944,0.0000,0.0120,42904.2901,0.0000,1.0247,42904.2891,24,0
83810.0000,8381,2003,2.7000,3,1000,1000,1,37695.9906,0.0000,0.9004,5205.3114,0.0000,0.1123,6.5937,0.0000,0.0120,42907.8957,0.0000,1.0247,42907.8945,24,0
83820.0000,8382,2000,2.7000,0,1000,1000,1,37697.9708,0.0000,0.9004,5204.6904,0.0000,0.1123,6.5929,0.0000,0.0120,42909.2541,0.0000,1.0247,42909.2539,24,0
83830.0000,8383,2004,2.7000,4,1000,1000,1,37704.2897,0.0000,0.9004,5204.0696,0.0000,0.1123,6.5921,0.0000,0.0120,42914.9513,0.0000,1.0247,42914.9531,24,0
83840.0000,8384,2002,2.7000,2,1000,1000,1,37708.6766,0.0000,0.9004,5203.4488,0.0000,0.1123,6.5913,0.0000,0.0120,42918.7168,0.0000,1.0247,42918.7148,24,0
83850.0000,8385,2003,2.7000,3,1000,1000,1,37713.4418,0.0000,0.9004,5212.4283,0.0000,0.1123,6.5905,0.0000,0.0120,42932.4605,0.0000,1.0247,42932.4609,24,0
83860.0000,8386,1999,2.7000,0,999,1000,1,37718.2966,0.0000,0.9004,5212.6632,0.0000,0.1123,6.5897,0.0000,0.0120,42937.5496,0.0000,1.0247,42937.5508,24,0
83870.0000,8387,2010,2.7000,10,1000,1000,1,37723.5014,0.0000,0.9005,5212.5628,0.0000,0.1123,6.5889,0.0000,0.0120,42942.6532,0.0000,1.0248,42942.6523,25,0
83880.0000,8388,2013,2.7000,13,1000,1000,1,37727.6076,0.0000,0.9005,5211.9414,0.0000,0.1123,6.5882,0.0000,0.0120,42946.1372,0.0000,1.0248,42946.1367,25,0
83890.0000,8389,2007,2.7000,7,1000,1000,1,37732.0063,0.0000,0.9005,5211.3201,0.0000,0.1123,6.5874,0.0000,0.0120,42949.9138,0.0000,1.0248,42949.9141,25,0
83900.0000,8390,2012,2.7000,12,1000,1000,1,37736.8078,0.0000,0.9005,5210.6990,0.0000,0.1123,6.5866,0.0000,0.0120,42954.0933,0.0000,1.0248,42954.0938,25,0
83910.0000,8391,2016,2.7000,16,1000,1000,1,37741.3252,0.0000,0.9005,5210.0780,0.0000,0.1123,6.5858,0.0000,0.0120,42957.9890,0.0000,1.0247,42957.9883,25,0
83920.0000,8392,2012,2.7000,12,1000,1000,1,37745.8025,0.0000,0.9005,5209.4571,0.0000,0.1123,6.5850,0.0000,0.0120,42961.8447,0.0000,1.0247,42961.8438,25,0
83930.0000,8393,2014,2.7000,14,1000,1000,1,37749.2495,0.0000,0.9005,5208.8364,0.0000,0.1123,6.5842,0.0000,0.0120,42964.6702,0.0000,1.0247,42964.6719,25,0
83940.0000,8394,2015,2.7000,15,1000,1000,1,37754.5561,0.0000,0.9005,5208.2159,0.0000,0.1122,6.5834,0.0000,0.0119,42969.3554,0.0000,1.0247,42969.3555,25,0
83950.0000,8395,2017,2.7000,17,1000,1000,1,37759.1303,0.0000,0.9005,5207.5955,0.0000,0.1122,6.5827,0.0000,0.0119,42973.3084,0.0000,1.0247,42973.3086,25,0
83960.0000,8396,2013,2.7000,13,1000,1000,1,37762.1205,0.0000,0.9005,5206.9753,0.0000,0.1122,6.5819,0.0000,0.0119,42975.6776,0.0000,1.0247,42975.6758,25,0
83970.0000,8397,2007,2.7000,7,1000,1000,1,37765.3543,0.0000,0.9005,5206.3552,0.0000,0.1122,6.5811,0.0000,0.0119,42978.2906,0.0000,1.0247,42978.2891,25,0
83980.0000,8398,2013,2.7000,13,1000,1000,1,37771.9536,0.0000,0.9006,5205.7352,0.0000,0.1122,6.5803,0.0000,0.0119,42984.2691,0.0000,1.0247,42984.2695,25,0
83990.0000,8399,2012,2.7000,12,1000,1000,1,37776.7609,0.0000,0.9006,5205.1154,0.0000,0.1122,6.5795,0.0000,0.0119,42988.4558,0.0000,1.0247,42988.4570,25,0
84000.0000,8400,2006,2.7000,6,1000,1000,1,37781.6137,0.0000,0.9006,5204.4958,0.0000,0.1122,6.5787,0.0000,0.0119,42992.6882,0.0000,1.0247,42992.6875,25,0
84010.0000,8401,2010,2.7000,10,1000,1000,1,37786.5764,0.0000,0.9006,5203.8762,0.0000,0.1122,6.5780,0.0000,0.0119,42997.0306,0.0000,1.0247,42997.0312,25,0
84020.0000,8402,2014,2.7000,14,1000,1000,1,37791.0611,0.0000,0.9006,5203.2569,0.0000,0.1121,6.5772,0.0000,0.0119,43000.8951,0.0000,1.0247,43000.8945,25,0
84030.0000,8403,2014,2.7000,14,1000,1000,1,37794.2536,0.0000,0.9006,5202.6377,0.0000,0.1121,6.5764,0.0000,0.0119,43003.4677,0.0000,1.0247,43003.4688,25,0
84040.0000,8404,2011,2.7000,11,1000,1000,1,37799.3112,0.0000,0.9006,5202.0186,0.0000,0.1121,6.5756,0.0000,0.0119,43007.9054,0.0000,1.0247,43007.9062,25,0
84050.0000,8405,2009,2.7000,9,1000,1000,1,37804.6094,0.0000,0.9006,5201.3997,0.0000,0.1121,6.5748,0.0000,0.0119,43012.5839,0.0000,1.0247,43012.5820,25,0
84060.0000,8406,2008,2.7000,8,1000,1000,1,37808.7010,0.0000,0.9006,5200.7809,0.0000,0.1121,6.5740,0.0000,0.0119,43016.0559,0.0000,1.0246,43016.0547,25,0
84070.0000,8407,2010,2.7000,10,1000,1000,1,37813.3018,0.0000,0.9007,5200.1623,0.0000,0.1121,6.5733,0.0000,0.0119,43020.0373,0.0000,1.0247,43020.0391,25,0
84080.0000,8408,2007,2.7000,7,1000,1000,1,37817.9582,0.0000,0.9006,5199.5438,0.0000,0.1121,6.5725,0.0000,0.0119,43024.0745,0.0000,1.0246,43024.0742,25,0
84090.0000,8409,2000,2.7000,0,1000,1000,1,37822.3500,0.0000,0.9007,5198.9255,0.0000,0.1120,6.5717,0.0000,0.0119,43027.8472,0.0000,1.0246,43027.8477,24,0
84100.0000,8410,2002,2.7000,2,1000,1000,1,37826.3011,0.0000,0.9006,5224.3887,0.0000,0.1121,6.5709,0.0000,0.0119,43057.2607,0.0000,1.0246,43057.2617,24,0
84110.0000,8411,1998,2.7000,0,998,1000,1,37830.0361,0.0000,0.9006,5225.1671,0.0000,0.1121,6.5701,0.0000,0.0119,43061.7733,0.0000,1.0246,43061.7734,24,0
84120.0000,8412,2002,2.7000,2,1000,1000,1,37836.0867,0.0000,0.9006,5226.0954,0.0000,0.1121,6.5694,0.0000,0.0119,43068.7514,0.0000,1.0246,43068.7500,24,0
84130.0000,8413,2007,2.7000,7,1000,1000,1,37840.3426,0.0000,0.9007,5225.4742,0.0000,0.1121,6.5686,0.0000,0.0119,43072.3853,0.0000,1.0247,43072.3867,25,0
84140.0000,8414,2012,2.7000,12,1000,1000,1,37843.4104,0.0000,0.9007,5224.8531,0.0000,0.1121,6.5678,0.0000,0.0119,43074.8314,0.0000,1.0247,43074.8320,25,0
84150.0000,8415,2016,2.7000,16,1000,1000,1,37849.7012,0.0000,0.9007,5224.2322,0.0000,0.1120,6.5670,0.0000,0.0119,43080.5005,0.0000,1.0247,43080.5000,25,0
84160.0000,8416,2019,2.7000,19,1000,1000,1,37853.9005,0.0000,0.9008,5223.6115,0.0000,0.1120,6.5662,0.0000,0.0119,43084.0782,0.0000,1.0247,43084.0781,25,0
84170.0000,8417,2019,2.7000,19,1000,1000,1,37858.5250,0.0000,0.9008,5222.9909,0.0000,0.1120,6.5655,0.0000,0.0119,43088.0813,0.0000,1.0247,43088.0820,25,0
84180.0000,8418,2027,2.7000,27,1000,1000,1,37862.9795,0.0000,0.9009,5222.3704,0.0000,0.1120,6.5647,0.0000,0.0119,43091.9146,0.0000,1.0248,43091.9141,26,0
84190.0000,8419,2034,2.7000,34,1000,1000,1,37867.6793,0.0000,0.9009,5221.7501,0.0000,0.1120,6.5639,0.0000,0.0119,43095.9933,0.0000,1.0248,43095.9922,26,0
84200.0000,8420,2034,2.7000,34,1000,1000,1,37872.2379,0.0000,0.9009,5221.1300,0.0000,0.1120,6.5631,0.0000,0.0119,43099.9310,0.0000,1.0248,43099.9297,26,0
84210.0000,8421,2030,2.7000,30,1000,1000,1,37873.5792,0.0000,0.9009,5220.5100,0.0000,0.1120,6.5623,0.0000,0.0119,43100.6515,0.0000,1.0248,43100.6523,26,0
84220.0000,8422,2038,2.7000,38,1000,1000,1,37881.2107,0.0000,0.9009,5219.8901,0.0000,0.1120,6.5616,0.0000,0.0119,43107.6624,0.0000,1.0248,43107.6641,26,0
84230.0000,8423,2043,2.7000,43,1000,1000,1,37885.2093,0.0000,0.9009,5219.2704,0.0000,0.1119,6.5608,0.0000,0.0119,43111.0404,0.0000,1.0248,43111.0391,26,0
84240.0000,8424,2042,2.7000,42,1000,1000,1,37890.3115,0.0000,0.9009,5218.6508,0.0000,0.1119,6.5600,0.0000,0.0119,43115.5223,0.0000,1.0248,43115.5234,26,0
84250.0000,8425,2041,2.7000,41,1000,1000,1,37894.0784,0.0000,0.9010,5218.0314,0.0000,0.1119,6.5592,0.0000,0.0119,43118.6690,0.0000,1.0248,43118.6680,26,0
84260.0000,8426,2042,2.7000,42,1000,1000,1,37899.0811,0.0000,0.9010,5217.4121,0.0000,0.1119,6.5584,0.0000,0.0119,43123.0516,0.0000,1.0248,43123.0508,26,0
84270.0000,8427,2042,2.7000,42,1000,1000,1,37900.2724,0.0000,0.9010,5216.7930,0.0000,0.1119,6.5577,0.0000,0.0119,43123.6231,0.0000,1.0248,43123.6250,26,0
84280.0000,8428,2038,2.7000,38,1000,1000,1,37904.0745,0.0000,0.9010,5216.1740,0.0000,0.1119,6.5569,0.0000,0.0119,43126.8054,0.0000,1.0247,43126.8047,26,0
84290.0000,8429,2041,2.7000,41,1000,1000,1,37911.1956,0.0000,0.9010,5215.5552,0.0000,0.1119,6.5561,0.0000,0.0119,43133.3069,0.0000,1.0247,43133.3086,26,0
84300.0000,8430,2038,2.7000,38,1000,1000,1,37916.8093,0.0000,0.9009,5214.9365,0.0000,0.1119,6.5553,0.0000,0.0119,43138.3011,0.0000,1.0247,43138.3008,26,0
84310.0000,8431,2037,2.7000,37,1000,1000,1,37921.3927,0.0000,0.9009,5214.3179,0.0000,0.1118,6.5546,0.0000,0.0119,43142.2652,0.0000,1.0246,43142.2656,26,0
84320.0000,8432,2034,2.7000,34,1000,1000,1,37925.9969,0.0000,0.9009,5213.6995,0.0000,0.1118,6.5538,0.0000,0.0119,43146.2502,0.0000,1.0246,43146.2500,26,0
84330.0000,8433,2031,2.7000,31,1000,1000,1,37930.7757,0.0000,0.9009,5213.0813,0.0000,0.1118,6.5530,0.0000,0.0119,43150.4099,0.0000,1.0247,43150.4102,26,0
84340.0000,8434,2028,2.7000,28,1000,1000,1,37933.9175,0.0000,0.9009,5212.4632,0.0000,0.1118,6.5522,0.0000,0.0119,43152.9329,0.0000,1.0246,43152.9336,26,0
84350.0000,8435,2028,2.7000,28,1000,1000,1,37937.8504,0.0000,0.9009,5211.8452,0.0000,0.1118,6.5514,0.0000,0.0119,43156.2470,0.0000,1.0246,43156.2461,26,0
84360.0000,8436,2025,2.7000,25,1000,1000,1,37942.8369,0.0000,0.9009,5211.2274,0.0000,0.1118,6.5507,0.0000,0.0119,43160.6149,0.0000,1.0246,43160.6133,26,0
84370.0000,8437,2030,2.7000,30,1000,1000,1,37948.3526,0.0000,0.9009,5210.6097,0.0000,0.1118,6.5499,0.0000,0.0119,43165.5122,0.0000,1.0246,43165.5117,26,0
84380.0000,8438,2034,2.7000,34,1000,1000,1,37953.2649,0.0000,0.9010,5209.9922,0.0000,0.1117,6.5491,0.0000,0.0119,43169.8062,0.0000,1.0246,43169.8047,26,0
84390.0000,8439,2036,2.7000,36,1000,1000,1,37957.9206,0.0000,0.9010,5209.3749,0.0000,0.1117,6.5483,0.0000,0.0119,43173.8438,0.0000,1.0246,43173.8438,26,0
84400.0000,8440,2036,2.7000,36,1000,1000,1,37960.3233,0.0000,0.9010,5208.7576,0.0000,0.1117,6.5476,0.0000,0.0119,43175.6285,0.0000,1.0246,43175.6289,26,0
84410.0000,8441,2037,2.7000,37,1000,1000,1,37965.9637,0.0000,0.9010,5208.1405,0.0000,0.1117,6.5468,0.0000,0.0119,43180.6510,0.0000,1.0246,43180.6523,26,0
84420.0000,8442,2034,2.7000,34,1000,1000,1,37971.3172,0.0000,0.9010,5207.5236,0.0000,0.1117,6.5460,0.0000,0.0119,43185.3868,0.0000,1.0246,43185.3867,26,0
84430.0000,8443,2031,2.7000,31,1000,1000,1,37975.5724,0.0000,0.9010,5206.9068,0.0000,0.1117,6.5452,0.0000,0.0119,43189.0245,0.0000,1.0245,43189.0234,26,0
84440.0000,8444,2033,2.7000,33,1000,1000,1,37980.4959,0.0000,0.9010,5206.2902,0.0000,0.1117,6.5445,0.0000,0.0119,43193.3305,0.0000,1.0245,43193.3320,26,0
84450.0000,8445,2036,2.7000,36,1000,1000,1,37983.9150,0.0000,0.9010,5205.6737,0.0000,0.1117,6.5437,0.0000,0.0119,43196.1324,0.0000,1.0246,43196.1328,26,0
84460.0000,8446,2026,2.7000,26,1000,1000,1,37987.3835,0.0000,0.9010,5205.0574,0.0000,0.1116,6.5429,0.0000,0.0119,43198.9837,0.0000,1.0245,43198.9844,26,0
84470.0000,8447,2025,2.7000,25,1000,1000,1,37994.0267,0.0000,0.9010,5204.4411,0.0000,0.1116,6.5421,0.0000,0.0119,43205.0100,0.0000,1.0245,43205.0117,26,0
84480.0000,8448,2028,2.7000,28,1000,1000,1,37998.5605,0.0000,0.9010,5203.8251,0.0000,0.1116,6.5414,0.0000,0.0119,43208.9269,0.0000,1.0245,43208.9258,26,0
84490.0000,8449,2024,2.7000,24,1000,1000,1,38001.3262,0.0000,0.9010,5203.2092,0.0000,0.1116,6.5406,0.0000,0.0119,43211.0760,0.0000,1.0245,43211.0742,26,0
84500.0000,8450,2022,2.7000,22,1000,1000,1,38006.0909,0.0000,0.9010,5202.5934,0.0000,0.1116,6.5398,0.0000,0.0119,43215.2241,0.0000,1.0244,43215.2227,26,0
84510.0000,8451,2028,2.7000,28,1000,1000,1,38011.2954,0.0000,0.9010,5201.9778,0.0000,0.1116,6.5390,0.0000,0.0119,43219.8123,0.0000,1.0245,43219.8125,26,0
84520.0000,8452,2022,2.7000,22,1000,1000,1,38016.6193,0.0000,0.9011,5201.3623,0.0000,0.1116,6.5383,0.0000,0.0119,43224.5199,0.0000,1.0245,43224.5195,26,0
84530.0000,8453,2017,2.7000,17,1000,1000,1,38020.5673,0.0000,0.9010,5200.7470,0.0000,0.1115,6.5375,0.0000,0.0119,43227.8518,0.0000,1.0244,43227.8516,25,0
84540.0000,8454,2012,2.7000,12,1000,1000,1,38024.9551,0.0000,0.9010,5200.1318,0.0000,0.1115,6.5367,0.0000,0.0119,43231.6237,0.0000,1.0244,43231.6250,25,0
84550.0000,8455,2001,2.7000,1,1000,1000,1,38029.1619,0.0000,0.9010,5247.3760,0.0000,0.1116,6.5359,0.0000,0.0119,43283.0738,0.0000,1.0244,43283.0742,24,0
84560.0000,8456,2010,2.7000,10,1000,1000,1,38034.1473,0.0000,0.9010,5246.7554,0.0000,0.1115,6.5352,0.0000,0.0119,43287.4379,0.0000,1.0244,43287.4375,25,0
84570.0000,8457,2005,2.7000,5,1000,1000,1,38038.7117,0.0000,0.9010,5246.1350,0.0000,0.1115,6.5344,0.0000,0.0119,43291.3811,0.0000,1.0244,43291.3828,24,0
84580.0000,8458,1998,2.7000,0,998,1000,1,38040.9648,0.0000,0.9010,5248.8430,0.0000,0.1115,6.5336,0.0000,0.0119,43296.3415,0.0000,1.0244,43296.3398,24,0
84590.0000,8459,2000,2.7000,0,1000,1000,1,38045.1707,0.0000,0.9010,5249.3805,0.0000,0.1116,6.5329,0.0000,0.0119,43301.0841,0.0000,1.0244,43301.0859,24,0
84600.0000,8460,1998,2.7000,1,997,1000,1,38052.7454,0.0000,0.9009,5249.9248,0.0000,0.1117,6.5321,0.0000,0.0119,43309.2023,0.0000,1.0245,43309.2031,24,0
84610.0000,8461,2000,2.7000,0,1000,1000,1,38056.1349,0.0000,0.9009,5249.4610,0.0000,0.1117,6.5313,0.0000,0.0119,43312.1273,0.0000,1.0245,43312.1289,24,0
84620.0000,8462,2000,2.7000,0,1000,1000,1,38060.4716,0.0000,0.9008,5250.7896,0.0000,0.1118,6.5305,0.0000,0.0119,43317.7918,0.0000,1.0245,43317.7930,24,0
84630.0000,8463,2001,2.7000,2,999,1000,1,38066.2748,0.0000,0.9008,5251.2619,0.0000,0.1118,6.5298,0.0000,0.0119,43324.0664,0.0000,1.0245,43324.0664,24,0
84640.0000,8464,2002,2.7000,2,1000,1000,1,38069.1309,0.0000,0.9008,5250.8876,0.0000,0.1118,6.5290,0.0000,0.0119,43326.5475,0.0000,1.0245,43326.5469,24,0
84650.0000,8465,1998,2.7000,1,997,1000,1,38074.6663,0.0000,0.9008,5252.2768,0.0000,0.1118,6.5282,0.0000,0.0118,43333.4713,0.0000,1.0245,43333.4727,24,0
84660.0000,8466,2004,2.7000,4,1000,1000,1,38079.0631,0.0000,0.9008,5252.2070,0.0000,0.1119,6.5275,0.0000,0.0118,43337.7976,0.0000,1.0245,43337.7969,24,0
84670.0000,8467,2002,2.7000,2,1000,1000,1,38083.7202,0.0000,0.9007,5251.5867,0.0000,0.1118,6.5267,0.0000,0.0118,43341.8336,0.0000,1.0244,43341.8320,24,0
84680.0000,8468,2004,2.7000,4,1000,1000,1,38087.8562,0.0000,0.9008,5253.1358,0.0000,0.1118,6.5259,0.0000,0.0118,43347.5179,0.0000,1.0245,43347.5195,24,0
84690.0000,8469,2010,2.7000,10,1000,1000,1,38092.4089,0.0000,0.9009,5252.5156,0.0000,0.1118,6.5251,0.0000,0.0118,43351.4497,0.0000,1.0245,43351.4492,25,0
84700.0000,8470,2011,2.7000,11,1000,1000,1,38097.8183,0.0000,0.9009,5251.8954,0.0000,0.1118,6.5244,0.0000,0.0118,43356.2381,0.0000,1.0246,43356.2383,25,0
84710.0000,8471,2003,2.7000,3,1000,1000,1,38102.3610,0.0000,0.9009,5251.2754,0.0000,0.1118,6.5236,0.0000,0.0118,43360.1601,0.0000,1.0245,43360.1602,24,0
84720.0000,8472,2001,2.7000,2,999,1000,1,38106.7043,0.0000,0.9008,5255.8692,0.0000,0.1119,6.5228,0.0000,0.0118,43369.0963,0.0000,1.0245,43369.0977,24,0
84730.0000,8473,2001,2.7000,1,1000,1000,1,38110.5231,0.0000,0.9008,5255.5232,0.0000,0.1119,6.5221,0.0000,0.0118,43372.5683,0.0000,1.0245,43372.5664,24,0
84740.0000,8474,2005,2.7000,5,1000,1000,1,38115.6794,0.0000,0.9009,5256.6446,0.0000,0.1119,6.5213,0.0000,0.0118,43378.8453,0.0000,1.0246,43378.8438,24,0
84750.0000,8475,2001,2.7000,1,1000,1000,1,38119.5316,0.0000,0.9008,5256.0244,0.0000,0.1119,6.5205,0.0000,0.0118,43382.0764,0.0000,1.0246,43382.0781,24,0
84760.0000,8476,2000,2.7000,2,998,1000,1,38124.4131,0.0000,0.9008,5257.8044,0.0000,0.1119,6.5198,0.0000,0.0118,43388.7372,0.0000,1.0246,43388.7383,24,0
84770.0000,8477,2005,2.7000,5,1000,1000,1,38128.9319,0.0000,0.9008,5257.7513,0.0000,0.1119,6.5190,0.0000,0.0118,43393.2022,0.0000,1.0246,43393.2031,24,0
84780.0000,8478,1999,2.7000,0,999,1000,1,38129.9365,0.0000,0.9008,5257.1312,0.0000,0.1119,6.5182,0.0000,0.0118,43393.5859,0.0000,1.0245,43393.5859,24,0
84790.0000,8479,2001,2.7000,1,1000,1000,1,38138.2905,0.0000,0.9008,5259.3907,0.0000,0.1120,6.5174,0.0000,0.0118,43404.1987,0.0000,1.0246,43404.1992,24,0
84800.0000,8480,2001,2.7000,1,1000,1000,1,38142.1477,0.0000,0.9007,5259.8116,0.0000,0.1120,6.5167,0.0000,0.0118,43408.4759,0.0000,1.0245,43408.4766,24,0
84810.0000,8481,1999,2.7000,0,999,1000,1,38145.8465,0.0000,0.9006,5260.3969,0.0000,0.1120,6.5159,0.0000,0.0118,43412.7593,0.0000,1.0245,43412.7578,24,0
84820.0000,8482,2000,2.7000,0,1000,1000,1,38149.0558,0.0000,0.9006,5260.8586,0.0000,0.1121,6.5151,0.0000,0.0118,43416.4296,0.0000,1.0245,43416.4297,24,0
84830.0000,8483,2002,2.7000,2,1000,1000,1,38156.4048,0.0000,0.9006,5260.2385,0.0000,0.1121,6.5144,0.0000,0.0118,43423.1576,0.0000,1.0246,43423.1562,24,0
84840.0000,8484,2004,2.7000,4,1000,1000,1,38160.3745,0.0000,0.9007,5259.6184,0.0000,0.1121,6.5136,0.0000,0.0118,43426.5066,0.0000,1.0246,43426.5078,24,0
84850.0000,8485,2004,2.7000,4,1000,1000,1,38164.0899,0.0000,0.9007,5258.9986,0.0000,0.1121,6.5128,0.0000,0.0118,43429.6013,0.0000,1.0246,43429.6016,24,0
84860.0000,8486,2003,2.7000,5,998,1000,1,38170.0173,0.0000,0.9007,5262.7069,0.0000,0.1121,6.5121,0.0000,0.0118,43439.2362,0.0000,1.0246,43439.2344,24,0
84870.0000,8487,2004,2.7000,4,1000,1000,1,38172.8572,0.0000,0.9007,5262.6555,0.0000,0.1121,6.5113,0.0000,0.0118,43442.0240,0.0000,1.0246,43442.0234,24,0
84880.0000,8488,1999,2.7000,0,999,1000,1,38174.4232,0.0000,0.9007,5262.0355,0.0000,0.1121,6.5105,0.0000,0.0118,43442.9692,0.0000,1.0246,43442.9688,24,0
84890.0000,8489,2000,2.7000,1,999,1000,1,38183.3420,0.0000,0.9007,5264.3389,0.0000,0.1121,6.5098,0.0000,0.0118,43454.1907,0.0000,1.0246,43454.1914,24,0
84900.0000,8490,2006,2.7000,6,1000,1000,1,38187.6264,0.0000,0.9007,5263.8297,0.0000,0.1121,6.5090,0.0000,0.0118,43457.9651,0.0000,1.0247,43457.9648,25,0
84910.0000,8491,2000,2.7000,0,1000,1000,1,38191.6951,0.0000,0.9007,5263.2098,0.0000,0.1121,6.5082,0.0000,0.0118,43461.4131,0.0000,1.0246,43461.4141,24,0
84920.0000,8492,2002,2.7000,2,1000,1000,1,38195.7231,0.0000,0.9007,5264.8947,0.0000,0.1121,6.5075,0.0000,0.0118,43467.1252,0.0000,1.0246,43467.1250,24,0
84930.0000,8493,2003,2.7000,3,1000,1000,1,38201.4030,0.0000,0.9007,5266.0363,0.0000,0.1121,6.5067,0.0000,0.0118,43473.9460,0.0000,1.0246,43473.9453,24,0
84940.0000,8494,1999,2.7000,0,999,1000,1,38202.6225,0.0000,0.9006,5266.8543,0.0000,0.1121,6.5059,0.0000,0.0118,43475.9828,0.0000,1.0245,43475.9844,24,0
84950.0000,8495,2001,2.7000,1,1000,1000,1,38207.3065,0.0000,0.9006,5266.5165,0.0000,0.1121,6.5052,0.0000,0.0118,43480.3282,0.0000,1.0246,43480.3281,24,0
84960.0000,8496,2000,2.7000,3,997,1000,1,38213.9637,0.0000,0.9006,5267.6764,0.0000,0.1121,6.5044,0.0000,0.0118,43488.1445,0.0000,1.0246,43488.1445,24,0
84970.0000,8497,2002,2.7000,2,1000,1000,1,38219.2157,0.0000,0.9007,5267.5055,0.0000,0.1121,6.5036,0.0000,0.0118,43493.2248,0.0000,1.0246,43493.2266,24,0
84980.0000,8498,2003,2.7000,3,1000,1000,1,38223.9878,0.0000,0.9006,5268.7684,0.0000,0.1122,6.5029,0.0000,0.0118,43499.2591,0.0000,1.0246,43499.2578,24,0
84990.0000,8499,2013,2.7000,13,1000,1000,1,38228.2538,0.0000,0.9007,5268.1485,0.0000,0.1122,6.5021,0.0000,0.0118,43502.9044,0.0000,1.0247,43502.9062,25,0
85000.0000,8500,2014,2.7000,14,1000,1000,1,38232.9800,0.0000,0.9007,5267.5287,0.0000,0.1122,6.5013,0.0000,0.0118,43507.0101,0.0000,1.0247,43507.0117,25,0
85010.0000,8501,2013,2.7000,13,1000,1000,1,38237.0185,0.0000,0.9008,5266.9091,0.0000,0.1121,6.5006,0.0000,0.0118,43510.4282,0.0000,1.0247,43510.4297,25,0
85020.0000,8502,2017,2.7000,17,1000,1000,1,38241.8515,0.0000,0.9008,5266.2896,0.0000,0.1121,6.4998,0.0000,0.0118,43514.6409,0.0000,1.0248,43514.6406,25,0
85030.0000,8503,2017,2.7000,17,1000,1000,1,38246.4712,0.0000,0.9008,5265.6702,0.0000,0.1121,6.4991,0.0000,0.0118,43518.6405,0.0000,1.0247,43518.6406,25,0
85040.0000,8504,2011,2.7000,11,1000,1000,1,38250.6116,0.0000,0.9008,5265.0510,0.0000,0.1121,6.4983,0.0000,0.0118,43522.1610,0.0000,1.0247,43522.1602,25,0
85050.0000,8505,2020,2.7000,20,1000,1000,1,38255.6469,0.0000,0.9008,5264.4320,0.0000,0.1121,6.4975,0.0000,0.0118,43526.5765,0.0000,1.0247,43526.5781,25,0
85060.0000,8506,2021,2.7000,21,1000,1000,1,38257.4755,0.0000,0.9008,5263.8131,0.0000,0.1121,6.4968,0.0000,0.0118,43527.7853,0.0000,1.0247,43527.7852,26,0
85070.0000,8507,2025,2.7000,25,1000,1000,1,38263.7283,0.0000,0.9008,5263.1943,0.0000,0.1121,6.4960,0.0000,0.0118,43533.4186,0.0000,1.0247,43533.4180,26,0
85080.0000,8508,2023,2.7000,23,1000,1000,1,38268.8709,0.0000,0.9009,5262.5757,0.0000,0.1120,6.4952,0.0000,0.0118,43537.9419,0.0000,1.0247,43537.9414,26,0
85090.0000,8509,2023,2.7000,23,1000,1000,1,38273.6088,0.0000,0.9009,5261.9572,0.0000,0.1120,6.4945,0.0000,0.0118,43542.0605,0.0000,1.0247,43542.0586,26,0
85100.0000,8510,2014,2.7000,14,1000,1000,1,38278.0595,0.0000,0.9008,5261.3389,0.0000,0.1120,6.4937,0.0000,0.0118,43545.8922,0.0000,1.0247,43545.8906,25,0
85110.0000,8511,2020,2.7000,20,1000,1000,1,38282.5054,0.0000,0.9010,5260.7207,0.0000,0.1120,6.4929,0.0000,0.0118,43549.7191,0.0000,1.0248,43549.7188,25,0
85120.0000,8512,2020,2.7000,20,1000,1000,1,38286.9186,0.0000,0.9010,5260.1027,0.0000,0.1120,6.4922,0.0000,0.0118,43553.5135,0.0000,1.0248,43553.5117,25,0
85130.0000,8513,2019,2.7000,19,1000,1000,1,38291.6771,0.0000,0.9010,5259.4848,0.0000,0.1120,6.4914,0.0000,0.0118,43557.6534,0.0000,1.0248,43557.6523,25,0
85140.0000,8514,2015,2.7000,15,1000,1000,1,38295.0746,0.0000,0.9009,5258.8671,0.0000,0.1120,6.4907,0.0000,0.0118,43560.4323,0.0000,1.0247,43560.4336,25,0
85150.0000,8515,2012,2.7000,12,1000,1000,1,38295.6275,0.0000,0.9009,5258.2495,0.0000,0.1120,6.4899,0.0000,0.0118,43560.3669,0.0000,1.0246,43560.3672,25,0
85160.0000,8516,2019,2.7000,19,1000,1000,1,38305.2736,0.0000,0.9010,5257.6320,0.0000,0.1119,6.4891,0.0000,0.0118,43569.3948,0.0000,1.0247,43569.3945,25,0
85170.0000,8517,2014,2.7000,14,1000,1000,1,38309.0873,0.0000,0.9010,5257.0147,0.0000,0.1119,6.4884,0.0000,0.0118,43572.5903,0.0000,1.0247,43572.5898,25,0
85180.0000,8518,2001,2.7000,1,1000,1000,1,38310.3329,0.0000,0.9009,5256.3975,0.0000,0.1119,6.4876,0.0000,0.0118,43573.2181,0.0000,1.0246,43573.2188,24,0
85190.0000,8519,2000,2.7000,2,998,1000,1,38318.4434,0.0000,0.9009,5255.7805,0.0000,0.1119,6.4868,0.0000,0.0118,43580.7108,0.0000,1.0246,43580.7109,24,0
85200.0000,8520,2009,2.7000,9,1000,1000,1,38322.3828,0.0000,0.9009,5278.9521,0.0000,0.1119,6.4861,0.0000,0.0118,43607.8210,0.0000,1.0246,43607.8203,25,0
85210.0000,8521,2005,2.7000,5,1000,1000,1,38327.7917,0.0000,0.9009,5278.3326,0.0000,0.1119,6.4853,0.0000,0.0118,43612.6096,0.0000,1.0246,43612.6094,24,0
85220.0000,8522,2005,2.7000,5,1000,1000,1,38331.9961,0.0000,0.9009,5277.7132,0.0000,0.1119,6.4846,0.0000,0.0118,43616.1939,0.0000,1.0246,43616.1953,24,0
85230.0000,8523,2000,2.7000,0,1000,1000,1,38334.9293,0.0000,0.9009,5281.4385,0.0000,0.1119,6.4838,0.0000,0.0118,43622.8516,0.0000,1.0246,43622.8516,24,0
85240.0000,8524,2001,2.7000,1,1000,1000,1,38340.6973,0.0000,0.9009,5281.2263,0.0000,0.1119,6.4830,0.0000,0.0118,43628.4066,0.0000,1.0246,43628.4062,24,0
85250.0000,8525,1999,2.7000,0,999,1000,1,38345.7099,0.0000,0.9009,5282.2933,0.0000,0.1119,6.4823,0.0000,0.0118,43634.4855,0.0000,1.0246,43634.4844,24,0
85260.0000,8526,2003,2.7000,3,1000,1000,1,38347.8783,0.0000,0.9009,5281.9453,0.0000,0.1119,6.4815,0.0000,0.0118,43636.3051,0.0000,1.0246,43636.3047,24,0
85270.0000,8527,2017,2.7000,17,1000,1000,1,38354.5010,0.0000,0.9010,5281.3258,0.0000,0.1119,6.4808,0.0000,0.0118,43642.3076,0.0000,1.0247,43642.3086,25,0
85280.0000,8528,2013,2.7000,13,1000,1000,1,38357.0725,0.0000,0.9010,5280.7065,0.0000,0.1119,6.4800,0.0000,0.0118,43644.2590,0.0000,1.0246,43644.2578,25,0
85290.0000,8529,2006,2.7000,6,1000,1000,1,38363.2321,0.0000,0.9009,5280.0874,0.0000,0.1119,6.4792,0.0000,0.0118,43649.7988,0.0000,1.0246,43649.7969,25,0
85300.0000,8530,2004,2.7000,4,1000,1000,1,38365.8892,0.0000,0.9010,5279.4684,0.0000,0.1119,6.4785,0.0000,0.0118,43651.8361,0.0000,1.0246,43651.8359,24,0
85310.0000,8531,2002,2.7000,2,1000,1000,1,38371.8700,0.0000,0.9009,5285.0617,0.0000,0.1119,6.4777,0.0000,0.0118,43663.4094,0.0000,1.0246,43663.4102,24,0
85320.0000,8532,2000,2.7000,3,997,1000,1,38377.2244,0.0000,0.9009,5285.6023,0.0000,0.1119,6.4770,0.0000,0.0118,43669.3037,0.0000,1.0246,43669.3047,24,0
85330.0000,8533,1993,2.7000,1,992,1000,1,38381.5538,0.0000,0.9009,5286.3313,0.0000,0.1119,6.4762,0.0000,0.0118,43674.3613,0.0000,1.0246,43674.3594,24,0
85340.0000,8534,2004,2.7000,4,1000,1000,1,38384.9878,0.0000,0.9009,5286.8833,0.0000,0.1120,6.4754,0.0000,0.0118,43678.3466,0.0000,1.0247,43678.3477,24,0
85350.0000,8535,2001,2.7000,1,1000,1000,1,38390.0551,0.0000,0.9009,5286.2638,0.0000,0.1120,6.4747,0.0000,0.0118,43682.7936,0.0000,1.0246,43682.7930,24,0
85360.0000,8536,2000,2.7000,0,1000,1000,1,38394.0811,0.0000,0.9009,5285.6445,0.0000,0.1120,6.4739,0.0000,0.0118,43686.1996,0.0000,1.0246,43686.1992,24,0
85370.0000,8537,1999,2.7000,0,999,1000,1,38393.8283,0.0000,0.9008,5288.2046,0.0000,0.1120,6.4732,0.0000,0.0117,43688.5060,0.0000,1.0246,43688.5078,24,0
85380.0000,8538,2006,2.7000,6,1000,1000,1,38404.3906,0.0000,0.9009,5288.3082,0.0000,0.1120,6.4724,0.0000,0.0117,43699.1712,0.0000,1.0247,43699.1719,25,0
85390.0000,8539,2015,2.7000,15,1000,1000,1,38408.8649,0.0000,0.9010,5287.6889,0.0000,0.1120,6.4717,0.0000,0.0117,43703.0255,0.0000,1.0248,43703.0273,25,0
85400.0000,8540,2015,2.7000,15,1000,1000,1,38413.4041,0.0000,0.9010,5287.0697,0.0000,0.1120,6.4709,0.0000,0.0117,43706.9447,0.0000,1.0248,43706.9453,25,0
85410.0000,8541,2005,2.7000,5,1000,1000,1,38416.9612,0.0000,0.9009,5286.4507,0.0000,0.1120,6.4701,0.0000,0.0117,43709.8820,0.0000,1.0247,43709.8828,24,0
85420.0000,8542,2006,2.7000,6,1000,1000,1,38420.9141,0.0000,0.9009,5285.8318,0.0000,0.1120,6.4694,0.0000,0.0117,43713.2153,0.0000,1.0247,43713.2148,25,0
85430.0000,8543,2007,2.7000,7,1000,1000,1,38427.0743,0.0000,0.9009,5285.2131,0.0000,0.1120,6.4686,0.0000,0.0117,43718.7560,0.0000,1.0247,43718.7578,25,0
85440.0000,8544,2006,2.7000,6,1000,1000,1,38430.2957,0.0000,0.9009,5284.5945,0.0000,0.1120,6.4679,0.0000,0.0117,43721.3581,0.0000,1.0246,43721.3594,25,0
85450.0000,8545,2008,2.7000,8,1000,1000,1,38435.5349,0.0000,0.9010,5283.9761,0.0000,0.1119,6.4671,0.0000,0.0117,43725.9781,0.0000,1.0247,43725.9766,25,0
85460.0000,8546,2003,2.7000,3,1000,1000,1,38438.2066,0.0000,0.9010,5283.3578,0.0000,0.1119,6.4663,0.0000,0.0117,43728.0307,0.0000,1.0246,43728.0312,24,0
85470.0000,8547,2003,2.7000,3,1000,1000,1,38444.0239,0.0000,0.9009,5282.7396,0.0000,0.1119,6.4656,0.0000,0.0117,43733.2292,0.0000,1.0246,43733.2305,24,0
85480.0000,8548,2005,2.7000,5,1000,1000,1,38447.6315,0.0000,0.9009,5282.1216,0.0000,0.1119,6.4648,0.0000,0.0117,43736.2179,0.0000,1.0246,43736.2188,24,0
85490.0000,8549,2003,2.7000,3,1000,1000,1,38453.4133,0.0000,0.9009,5281.5037,0.0000,0.1119,6.4641,0.0000,0.0117,43741.3811,0.0000,1.0246,43741.3828,24,0
85500.0000,8550,2000,2.7000,1,999,1000,1,38457.5784,0.0000,0.9009,5294.8924,0.0000,0.1119,6.4633,0.0000,0.0117,43758.9342,0.0000,1.0246,43758.9336,24,0
85510.0000,8551,2000,2.7000,0,1000,1000,1,38461.7440,0.0000,0.9009,5294.8081,0.0000,0.1120,6.4626,0.0000,0.0117,43763.0147,0.0000,1.0245,43763.0156,24,0
85520.0000,8552,2001,2.7000,1,1000,1000,1,38465.0355,0.0000,0.9008,5294.1889,0.0000,0.1120,6.4618,0.0000,0.0117,43765.6863,0.0000,1.0245,43765.6875,24,0
85530.0000,8553,2003,2.7000,3,1000,1000,1,38470.7308,0.0000,0.9008,5296.4194,0.0000,0.1119,6.4611,0.0000,0.0117,43773.6112,0.0000,1.0245,43773.6094,24,0
85540.0000,8554,2003,2.7000,3,1000,1000,1,38476.2048,0.0000,0.9008,5295.8002,0.0000,0.1119,6.4603,0.0000,0.0117,43778.4653,0.0000,1.0244,43778.4648,24,0
85550.0000,8555,2003,2.7000,3,1000,1000,1,38480.8476,0.0000,0.9007,5295.1811,0.0000,0.1119,6.4595,0.0000,0.0117,43782.4883,0.0000,1.0244,43782.4883,24,0
85560.0000,8556,1999,2.7000,2,997,1000,1,38485.6375,0.0000,0.9007,5297.6859,0.0000,0.1119,6.4588,0.0000,0.0117,43789.7822,0.0000,1.0244,43789.7812,24,0
85570.0000,8557,2004,2.7000,4,1000,1000,1,38489.3453,0.0000,0.9007,5298.2212,0.0000,0.1120,6.4580,0.0000,0.0117,43794.0246,0.0000,1.0244,43794.0234,24,0
85580.0000,8558,2005,2.7000,5,1000,1000,1,38494.2379,0.0000,0.9008,5297.6021,0.0000,0.1120,6.4573,0.0000,0.0117,43798.2973,0.0000,1.0245,43798.2969,24,0
85590.0000,8559,2010,2.7000,10,1000,1000,1,38499.1518,0.0000,0.9008,5296.9831,0.0000,0.1119,6.4565,0.0000,0.0117,43802.5915,0.0000,1.0245,43802.5898,25,0
85600.0000,8560,2018,2.7000,18,1000,1000,1,38503.4387,0.0000,0.9009,5296.3643,0.0000,0.1119,6.4558,0.0000,0.0117,43806.2588,0.0000,1.0245,43806.2578,25,0
85610.0000,8561,2014,2.7000,14,1000,1000,1,38508.1724,0.0000,0.9008,5295.7457,0.0000,0.1119,6.4550,0.0000,0.0117,43810.3731,0.0000,1.0245,43810.3750,25,0
85620.0000,8562,2005,2.7000,5,1000,1000,1,38508.7221,0.0000,0.9008,5295.1272,0.0000,0.1119,6.4543,0.0000,0.0117,43810.3036,0.0000,1.0244,43810.3047,24,0
85630.0000,8563,1997,2.7000,0,997,1000,1,38515.0950,0.0000,0.9008,5301.2218,0.0000,0.1119,6.4535,0.0000,0.0117,43822.7704,0.0000,1.0244,43822.7695,24,0
85640.0000,8564,2002,2.7000,2,1000,1000,1,38521.5355,0.0000,0.9008,5301.8493,0.0000,0.1119,6.4528,0.0000,0.0117,43829.8376,0.0000,1.0245,43829.8359,24,0
85650.0000,8565,1999,2.7000,1,998,1000,1,38525.9926,0.0000,0.9008,5302.3910,0.0000,0.1120,6.4520,0.0000,0.0117,43834.8357,0.0000,1.0244,43834.8359,24,0
85660.0000,8566,2000,2.7000,0,1000,1000,1,38528.0332,0.0000,0.9007,5302.3675,0.0000,0.1120,6.4513,0.0000,0.0117,43836.8520,0.0000,1.0244,43836.8516,24,0
85670.0000,8567,2000,2.7000,1,999,1000,1,38534.9498,0.0000,0.9007,5302.9087,0.0000,0.1120,6.4505,0.0000,0.0117,43844.3090,0.0000,1.0245,43844.3086,24,0
85680.0000,8568,2000,2.7000,0,1000,1000,1,38539.0154,0.0000,0.9006,5303.7295,0.0000,0.1121,6.4497,0.0000,0.0117,43849.1947,0.0000,1.0244,43849.1953,24,0
85690.0000,8569,2014,2.7000,14,1000,1000,1,38544.2791,0.0000,0.9008,5303.1106,0.0000,0.1121,6.4490,0.0000,0.0117,43853.8387,0.0000,1.0245,43853.8398,25,0
85700.0000,8570,2013,2.7000,13,1000,1000,1,38547.5929,0.0000,0.9008,5302.4918,0.0000,0.1121,6.4482,0.0000,0.0117,43856.5329,0.0000,1.0245,43856.5312,25,0
85710.0000,8571,2016,2.7000,16,1000,1000,1,38552.6775,0.0000,0.9008,5301.8731,0.0000,0.1120,6.4475,0.0000,0.0117,43860.9981,0.0000,1.0246,43861.0000,25,0
85720.0000,8572,2022,2.7000,22,1000,1000,1,38557.8415,0.0000,0.9009,5301.2546,0.0000,0.1120,6.4467,0.0000,0.0117,43865.5428,0.0000,1.0247,43865.5430,26,0
85730.0000,8573,2020,2.7000,20,1000,1000,1,38560.2369,0.0000,0.9009,5300.6362,0.0000,0.1120,6.4460,0.0000,0.0117,43867.3191,0.0000,1.0246,43867.3203,25,0
85740.0000,8574,2014,2.7000,14,1000,1000,1,38566.2498,0.0000,0.9009,5300.0180,0.0000,0.1120,6.4452,0.0000,0.0117,43872.7131,0.0000,1.0246,43872.7148,25,0
85750.0000,8575,2014,2.7000,14,1000,1000,1,38570.7260,0.0000,0.9008,5299.3999,0.0000,0.1120,6.4445,0.0000,0.0117,43876.5704,0.0000,1.0245,43876.5703,25,0
85760.0000,8576,2010,2.7000,10,1000,1000,1,38575.0137,0.0000,0.9008,5298.7820,0.0000,0.1120,6.4437,0.0000,0.0117,43880.2395,0.0000,1.0244,43880.2383,25,0
85770.0000,8577,2008,2.7000,8,1000,1000,1,38580.2899,0.0000,0.9008,5298.1642,0.0000,0.1120,6.4430,0.0000,0.0117,43884.8971,0.0000,1.0244,43884.8984,25,0
85780.0000,8578,1999,2.7000,1,998,1000,1,38583.8349,0.0000,0.9007,5297.5466,0.0000,0.1119,6.4422,0.0000,0.0117,43887.8237,0.0000,1.0244,43887.8242,24,0
85790.0000,8579,2003,2.7000,3,1000,1000,1,38588.8927,0.0000,0.9007,5308.6306,0.0000,0.1120,6.4415,0.0000,0.0117,43903.9647,0.0000,1.0244,43903.9648,24,0
85800.0000,8580,2001,2.7000,1,1000,1000,1,38592.1934,0.0000,0.9007,5309.4672,0.0000,0.1120,6.4407,0.0000,0.0117,43908.1014,0.0000,1.0244,43908.1016,24,0
85810.0000,8581,2004,2.7000,4,1000,1000,1,38597.8801,0.0000,0.9007,5308.8484,0.0000,0.1120,6.4400,0.0000,0.0117,43913.1685,0.0000,1.0243,43913.1680,24,0
85820.0000,8582,2000,2.7000,0,1000,1000,1,38598.8838,0.0000,0.9007,5310.8284,0.0000,0.1120,6.4392,0.0000,0.0117,43916.1514,0.0000,1.0243,43916.1523,24,0
85830.0000,8583,2004,2.7000,4,1000,1000,1,38606.6052,0.0000,0.9006,5310.7342,0.0000,0.1120,6.4385,0.0000,0.0117,43923.7779,0.0000,1.0243,43923.7773,24,0
85840.0000,8584,2004,2.7000,4,1000,1000,1,38611.6546,0.0000,0.9007,5310.1156,0.0000,0.1120,6.4377,0.0000,0.0117,43928.2079,0.0000,1.0243,43928.2070,24,0
85850.0000,8585,2003,2.7000,3,1000,1000,1,38616.4705,0.0000,0.9007,5309.4970,0.0000,0.1120,6.4370,0.0000,0.0117,43932.4045,0.0000,1.0243,43932.4062,24,0
85860.0000,8586,2005,2.7000,5,1000,1000,1,38620.0135,0.0000,0.9007,5308.8786,0.0000,0.1119,6.4362,0.0000,0.0117,43935.3283,0.0000,1.0243,43935.3281,24,0
85870.0000,8587,2003,2.7000,3,1000,1000,1,38625.1381,0.0000,0.9007,5308.2604,0.0000,0.1119,6.4355,0.0000,0.0117,43939.8340,0.0000,1.0243,43939.8320,24,0
85880.0000,8588,2000,2.7000,0,1000,1000,1,38628.4591,0.0000,0.9007,5313.6676,0.0000,0.1120,6.4347,0.0000,0.0117,43948.5615,0.0000,1.0243,43948.5625,24,0
85890.0000,8589,1994,2.7000,1,993,1000,1,38634.0373,0.0000,0.9006,5314.4549,0.0000,0.1120,6.4340,0.0000,0.0117,43954.9262,0.0000,1.0243,43954.9258,24,0
85900.0000,8590,1998,2.7000,0,998,1000,1,38636.6422,0.0000,0.9006,5314.7336,0.0000,0.1121,6.4332,0.0000,0.0117,43957.8090,0.0000,1.0243,43957.8086,24,0
85910.0000,8591,2001,2.7000,1,1000,1000,1,38643.4042,0.0000,0.9005,5315.4546,0.0000,0.1122,6.4325,0.0000,0.0117,43965.2913,0.0000,1.0244,43965.2930,24,0
85920.0000,8592,1999,2.7000,1,998,1000,1,38648.0647,0.0000,0.9005,5315.7751,0.0000,0.1122,6.4317,0.0000,0.0117,43970.2715,0.0000,1.0244,43970.2734,24,0
85930.0000,8593,2005,2.7000,5,1000,1000,1,38652.5363,0.0000,0.9006,5315.4707,0.0000,0.1122,6.4310,0.0000,0.0117,43974.4380,0.0000,1.0245,43974.4375,24,0
85940.0000,8594,2002,2.7000,2,1000,1000,1,38656.9514,0.0000,0.9006,5314.8522,0.0000,0.1122,6.4302,0.0000,0.0117,43978.2338,0.0000,1.0244,43978.2344,24,0
85950.0000,8595,2001,2.7000,1,1000,1000,1,38661.6024,0.0000,0.9006,5317.0174,0.0000,0.1122,6.4295,0.0000,0.0117,43985.0493,0.0000,1.0244,43985.0508,24,0
85960.0000,8596,2008,2.7000,8,1000,1000,1,38665.6633,0.0000,0.9006,5316.3989,0.0000,0.1122,6.4287,0.0000,0.0117,43988.4909,0.0000,1.0245,43988.4922,25,0
85970.0000,8597,2003,2.7000,3,1000,1000,1,38670.1417,0.0000,0.9006,5315.7805,0.0000,0.1122,6.4280,0.0000,0.0117,43992.3502,0.0000,1.0244,43992.3516,24,0
85980.0000,8598,2002,2.7000,2,1000,1000,1,38670.3124,0.0000,0.9006,5315.1622,0.0000,0.1122,6.4272,0.0000,0.0117,43991.9019,0.0000,1.0244,43991.9023,24,0
85990.0000,8599,2001,2.7000,2,999,1000,1,38678.5414,0.0000,0.9005,5314.5441,0.0000,0.1122,6.4265,0.0000,0.0117,43999.5120,0.0000,1.0243,43999.5117,24,0
86000.0000,8600,1999,2.7000,2,997,1000,1,38683.8078,0.0000,0.9005,5319.7631,0.0000,0.1122,6.4257,0.0000,0.0117,44009.9967,0.0000,1.0244,44009.9961,24,0
86010.0000,8601,2015,2.7000,15,1000,1000,1,38688.5136,0.0000,0.9006,5319.5688,0.0000,0.1122,6.4250,0.0000,0.0117,44014.5074,0.0000,1.0245,44014.5078,25,0
86020.0000,8602,2015,2.7000,15,1000,1000,1,38693.1105,0.0000,0.9006,5318.9504,0.0000,0.1122,6.4243,0.0000,0.0117,44018.4851,0.0000,1.0245,44018.4844,25,0
86030.0000,8603,2006,2.7000,6,1000,1000,1,38696.9252,0.0000,0.9006,5318.3321,0.0000,0.1122,6.4235,0.0000,0.0117,44021.6808,0.0000,1.0244,44021.6797,25,0
86040.0000,8604,2009,2.7000,9,1000,1000,1,38701.8975,0.0000,0.9006,5317.7140,0.0000,0.1122,6.4228,0.0000,0.0117,44026.0343,0.0000,1.0244,44026.0352,25,0
86050.0000,8605,2005,2.7000,5,1000,1000,1,38706.4829,0.0000,0.9006,5317.0960,0.0000,0.1122,6.4220,0.0000,0.0117,44030.0009,0.0000,1.0245,44030.0000,24,0
86060.0000,8606,2010,2.7000,10,1000,1000,1,38710.8318,0.0000,0.9006,5316.4782,0.0000,0.1122,6.4213,0.0000,0.0117,44033.7312,0.0000,1.0244,44033.7305,25,0
86070.0000,8607,2012,2.7000,12,1000,1000,1,38715.6423,0.0000,0.9006,5315.8605,0.0000,0.1122,6.4205,0.0000,0.0117,44037.9233,0.0000,1.0244,44037.9219,25,0
86080.0000,8608,2012,2.7000,12,1000,1000,1,38719.1896,0.0000,0.9007,5315.2429,0.0000,0.1122,6.4198,0.0000,0.0117,44040.8523,0.0000,1.0245,44040.8516,25,0
86090.0000,8609,2006,2.7000,6,1000,1000,1,38724.1940,0.0000,0.9006,5314.6255,0.0000,0.1121,6.4190,0.0000,0.0117,44045.2385,0.0000,1.0244,44045.2383,25,0
86100.0000,8610,2009,2.7000,9,1000,1000,1,38726.0162,0.0000,0.9006,5314.0083,0.0000,0.1121,6.4183,0.0000,0.0116,44046.4428,0.0000,1.0244,44046.4414,25,0
86110.0000,8611,2014,2.7000,14,1000,1000,1,38731.0857,0.0000,0.9006,5313.3912,0.0000,0.1121,6.4175,0.0000,0.0116,44050.8944,0.0000,1.0244,44050.8945,25,0
86120.0000,8612,2021,2.7000,21,1000,1000,1,38737.8243,0.0000,0.9007,5312.7742,0.0000,0.1121,6.4168,0.0000,0.0116,44057.0153,0.0000,1.0244,44057.0156,26,0
86130.0000,8613,2021,2.7000,21,1000,1000,1,38741.4964,0.0000,0.9007,5312.1574,0.0000,0.1121,6.4160,0.0000,0.0116,44060.0698,0.0000,1.0244,44060.0703,26,0
86140.0000,8614,2022,2.7000,22,1000,1000,1,38746.0685,0.0000,0.9007,5311.5407,0.0000,0.1121,6.4153,0.0000,0.0116,44064.0245,0.0000,1.0244,44064.0234,26,0
86150.0000,8615,2016,2.7000,16,1000,1000,1,38749.7445,0.0000,0.9007,5310.9241,0.0000,0.1121,6.4146,0.0000,0.0116,44067.0832,0.0000,1.0244,44067.0820,25,0
86160.0000,8616,2011,2.7000,11,1000,1000,1,38754.5843,0.0000,0.9006,5310.3077,0.0000,0.1120,6.4138,0.0000,0.0116,44071.3058,0.0000,1.0243,44071.3047,25,0
86170.0000,8617,2015,2.7000,15,1000,1000,1,38760.7267,0.0000,0.9006,5309.6915,0.0000,0.1120,6.4131,0.0000,0.0116,44076.8313,0.0000,1.0243,44076.8320,25,0
86180.0000,8618,2009,2.7000,9,1000,1000,1,38764.7149,0.0000,0.9007,5309.0753,0.0000,0.1120,6.4123,0.0000,0.0116,44080.2025,0.0000,1.0243,44080.2031,25,0
86190.0000,8619,2006,2.7000,6,1000,1000,1,38766.9097,0.0000,0.9006,5308.4594,0.0000,0.1120,6.4116,0.0000,0.0116,44081.7807,0.0000,1.0243,44081.7812,25,0
86200.0000,8620,2007,2.7000,7,1000,1000,1,38773.6013,0.0000,0.9006,5307.8435,0.0000,0.1120,6.4108,0.0000,0.0116,44087.8557,0.0000,1.0242,44087.8555,25,0
86210.0000,8621,2012,2.7000,12,1000,1000,1,38778.3263,0.0000,0.9006,5307.2278,0.0000,0.1120,6.4101,0.0000,0.0116,44091.9642,0.0000,1.0243,44091.9648,25,0
86220.0000,8622,2013,2.7000,13,1000,1000,1,38781.4093,0.0000,0.9006,5306.6123,0.0000,0.1120,6.4094,0.0000,0.0116,44094.4309,0.0000,1.0242,44094.4297,25,0
86230.0000,8623,2010,2.7000,10,1000,1000,1,38786.7688,0.0000,0.9006,5305.9969,0.0000,0.1120,6.4086,0.0000,0.0116,44099.1743,0.0000,1.0242,44099.1758,25,0
86240.0000,8624,2010,2.7000,10,1000,1000,1,38791.3233,0.0000,0.9006,5305.3816,0.0000,0.1119,6.4079,0.0000,0.0116,44103.1128,0.0000,1.0241,44103.1133,25,0
86250.0000,8625,2004,2.7000,4,1000,1000,1,38795.2770,0.0000,0.9006,5304.7665,0.0000,0.1119,6.4071,0.0000,0.0116,44106.4507,0.0000,1.0241,44106.4492,24,0
86260.0000,8626,2008,2.7000,8,1000,1000,1,38800.8297,0.0000,0.9006,5304.1516,0.0000,0.1119,6.4064,0.0000,0.0116,44111.3876,0.0000,1.0241,44111.3867,25,0
86270.0000,8627,2008,2.7000,8,1000,1000,1,38805.4906,0.0000,0.9006,5303.5367,0.0000,0.1119,6.4056,0.0000,0.0116,44115.4330,0.0000,1.0241,44115.4336,25,0
86280.0000,8628,2014,2.7000,14,1000,1000,1,38810.3641,0.0000,0.9007,5302.9220,0.0000,0.1119,6.4049,0.0000,0.0116,44119.6910,0.0000,1.0242,44119.6914,25,0
86290.0000,8629,2012,2.7000,12,1000,1000,1,38814.6936,0.0000,0.9007,5302.3075,0.0000,0.1119,6.4042,0.0000,0.0116,44123.4052,0.0000,1.0242,44123.4062,25,0
86300.0000,8630,2017,2.7000,17,1000,1000,1,38819.1510,0.0000,0.9007,5301.6931,0.0000,0.1119,6.4034,0.0000,0.0116,44127.2475,0.0000,1.0242,44127.2461,25,0
86310.0000,8631,2009,2.7000,9,1000,1000,1,38822.8071,0.0000,0.9006,5301.0788,0.0000,0.1119,6.4027,0.0000,0.0116,44130.2885,0.0000,1.0241,44130.2891,25,0
86320.0000,8632,2011,2.7000,11,1000,1000,1,38828.1858,0.0000,0.9007,5300.4647,0.0000,0.1118,6.4019,0.0000,0.0116,44135.0525,0.0000,1.0241,44135.0508,25,0
86330.0000,8633,2012,2.7000,12,1000,1000,1,38832.6092,0.0000,0.9007,5299.8507,0.0000,0.1118,6.4012,0.0000,0.0116,44138.8611,0.0000,1.0241,44138.8594,25,0
86340.0000,8634,2008,2.7000,8,1000,1000,1,38835.8614,0.0000,0.9007,5299.2369,0.0000,0.1118,6.4004,0.0000,0.0116,44141.4987,0.0000,1.0241,44141.5000,25,0
86350.0000,8635,2000,2.7000,0,1000,1000,1,38840.8907,0.0000,0.9006,5337.5451,0.0000,0.1118,6.3997,0.0000,0.0116,44184.8355,0.0000,1.0241,44184.8359,24,0
86360.0000,8636,1999,2.7000,2,997,1000,1,38846.1946,0.0000,0.9006,5337.5762,0.0000,0.1119,6.3990,0.0000,0.0116,44190.1697,0.0000,1.0241,44190.1680,24,0
86370.0000,8637,2002,2.7000,2,1000,1000,1,38850.7090,0.0000,0.9006,5337.7618,0.0000,0.1119,6.3982,0.0000,0.0116,44194.8691,0.0000,1.0241,44194.8672,24,0
86380.0000,8638,2001,2.7000,1,1000,1000,1,38854.9039,0.0000,0.9006,5338.5481,0.0000,0.1119,6.3975,0.0000,0.0116,44199.8495,0.0000,1.0241,44199.8477,24,0
86390.0000,8639,2000,2.7000,1,999,1000,1,38859.6194,0.0000,0.9006,5339.1919,0.0000,0.1119,6.3967,0.0000,0.0116,44205.2080,0.0000,1.0241,44205.2070,24,0
86400.0000,8640,2002,2.7000,2,1000,1000,1,38862.2822,0.0000,0.9006,5339.1345,0.0000,0.1119,6.3960,0.0000,0.0116,44207.8128,0.0000,1.0242,44207.8125,24,0
